465.77
473.83
481.96
490.15
498.37
506.60
514.82
523.00
531.12
539.16
547.09
554.89
562.55
570.02
577.30
584.37
591.19
597.76
604.05
610.04
615.71
621.05
626.05
630.69
634.94
638.81
642.28
645.34
647.98
650.19
651.96
653.30
654.19
654.64
472.83
481.16
489.56
498.01
506.49
514.98
523.44
531.87
540.23
548.50
556.66
564.68
572.55
580.23
587.71
594.96
601.97
608.71
615.16
621.30
627.12
632.60
637.72
642.47
646.84
650.80
654.36
657.49
660.19
662.45
664.27
665.64
666.56
667.01
480.50
489.11
497.80
506.53
515.29
524.05
532.79
541.47
550.09
558.61
567.02
575.27
583.37
591.27
598.96
606.41
613.61
620.54
627.16
633.47
639.45
645.07
650.33
655.20
659.68
663.75
667.39
670.61
673.38
675.70
677.56
678.97
679.90
680.37
488.75
497.67
506.66
515.69
524.74
533.79
542.81
551.78
560.67
569.45
578.11
586.62
594.95
603.09
611.00
618.67
626.08
633.20
640.01
646.49
652.63
658.41
663.81
668.82
673.42
677.59
681.33
684.63
687.48
689.86
691.77
693.21
694.18
694.66
497.54
506.79
516.10
525.44
534.81
544.16
553.48
562.74
571.91
580.98
589.91
598.68
607.27
615.65
623.80
631.69
639.31
646.64
653.64
660.31
666.63
672.57
678.12
683.26
687.98
692.27
696.12
699.51
702.43
704.88
706.84
708.32
709.31
709.80
506.87
516.45
526.09
535.77
545.45
555.12
564.75
574.32
583.79
593.15
602.36
611.40
620.26
628.89
637.29
645.42
653.27
660.80
668.01
674.88
681.37
687.48
693.19
698.48
703.33
707.74
711.69
715.18
718.18
720.69
722.71
724.23
725.25
725.75
516.68
526.61
536.60
546.62
556.64
566.64
576.60
586.48
596.26
605.92
615.42
624.75
633.88
642.78
651.43
659.81
667.89
675.65
683.07
690.13
696.81
703.10
708.97
714.41
719.40
723.93
728.00
731.58
734.66
737.25
739.32
740.89
741.93
742.45
526.96
537.26
547.60
557.97
568.34
578.68
588.97
599.18
609.28
619.24
629.05
638.67
648.08
657.26
666.17
674.80
683.12
691.11
698.75
706.02
712.90
719.36
725.40
731.00
736.13
740.80
744.97
748.65
751.83
754.48
756.62
758.23
759.30
759.83
537.68
548.34
559.05
569.78
580.51
591.20
601.83
612.37
622.80
633.09
643.20
653.13
662.83
672.28
681.47
690.35
698.92
707.15
715.01
722.49
729.57
736.22
742.44
748.19
753.47
758.27
762.57
766.35
769.61
772.35
774.54
776.19
777.30
777.85
548.80
559.84
570.92
582.03
593.11
604.16
615.14
626.03
636.79
647.40
657.84
668.07
678.06
687.80
697.26
706.42
715.24
723.71
731.80
739.50
746.78
753.63
760.02
765.94
771.37
776.30
780.72
784.61
787.97
790.78
793.04
794.73
795.87
796.43
560.28
571.71
583.18
594.66
606.12
617.53
628.87
640.10
651.20
662.15
672.90
683.45
693.75
703.78
713.52
722.95
732.03
740.74
749.07
756.99
764.48
771.52
778.10
784.19
789.77
794.85
799.39
803.39
806.84
809.73
812.05
813.80
814.96
815.54
572.12
583.94
595.79
607.65
619.49
631.27
642.97
654.55
666.00
677.28
688.36
699.22
709.83
720.16
730.19
739.89
749.24
758.21
766.77
774.92
782.62
789.87
796.63
802.89
808.63
813.85
818.52
822.63
826.18
829.15
831.53
833.33
834.52
835.12
584.26
596.48
608.72
620.97
633.18
645.34
657.40
669.35
681.14
692.76
704.18
715.36
726.28
736.91
747.23
757.21
766.82
776.05
784.86
793.24
801.16
808.60
815.55
821.99
827.89
833.25
838.05
842.28
845.93
848.98
851.43
853.28
854.51
855.12
596.67
609.29
621.94
634.57
647.17
659.70
672.13
684.44
696.59
708.55
720.30
731.81
743.05
753.98
764.60
774.86
784.74
794.23
803.28
811.90
820.04
827.69
834.83
841.45
847.51
853.02
857.96
862.30
866.05
869.19
871.71
873.60
874.87
875.50
609.34
622.37
635.41
648.43
661.42
674.32
687.13
699.80
712.30
724.62
736.70
748.54
760.09
771.34
782.25
792.79
802.95
812.70
822.01
830.85
839.22
847.08
854.42
861.22
867.45
873.11
878.18
882.65
886.49
889.72
892.31
894.25
895.55
896.20
622.23
635.65
649.09
662.51
675.89
689.17
702.35
715.39
728.25
740.91
753.34
765.50
777.38
788.93
800.14
810.98
821.41
831.42
840.98
850.07
858.66
866.74
874.28
881.26
887.66
893.47
898.68
903.27
907.22
910.53
913.19
915.19
916.53
917.20
635.30
649.13
662.97
676.79
690.54
704.21
717.77
731.17
744.39
757.40
770.17
782.66
794.86
806.73
818.24
829.36
840.08
850.36
860.18
869.51
878.33
886.62
894.36
901.53
908.10
914.07
919.42
924.13
928.19
931.59
934.32
936.38
937.75
938.44
648.53
662.77
677.01
691.22
705.36
719.41
733.34
747.11
760.69
774.05
787.16
799.99
812.51
824.69
836.50
847.92
858.92
869.47
879.55
889.12
898.18
906.69
914.63
921.99
928.74
934.87
940.36
945.19
949.36
952.86
955.66
957.77
959.18
959.88
661.89
676.53
691.17
705.77
720.30
734.74
749.04
763.17
777.11
790.82
804.27
817.44
830.28
842.78
854.90
866.62
877.90
888.72
899.06
908.88
918.17
926.90
935.05
942.60
949.53
955.82
961.46
966.42
970.70
974.29
977.17
979.34
980.78
981.51
675.35
690.39
705.43
720.42
735.34
750.15
764.82
779.33
793.62
807.69
821.48
834.98
848.15
860.97
873.39
885.40
896.97
908.07
918.67
928.75
938.27
947.23
955.59
963.34
970.45
976.90
982.69
987.78
992.18
995.86
998.81
1001.04
1002.52
1003.27
688.88
704.32
719.75
735.14
750.44
765.63
780.67
795.54
810.20
824.61
838.75
852.58
866.08
879.21
891.95
904.26
916.11
927.49
938.35
948.68
958.45
967.64
976.21
984.16
991.45
998.08
1004.01
1009.24
1013.75
1017.53
1020.56
1022.85
1024.37
1025.13
702.45
718.29
734.12
749.89
765.57
781.14
796.55
811.78
826.80
841.56
856.04
870.21
884.03
897.48
910.53
923.14
935.29
946.94
958.07
968.66
978.68
988.09
996.89
1005.03
1012.52
1019.31
1025.40
1030.77
1035.39
1039.27
1042.39
1044.73
1046.30
1047.08
716.04
732.28
748.49
764.65
780.71
796.65
812.43
828.03
843.39
858.51
873.33
887.83
901.99
915.75
929.11
942.02
954.46
966.40
977.80
988.65
998.91
1008.56
1017.58
1025.93
1033.60
1040.57
1046.82
1052.33
1057.08
1061.06
1064.26
1066.67
1068.27
1069.08
729.62
746.25
762.85
779.38
795.82
812.14
828.28
844.23
859.96
875.42
890.58
905.42
919.90
933.99
947.66
960.87
973.61
985.83
997.51
1008.62
1019.13
1029.02
1038.26
1046.82
1054.69
1061.84
1068.25
1073.90
1078.78
1082.87
1086.15
1088.62
1090.27
1091.10
743.17
760.18
777.16
794.07
810.89
827.56
844.08
860.38
876.46
892.27
907.77
922.94
937.75
952.16
966.14
979.66
992.69
1005.20
1017.16
1028.53
1039.30
1049.43
1058.90
1067.69
1075.75
1083.09
1089.66
1095.46
1100.47
1104.67
1108.04
1110.58
1112.27
1113.12
756.65
774.04
791.40
808.69
825.87
842.91
859.78
876.45
892.87
909.02
924.87
940.37
955.51
970.24
984.53
998.36
1011.69
1024.49
1036.72
1048.37
1059.40
1069.78
1079.48
1088.49
1096.76
1104.28
1111.03
1116.99
1122.13
1126.44
1129.90
1132.51
1134.25
1135.12
770.05
787.81
805.54
823.20
840.75
858.15
875.38
892.39
909.16
925.66
941.84
957.68
973.14
988.19
1002.80
1016.94
1030.57
1043.66
1056.18
1068.10
1079.40
1090.03
1099.97
1109.20
1117.69
1125.41
1132.34
1138.45
1143.73
1148.15
1151.71
1154.39
1156.19
1157.08
783.33
801.47
819.57
837.58
855.49
873.25
890.83
908.20
925.31
942.15
958.67
974.84
990.63
1006.00
1020.93
1035.37
1049.30
1062.69
1075.50
1087.71
1099.27
1110.16
1120.35
1129.81
1138.52
1146.44
1153.55
1159.83
1165.25
1169.80
1173.46
1176.22
1178.06
1178.98
796.48
814.99
833.44
851.82
870.08
888.19
906.12
923.83
941.29
958.46
975.32
991.82
1007.94
1023.63
1038.87
1053.63
1067.87
1081.56
1094.66
1107.15
1118.99
1130.14
1140.59
1150.29
1159.22
1167.36
1174.66
1181.11
1186.69
1191.37
1195.13
1197.97
1199.86
1200.81
809.48
828.34
847.15
865.88
884.49
902.95
921.22
939.27
957.07
974.58
991.77
1008.60
1025.04
1041.06
1056.62
1071.69
1086.24
1100.23
1113.64
1126.41
1138.53
1149.96
1160.67
1170.62
1179.79
1188.14
1195.64
1202.27
1208.01
1212.82
1216.70
1219.62
1221.57
1222.55
822.29
841.50
860.66
879.74
898.69
917.49
936.11
954.50
972.63
990.47
1007.99
1025.15
1041.92
1058.26
1074.14
1089.53
1104.39
1118.69
1132.40
1145.47
1157.88
1169.59
1180.56
1190.77
1200.19
1208.76
1216.48
1223.30
1229.21
1234.17
1238.16
1241.17
1243.19
1244.19
834.90
854.46
873.96
893.38
912.67
931.81
950.76
969.48
987.94
1006.12
1023.96
1041.45
1058.54
1075.21
1091.41
1107.12
1122.29
1136.91
1150.92
1164.29
1177.00
1189.00
1200.26
1210.73
1220.40
1229.22
1237.16
1244.18
1250.27
1255.38
1259.50
1262.61
1264.69
1265.73
847.29
867.18
887.02
906.77
926.40
945.86
965.14
984.19
1002.99
1021.49
1039.66
1057.47
1074.89
1091.88
1108.40
1124.43
1139.93
1154.85
1169.18
1182.87
1195.88
1208.17
1219.72
1230.48
1240.42
1249.49
1257.66
1264.90
1271.18
1276.46
1280.72
1283.93
1286.08
1287.16
859.44
879.66
899.82
919.90
939.85
959.64
979.24
998.62
1017.74
1036.56
1055.05
1073.19
1090.93
1108.24
1125.09
1141.44
1157.26
1172.51
1187.16
1201.16
1214.48
1227.09
1238.94
1249.99
1260.21
1269.55
1277.98
1285.45
1291.93
1297.39
1301.80
1305.12
1307.35
1308.47
871.32
891.86
912.34
932.74
953.01
973.12
993.04
1012.73
1032.17
1051.31
1070.12
1088.58
1106.64
1124.28
1141.45
1158.13
1174.27
1189.85
1204.82
1219.15
1232.80
1245.73
1257.89
1269.26
1279.77
1289.40
1298.09
1305.81
1312.52
1318.17
1322.74
1326.19
1328.50
1329.66
882.91
903.77
924.57
945.27
965.85
986.28
1006.51
1026.51
1046.26
1065.72
1084.85
1103.62
1122.01
1139.96
1157.46
1174.46
1190.94
1206.85
1222.15
1236.82
1250.80
1264.06
1276.56
1288.24
1299.08
1309.01
1317.99
1325.98
1332.93
1338.80
1343.55
1347.14
1349.54
1350.75
894.21
915.37
936.47
957.48
978.36
999.09
1019.63
1039.94
1059.99
1079.76
1099.21
1118.29
1136.99
1155.27
1173.10
1190.43
1207.23
1223.48
1239.13
1254.13
1268.46
1282.07
1294.91
1306.94
1318.11
1328.37
1337.67
1345.95
1353.17
1359.27
1364.22
1367.96
1370.48
1371.74
905.19
926.64
948.03
969.34
990.52
1011.54
1032.38
1052.99
1073.35
1093.42
1113.17
1132.57
1151.58
1170.18
1188.33
1205.99
1223.13
1239.72
1255.71
1271.07
1285.76
1299.73
1312.93
1325.32
1336.85
1347.47
1357.10
1365.71
1373.23
1379.60
1384.77
1388.69
1391.32
1392.64
915.82
937.56
959.24
980.83
1002.30
1023.61
1044.74
1065.64
1086.29
1106.66
1126.72
1146.42
1165.75
1184.67
1203.14
1221.13
1238.61
1255.54
1271.89
1287.61
1302.66
1317.01
1330.59
1343.37
1355.29
1366.28
1376.29
1385.25
1393.10
1399.77
1405.20
1409.32
1412.10
1413.49
926.11
948.12
970.07
991.94
1013.69
1035.28
1056.69
1077.88
1098.82
1119.48
1139.83
1159.84
1179.47
1198.70
1217.50
1235.82
1253.64
1270.92
1287.62
1303.72
1319.15
1333.89
1347.87
1361.06
1373.39
1384.79
1395.21
1404.57
1412.80
1419.81
1425.52
1429.88
1432.82
1434.30
936.02
958.30
980.52
1002.65
1024.67
1046.53
1068.21
1089.68
1110.90
1131.85
1152.49
1172.79
1192.73
1212.27
1231.38
1250.03
1268.19
1285.82
1302.89
1319.36
1335.19
1350.33
1364.74
1378.36
1391.13
1402.99
1413.86
1423.66
1432.31
1439.71
1445.77
1450.41
1453.55
1455.13
945.55
968.08
990.56
1012.95
1035.22
1057.35
1079.29
1101.02
1122.52
1143.74
1164.66
1185.26
1205.49
1225.34
1244.77
1263.74
1282.24
1300.23
1317.66
1334.52
1350.75
1366.31
1381.16
1395.24
1408.48
1420.83
1432.20
1442.51
1451.64
1459.50
1465.97
1470.94
1474.32
1476.03
954.68
977.45
1000.17
1022.81
1045.33
1067.71
1089.91
1111.90
1133.66
1155.15
1176.34
1197.22
1217.74
1237.89
1257.63
1276.93
1295.76
1314.10
1331.91
1349.15
1365.79
1381.79
1397.09
1411.66
1425.42
1438.30
1450.22
1461.09
1470.78
1479.18
1486.14
1491.53
1495.21
1497.09
963.39
986.39
1009.35
1032.22
1054.98
1077.60
1100.04
1122.28
1144.29
1166.04
1187.51
1208.65
1229.46
1249.90
1269.94
1289.56
1308.73
1327.41
1345.59
1363.23
1380.28
1396.73
1412.51
1427.58
1441.88
1455.35
1467.88
1479.38
1489.73
1498.76
1506.32
1512.22
1516.32
1518.44
971.67
994.90
1018.08
1041.18
1064.16
1087.01
1109.69
1132.16
1154.42
1176.41
1198.13
1219.54
1240.62
1261.35
1281.68
1301.61
1321.11
1340.14
1358.68
1376.71
1394.19
1411.08
1427.35
1442.96
1457.84
1471.92
1485.13
1497.36
1508.45
1518.24
1526.53
1533.07
1537.76
1540.36
979.52
1002.95
1026.34
1049.65
1072.85
1095.92
1118.82
1141.52
1164.01
1186.24
1208.20
1229.87
1251.21
1272.20
1292.83
1313.06
1332.87
1352.24
1371.15
1389.56
1407.46
1424.81
1441.58
1457.73
1473.21
1487.97
1501.92
1514.96
1526.93
1537.58
1546.80
1553.94
1559.42
1563.49
986.91
1010.54
1034.13
1057.64
1081.05
1104.32
1127.43
1150.34
1173.05
1195.51
1217.70
1239.61
1261.20
1282.46
1303.36
1323.88
1344.00
1363.70
1382.95
1401.75
1420.06
1437.86
1455.13
1471.84
1487.94
1503.40
1518.16
1532.13
1545.14
1556.61
1567.45
1574.39
1578.93
1581.31
993.84
1017.66
1041.43
1065.13
1088.73
1112.19
1135.50
1158.62
1181.53
1204.20
1226.62
1248.75
1270.58
1292.09
1313.25
1334.04
1354.46
1374.47
1394.07
1413.23
1431.94
1450.19
1467.95
1485.20
1501.94
1518.13
1533.77
1548.83
1563.40
1574.42
1582.78
1588.56
1592.18
1594.07
1000.30
1024.29
1048.23
1072.11
1095.88
1119.53
1143.02
1166.33
1189.43
1212.30
1234.93
1257.27
1279.33
1301.07
1322.47
1343.53
1364.23
1384.54
1404.46
1423.97
1443.07
1461.74
1479.97
1497.76
1515.11
1532.05
1548.64
1564.87
1577.45
1586.90
1593.79
1598.57
1601.49
1603.06
1006.27
1030.42
1054.53
1078.56
1102.50
1126.31
1149.98
1173.46
1196.74
1219.80
1242.62
1265.17
1287.43
1309.39
1331.02
1352.33
1373.28
1393.87
1414.10
1433.94
1453.40
1472.47
1491.15
1509.44
1527.36
1544.99
1562.80
1577.07
1587.90
1595.93
1601.68
1605.66
1608.05
1609.34
1011.76
1036.05
1060.30
1084.49
1108.58
1132.55
1156.36
1180.01
1203.46
1226.69
1249.68
1272.41
1294.87
1317.03
1338.88
1360.41
1381.60
1402.45
1422.96
1443.10
1462.89
1482.33
1501.41
1520.16
1538.56
1556.55
1573.67
1586.30
1595.65
1602.50
1607.35
1610.67
1612.66
1613.71
1016.74
1041.17
1065.55
1089.87
1114.10
1138.21
1162.17
1185.96
1209.56
1232.95
1256.10
1279.00
1301.63
1323.98
1346.02
1367.76
1389.17
1410.26
1431.01
1451.43
1471.52
1491.29
1510.74
1529.89
1548.77
1567.59
1582.27
1593.29
1601.41
1607.30
1611.42
1614.20
1615.88
1616.73
1021.22
1045.76
1070.27
1094.71
1119.07
1143.30
1167.39
1191.31
1215.05
1238.58
1261.87
1284.93
1307.71
1330.22
1352.44
1374.36
1395.98
1417.27
1438.25
1458.92
1479.27
1499.32
1519.09
1538.58
1557.67
1575.62
1588.80
1598.57
1605.69
1610.80
1614.33
1616.68
1618.09
1618.78
1025.19
1049.83
1074.45
1099.00
1123.46
1147.80
1172.01
1196.05
1219.91
1243.56
1266.99
1290.17
1313.10
1335.76
1358.13
1380.21
1402.00
1423.48
1444.66
1465.53
1486.12
1506.41
1526.45
1546.28
1566.23
1581.97
1593.81
1602.55
1608.87
1613.35
1616.41
1618.41
1619.60
1620.16
1028.63
1053.37
1078.08
1102.73
1127.28
1151.72
1176.03
1200.17
1224.13
1247.89
1271.43
1294.73
1317.78
1340.57
1363.07
1385.30
1407.23
1428.87
1450.22
1471.28
1492.05
1512.55
1532.76
1552.64
1572.16
1586.78
1597.62
1605.56
1611.23
1615.21
1617.88
1619.61
1620.62
1621.08
1031.56
1056.38
1081.16
1105.89
1130.52
1155.05
1179.44
1203.67
1227.72
1251.57
1275.20
1298.60
1321.75
1344.65
1367.27
1389.61
1411.67
1433.44
1454.93
1476.13
1497.07
1517.75
1538.17
1558.15
1576.82
1590.47
1600.51
1607.81
1612.97
1616.55
1618.92
1620.43
1621.30
1621.68
1033.96
1058.84
1083.69
1108.48
1133.18
1157.77
1182.23
1206.53
1230.65
1254.58
1278.29
1301.77
1325.01
1347.99
1370.70
1393.14
1415.30
1437.18
1458.78
1480.11
1501.17
1522.02
1542.73
1563.63
1580.51
1593.26
1602.66
1609.47
1614.23
1617.50
1619.64
1620.98
1621.74
1622.07
1035.83
1060.76
1085.66
1110.50
1135.25
1159.90
1184.41
1208.76
1232.94
1256.93
1280.70
1304.24
1327.55
1350.59
1373.38
1395.89
1418.13
1440.09
1461.77
1483.18
1504.34
1525.27
1546.06
1566.90
1583.08
1595.27
1604.21
1610.65
1615.12
1618.17
1620.13
1621.34
1622.02
1622.31
1037.16
1062.13
1087.07
1111.94
1136.73
1161.41
1185.96
1210.36
1234.58
1258.61
1282.42
1306.01
1329.36
1352.46
1375.29
1397.86
1420.15
1442.17
1463.91
1485.37
1506.57
1527.53
1548.29
1568.94
1584.78
1596.62
1605.25
1611.44
1615.71
1618.60
1620.44
1621.57
1622.19
1622.45
1037.97
1062.95
1087.91
1112.81
1137.62
1162.33
1186.90
1211.32
1235.56
1259.61
1283.46
1307.07
1330.45
1353.57
1376.44
1399.04
1421.37
1443.42
1465.19
1486.68
1507.91
1528.86
1549.58
1570.11
1585.75
1597.40
1605.85
1611.90
1616.05
1618.84
1620.62
1621.69
1622.28
1622.53
1038.23
1063.23
1088.19
1113.10
1137.92
1162.63
1187.21
1211.64
1235.89
1259.95
1283.80
1307.42
1330.81
1353.95
1376.82
1399.43
1421.77
1443.83
1465.61
1487.12
1508.35
1529.30
1550.00
1570.49
1586.07
1597.65
1606.05
1612.05
1616.16
1618.92
1620.67
1621.73
1622.31
1622.55
1037.96
1062.95
1087.91
1112.81
1137.62
1162.32
1186.90
1211.32
1235.56
1259.61
1283.45
1307.07
1330.45
1353.57
1376.44
1399.04
1421.36
1443.41
1465.19
1486.68
1507.90
1528.86
1549.58
1570.11
1585.75
1597.40
1605.85
1611.90
1616.05
1618.84
1620.62
1621.69
1622.28
1622.53
1037.16
1062.13
1087.06
1111.94
1136.73
1161.41
1185.96
1210.35
1234.57
1258.60
1282.42
1306.01
1329.35
1352.45
1375.29
1397.85
1420.15
1442.16
1463.90
1485.37
1506.57
1527.53
1548.28
1568.94
1584.77
1596.61
1605.25
1611.44
1615.71
1618.60
1620.44
1621.57
1622.19
1622.45
1035.82
1060.75
1085.65
1110.49
1135.25
1159.89
1184.40
1208.76
1232.94
1256.92
1280.69
1304.24
1327.54
1350.59
1373.37
1395.89
1418.12
1440.08
1461.77
1483.18
1504.33
1525.26
1546.05
1566.89
1583.07
1595.26
1604.20
1610.65
1615.12
1618.16
1620.13
1621.34
1622.02
1622.31
1033.95
1058.83
1083.68
1108.47
1133.17
1157.76
1182.22
1206.52
1230.64
1254.57
1278.28
1301.76
1325.00
1347.98
1370.69
1393.13
1415.29
1437.17
1458.77
1480.09
1501.16
1522.01
1542.72
1563.62
1580.50
1593.26
1602.65
1609.46
1614.23
1617.50
1619.64
1620.98
1621.74
1622.07
1031.55
1056.37
1081.15
1105.88
1130.51
1155.04
1179.42
1203.65
1227.70
1251.55
1275.19
1298.59
1321.74
1344.63
1367.25
1389.60
1411.65
1433.43
1454.91
1476.12
1497.06
1517.74
1538.15
1558.13
1576.80
1590.46
1600.50
1607.80
1612.96
1616.54
1618.91
1620.42
1621.30
1621.68
1028.62
1053.36
1078.07
1102.71
1127.27
1151.71
1176.01
1200.16
1224.12
1247.88
1271.41
1294.72
1317.76
1340.55
1363.06
1385.28
1407.21
1428.85
1450.20
1471.26
1492.03
1512.53
1532.74
1552.62
1572.14
1586.76
1597.60
1605.55
1611.22
1615.20
1617.87
1619.60
1620.62
1621.08
1025.17
1049.82
1074.44
1098.99
1123.45
1147.79
1171.99
1196.04
1219.89
1243.54
1266.97
1290.15
1313.08
1335.74
1358.11
1380.19
1401.98
1423.46
1444.63
1465.51
1486.09
1506.39
1526.42
1546.25
1566.21
1581.95
1593.79
1602.54
1608.86
1613.34
1616.40
1618.41
1619.60
1620.16
1021.20
1045.75
1070.26
1094.70
1119.05
1143.28
1167.37
1191.30
1215.03
1238.56
1261.85
1284.90
1307.69
1330.20
1352.42
1374.34
1395.95
1417.25
1438.23
1458.89
1479.24
1499.29
1519.06
1538.54
1557.64
1575.59
1588.78
1598.55
1605.67
1610.78
1614.32
1616.67
1618.09
1618.77
1016.72
1041.15
1065.54
1089.86
1114.08
1138.19
1162.15
1185.94
1209.54
1232.93
1256.08
1278.98
1301.61
1323.95
1346.00
1367.73
1389.14
1410.23
1430.98
1451.40
1471.49
1491.26
1510.71
1529.86
1548.73
1567.55
1582.24
1593.26
1601.39
1607.28
1611.40
1614.19
1615.86
1616.71
1011.74
1036.03
1060.28
1084.47
1108.56
1132.52
1156.34
1179.99
1203.44
1226.67
1249.66
1272.39
1294.84
1317.00
1338.85
1360.38
1381.57
1402.42
1422.92
1443.07
1462.85
1482.29
1501.37
1520.12
1538.52
1556.51
1573.63
1586.26
1595.62
1602.47
1607.33
1610.65
1612.65
1613.70
1006.25
1030.40
1054.51
1078.54
1102.48
1126.29
1149.95
1173.44
1196.72
1219.78
1242.59
1265.14
1287.40
1309.36
1330.99
1352.29
1373.25
1393.84
1414.06
1433.90
1453.36
1472.42
1491.10
1509.39
1527.32
1544.95
1562.75
1577.03
1587.86
1595.89
1601.65
1605.63
1608.03
1609.32
1000.28
1024.27
1048.21
1072.08
1095.86
1119.50
1142.99
1166.30
1189.40
1212.27
1234.90
1257.24
1279.30
1301.03
1322.44
1343.50
1364.19
1384.50
1404.42
1423.93
1443.02
1461.69
1479.93
1497.72
1515.06
1531.99
1548.59
1564.82
1577.40
1586.85
1593.75
1598.53
1601.46
1603.03
993.82
1017.63
1041.41
1065.10
1088.70
1112.16
1135.47
1158.59
1181.50
1204.17
1226.58
1248.72
1270.55
1292.05
1313.21
1334.00
1354.42
1374.43
1394.02
1413.19
1431.90
1450.14
1467.90
1485.15
1501.88
1518.07
1533.71
1548.77
1563.34
1574.36
1582.73
1588.51
1592.13
1594.03
986.89
1010.52
1034.10
1057.61
1081.02
1104.29
1127.40
1150.31
1173.01
1195.47
1217.67
1239.57
1261.16
1282.42
1303.32
1323.84
1343.95
1363.65
1382.91
1401.70
1420.01
1437.81
1455.08
1471.78
1487.88
1503.34
1518.10
1532.07
1545.07
1556.55
1567.38
1574.33
1578.88
1581.25
979.49
1002.93
1026.31
1049.62
1072.82
1095.89
1118.79
1141.49
1163.97
1186.21
1208.17
1229.83
1251.17
1272.16
1292.79
1313.02
1332.83
1352.20
1371.10
1389.51
1407.41
1424.76
1441.52
1457.67
1473.15
1487.90
1501.85
1514.89
1526.86
1537.51
1546.73
1553.88
1559.35
1563.42
971.65
994.87
1018.05
1041.15
1064.13
1086.98
1109.65
1132.13
1154.38
1176.38
1198.09
1219.50
1240.58
1261.30
1281.64
1301.57
1321.06
1340.09
1358.63
1376.66
1394.13
1411.02
1427.29
1442.89
1457.77
1471.86
1485.07
1497.29
1508.38
1518.17
1526.46
1533.00
1537.69
1540.28
963.36
986.36
1009.32
1032.19
1054.95
1077.57
1100.01
1122.25
1144.25
1166.00
1187.47
1208.61
1229.42
1249.85
1269.89
1289.51
1308.68
1327.36
1345.54
1363.17
1380.23
1396.67
1412.45
1427.52
1441.82
1455.28
1467.81
1479.31
1489.65
1498.68
1506.24
1512.15
1516.25
1518.37
954.64
977.42
1000.14
1022.78
1045.30
1067.67
1089.87
1111.86
1133.61
1155.10
1176.30
1197.17
1217.70
1237.84
1257.58
1276.88
1295.71
1314.05
1331.85
1349.09
1365.73
1381.72
1397.03
1411.59
1425.35
1438.23
1450.15
1461.01
1470.70
1479.10
1486.06
1491.44
1495.13
1497.00
945.52
968.05
990.52
1012.91
1035.18
1057.31
1079.25
1100.98
1122.47
1143.70
1164.62
1185.21
1205.44
1225.29
1244.71
1263.69
1282.19
1300.17
1317.60
1334.46
1350.68
1366.24
1381.09
1395.17
1408.41
1420.76
1432.13
1442.43
1451.56
1459.42
1465.88
1470.86
1474.24
1475.94
935.99
958.26
980.48
1002.62
1024.63
1046.49
1068.17
1089.63
1110.85
1131.80
1152.44
1172.74
1192.68
1212.22
1231.33
1249.98
1268.13
1285.76
1302.83
1319.30
1335.12
1350.26
1364.67
1378.28
1391.05
1402.91
1413.78
1423.58
1432.23
1439.63
1445.69
1450.33
1453.46
1455.04
926.07
948.08
970.04
991.90
1013.65
1035.24
1056.64
1077.83
1098.77
1119.43
1139.78
1159.79
1179.42
1198.65
1217.44
1235.76
1253.58
1270.86
1287.56
1303.65
1319.08
1333.82
1347.80
1360.98
1373.31
1384.72
1395.13
1404.49
1412.71
1419.72
1425.44
1429.80
1432.74
1434.21
915.79
937.52
959.20
980.79
1002.26
1023.57
1044.69
1065.59
1086.25
1106.61
1126.67
1146.37
1165.70
1184.61
1203.08
1221.07
1238.55
1255.48
1271.82
1287.54
1302.59
1316.94
1330.52
1343.30
1355.21
1366.20
1376.21
1385.17
1393.02
1399.68
1405.11
1409.23
1412.01
1413.40
905.15
926.60
947.99
969.29
990.47
1011.50
1032.33
1052.94
1073.30
1093.36
1113.11
1132.51
1151.53
1170.12
1188.27
1205.93
1223.07
1239.65
1255.64
1271.00
1285.69
1299.65
1312.86
1325.25
1336.77
1347.38
1357.02
1365.62
1373.14
1379.51
1384.68
1388.60
1391.23
1392.55
894.17
915.33
936.42
957.43
978.32
999.04
1019.58
1039.89
1059.94
1079.71
1099.15
1118.24
1136.93
1155.21
1173.03
1190.36
1207.17
1223.41
1239.06
1254.06
1268.39
1281.99
1294.83
1306.86
1318.03
1328.29
1337.58
1345.86
1353.08
1359.18
1364.13
1367.87
1370.39
1371.65
882.87
903.73
924.52
945.23
965.81
986.23
1006.46
1026.46
1046.21
1065.66
1084.79
1103.56
1121.95
1139.90
1157.40
1174.40
1190.87
1206.78
1222.08
1236.74
1250.73
1263.98
1276.48
1288.16
1298.99
1308.92
1317.91
1325.89
1332.84
1338.71
1343.45
1347.04
1349.45
1350.66
871.27
891.81
912.30
932.69
952.96
973.07
992.99
1012.68
1032.11
1051.25
1070.07
1088.52
1106.58
1124.21
1141.38
1158.06
1174.20
1189.78
1204.75
1219.08
1232.72
1245.65
1257.81
1269.17
1279.69
1289.31
1298.00
1305.72
1312.43
1318.08
1322.65
1326.10
1328.41
1329.57
859.39
879.61
899.78
919.85
939.80
959.59
979.19
998.56
1017.68
1036.50
1054.99
1073.13
1090.86
1108.17
1125.02
1141.37
1157.19
1172.44
1187.08
1201.08
1214.41
1227.01
1238.86
1249.91
1260.13
1269.46
1277.89
1285.36
1291.84
1297.30
1301.70
1305.03
1307.26
1308.37
847.25
867.14
886.97
906.72
926.34
945.81
965.09
984.14
1002.93
1021.42
1039.60
1057.41
1074.82
1091.81
1108.33
1124.36
1139.85
1154.78
1169.10
1182.79
1195.80
1208.09
1219.64
1230.40
1240.33
1249.40
1257.57
1264.81
1271.09
1276.37
1280.62
1283.83
1285.98
1287.06
834.86
854.41
873.91
893.33
912.62
931.75
950.70
969.42
987.88
1006.05
1023.90
1041.38
1058.47
1075.14
1091.34
1107.04
1122.22
1136.83
1150.84
1164.21
1176.92
1188.92
1200.17
1210.65
1220.31
1229.13
1237.07
1244.09
1250.17
1255.29
1259.41
1262.52
1264.59
1265.63
822.24
841.45
860.61
879.69
898.64
917.44
936.05
954.44
972.57
990.41
1007.93
1025.08
1041.85
1058.19
1074.07
1089.46
1104.32
1118.61
1132.32
1145.39
1157.79
1169.50
1180.48
1190.69
1200.10
1208.67
1216.39
1223.21
1229.11
1234.07
1238.07
1241.08
1243.09
1244.10
809.43
828.29
847.10
865.83
884.43
902.89
921.16
939.21
957.01
974.52
991.70
1008.53
1024.97
1040.99
1056.55
1071.62
1086.17
1100.16
1113.55
1126.33
1138.45
1149.88
1160.58
1170.53
1179.70
1188.04
1195.55
1202.18
1207.91
1212.73
1216.60
1219.52
1221.48
1222.45
796.43
814.94
833.39
851.77
870.02
888.13
906.06
923.77
941.23
958.40
975.25
991.75
1007.86
1023.56
1038.80
1053.56
1067.79
1081.48
1094.58
1107.07
1118.90
1130.06
1140.50
1150.20
1159.13
1167.26
1174.57
1181.02
1186.59
1191.27
1195.03
1197.87
1199.76
1200.71
783.28
801.42
819.51
837.53
855.43
873.19
890.77
908.13
925.25
942.08
958.60
974.77
990.55
1005.93
1020.85
1035.29
1049.23
1062.61
1075.42
1087.62
1099.18
1110.07
1120.26
1129.72
1138.43
1146.35
1153.46
1159.73
1165.16
1169.71
1173.37
1176.12
1177.96
1178.88
770.00
787.76
805.49
823.14
840.69
858.09
875.31
892.33
909.10
925.59
941.77
957.61
973.07
988.12
1002.73
1016.86
1030.49
1043.58
1056.10
1068.02
1079.31
1089.94
1099.88
1109.11
1117.60
1125.31
1132.24
1138.35
1143.63
1148.06
1151.62
1154.30
1156.09
1156.98
756.60
773.99
791.34
808.63
825.81
842.85
859.72
876.38
892.80
908.95
924.80
940.30
955.43
970.16
984.45
998.28
1011.61
1024.40
1036.64
1048.28
1059.31
1069.69
1079.39
1088.39
1096.67
1104.19
1110.94
1116.89
1122.03
1126.34
1129.80
1132.41
1134.15
1135.02
743.11
760.13
777.10
794.02
810.83
827.50
844.01
860.32
876.39
892.20
907.70
922.87
937.68
952.08
966.06
979.58
992.61
1005.11
1017.07
1028.44
1039.21
1049.34
1058.81
1067.59
1075.66
1082.99
1089.57
1095.37
1100.37
1104.57
1107.94
1110.48
1112.17
1113.02
729.57
746.19
762.79
779.33
795.76
812.07
828.22
844.17
859.89
875.35
890.51
905.35
919.82
933.91
947.58
960.79
973.52
985.74
997.42
1008.53
1019.04
1028.93
1038.17
1046.73
1054.60
1061.75
1068.15
1073.81
1078.68
1082.77
1086.05
1088.52
1090.17
1091.00
715.99
732.22
748.43
764.59
780.65
796.59
812.37
827.96
843.32
858.43
873.26
887.76
901.91
915.68
929.03
941.94
954.38
966.31
977.71
988.56
998.82
1008.47
1017.48
1025.84
1033.51
1040.48
1046.72
1052.23
1056.98
1060.96
1064.16
1066.56
1068.17
1068.97
702.40
718.24
734.06
749.83
765.51
781.08
796.49
811.72
826.73
841.49
855.97
870.13
883.96
897.41
910.45
923.06
935.20
946.85
957.99
968.57
978.58
988.00
996.79
1004.94
1012.42
1019.21
1025.30
1030.67
1035.29
1039.17
1042.29
1044.63
1046.20
1046.98
688.82
704.27
719.70
735.08
750.38
765.57
780.61
795.47
810.13
824.54
838.67
852.51
866.00
879.13
891.87
904.17
916.03
927.40
938.26
948.59
958.36
967.54
976.12
984.06
991.36
997.98
1003.91
1009.14
1013.65
1017.43
1020.46
1022.74
1024.27
1025.03
675.29
690.34
705.37
720.36
735.28
750.09
764.76
779.26
793.55
807.61
821.41
834.90
848.07
860.89
873.31
885.32
896.89
907.98
918.58
928.65
938.18
947.14
955.50
963.24
970.35
976.81
982.59
987.68
992.08
995.76
998.71
1000.94
1002.42
1003.16
661.83
676.48
691.11
705.71
720.24
734.67
748.97
763.10
777.04
790.75
804.20
817.36
830.20
842.70
854.82
866.53
877.81
888.63
898.97
908.79
918.08
926.81
934.96
942.51
949.44
955.72
961.36
966.32
970.60
974.19
977.07
979.23
980.68
981.40
648.48
662.71
676.95
691.16
705.30
719.35
733.27
747.04
760.62
773.97
787.08
799.91
812.43
824.61
836.42
847.84
858.83
869.38
879.46
889.03
898.08
906.59
914.54
921.89
928.64
934.77
940.26
945.09
949.26
952.75
955.56
957.67
959.08
959.78
635.25
649.08
662.91
676.73
690.48
704.15
717.70
731.10
744.32
757.32
770.09
782.59
794.78
806.65
818.16
829.28
839.99
850.27
860.09
869.42
878.24
886.53
894.26
901.43
908.01
913.97
919.32
924.03
928.09
931.49
934.22
936.27
937.65
938.33
622.17
635.60
649.04
662.45
675.82
689.11
702.29
715.32
728.18
740.84
753.26
765.42
777.30
788.85
800.06
810.89
821.32
831.33
840.89
849.98
858.57
866.64
874.18
881.16
887.56
893.38
898.58
903.17
907.12
910.43
913.09
915.09
916.42
917.09
609.29
622.31
635.35
648.37
661.35
674.26
687.06
699.73
712.23
724.54
736.63
748.46
760.01
771.26
782.16
792.71
802.87
812.61
821.92
830.76
839.13
846.99
854.32
861.12
867.35
873.01
878.08
882.54
886.39
889.62
892.20
894.15
895.45
896.10
596.62
609.24
621.88
634.51
647.11
659.64
672.07
684.37
696.52
708.48
720.23
731.73
742.97
753.90
764.51
774.77
784.66
794.14
803.19
811.80
819.94
827.59
834.73
841.35
847.42
852.92
857.86
862.20
865.95
869.08
871.60
873.50
874.76
875.40
584.20
596.42
608.67
620.91
633.12
645.27
657.33
669.28
681.07
692.69
704.10
715.28
726.20
736.83
747.15
757.13
766.74
775.96
784.77
793.14
801.06
808.51
815.46
821.89
827.79
833.15
837.95
842.18
845.83
848.88
851.33
853.17
854.41
855.02
572.06
583.88
595.74
607.59
619.43
631.20
642.90
654.49
665.93
677.21
688.29
699.15
709.75
720.08
730.11
739.81
749.15
758.12
766.68
774.83
782.53
789.77
796.53
802.79
808.53
813.75
818.42
822.53
826.08
829.04
831.43
833.22
834.42
835.02
560.23
571.66
583.13
594.60
606.06
617.47
628.80
640.03
651.13
662.08
672.83
683.37
693.67
703.70
713.44
722.86
731.94
740.66
748.98
756.90
764.39
771.43
778.00
784.09
789.68
794.75
799.29
803.29
806.74
809.63
811.95
813.69
814.86
815.44
548.74
559.79
570.87
581.97
593.05
604.10
615.08
625.96
636.72
647.33
657.76
667.99
677.99
687.72
697.18
706.33
715.15
723.62
731.72
739.41
746.69
753.53
759.92
765.84
771.28
776.21
780.62
784.51
787.87
790.68
792.93
794.63
795.77
796.33
537.63
548.29
559.00
569.73
580.45
591.14
601.77
612.31
622.73
633.02
643.13
653.05
662.75
672.20
681.38
690.27
698.84
707.06
714.93
722.40
729.48
736.13
742.34
748.10
753.38
758.17
762.47
766.25
769.51
772.25
774.44
776.09
777.19
777.74
526.91
537.20
547.55
557.91
568.28
578.62
588.91
599.11
609.21
619.17
628.98
638.60
648.01
657.18
666.09
674.72
683.04
691.03
698.66
705.93
712.80
719.27
725.31
730.90
736.04
740.70
744.87
748.55
751.73
754.38
756.52
758.12
759.20
759.73
516.63
526.56
536.55
546.56
556.58
566.58
576.53
586.41
596.19
605.85
615.35
624.68
633.80
642.70
651.35
659.72
667.80
675.56
682.98
690.04
696.72
703.00
708.87
714.31
719.30
723.84
727.90
731.48
734.56
737.15
739.22
740.79
741.83
742.35
506.82
516.40
526.04
535.71
545.39
555.06
564.69
574.25
583.72
593.08
602.29
611.33
620.18
628.82
637.21
645.34
653.18
660.72
667.93
674.79
681.28
687.39
693.09
698.38
703.24
707.65
711.60
715.08
718.08
720.59
722.61
724.13
725.15
725.65
497.50
506.74
516.04
525.39
534.75
544.10
553.42
562.67
571.85
580.91
589.84
598.61
607.19
615.57
623.72
631.61
639.23
646.55
653.56
660.23
666.54
672.48
678.02
683.17
687.89
692.18
696.02
699.41
702.33
704.78
706.74
708.22
709.21
709.70
488.70
497.62
506.60
515.64
524.69
533.73
542.75
551.71
560.60
569.38
578.04
586.55
594.88
603.01
610.93
618.59
626.00
633.11
639.92
646.41
652.55
658.32
663.72
668.72
673.32
677.50
681.24
684.53
687.38
689.76
691.67
693.11
694.08
694.56
480.45
489.07
497.75
506.48
515.24
523.99
532.73
541.41
550.03
558.55
566.95
575.20
583.29
591.19
598.88
606.33
613.53
620.45
627.08
633.39
639.36
644.98
650.24
655.11
659.59
663.65
667.30
670.51
673.28
675.60
677.46
678.87
679.81
680.27
472.78
481.11
489.51
497.96
506.44
514.92
523.38
531.81
540.17
548.44
556.59
564.61
572.48
580.16
587.63
594.88
601.89
608.62
615.07
621.22
627.03
632.51
637.63
642.38
646.74
650.71
654.26
657.39
660.09
662.36
664.18
665.54
666.46
666.92
465.72
473.78
481.91
490.10
498.32
506.55
514.76
522.94
531.06
539.09
547.02
554.82
562.47
569.95
577.23
584.29
591.11
597.68
603.96
609.95
615.62
620.97
625.96
630.59
634.85
638.72
642.19
645.24
647.88
650.09
651.86
653.20
654.09
654.54
464.48
472.52
480.64
488.82
497.03
505.25
513.46
521.64
529.76
537.80
545.73
553.53
561.19
568.67
575.96
583.02
589.86
596.43
602.72
608.72
614.41
619.76
624.76
629.40
633.67
637.55
641.02
644.08
646.73
648.94
650.72
652.06
652.95
653.40
471.55
479.86
488.25
496.70
505.17
513.65
522.11
530.54
538.90
547.17
555.33
563.36
571.23
578.92
586.40
593.67
600.68
607.43
613.89
620.04
625.87
631.36
636.49
641.25
645.62
649.60
653.16
656.30
659.01
661.27
663.10
664.47
665.39
665.84
479.23
487.83
496.51
505.24
513.99
522.75
531.48
540.17
548.79
557.31
565.72
573.99
582.09
590.00
597.70
605.17
612.38
619.31
625.95
632.27
638.26
643.89
649.16
654.04
658.53
662.61
666.26
669.48
672.26
674.59
676.46
677.86
678.80
679.27
487.49
496.40
505.38
514.41
523.46
532.51
541.53
550.50
559.40
568.19
576.86
585.38
593.72
601.87
609.79
617.48
624.90
632.03
638.85
645.35
651.51
657.30
662.71
667.73
672.34
676.52
680.27
683.58
686.43
688.82
690.74
692.19
693.15
693.63
496.30
505.54
514.84
524.19
533.55
542.91
552.23
561.50
570.68
579.76
588.70
597.48
606.08
614.48
622.64
630.55
638.19
645.53
652.55
659.24
665.56
671.52
677.08
682.24
686.98
691.28
695.14
698.53
701.46
703.92
705.89
707.37
708.36
708.86
505.63
515.21
524.85
534.53
544.22
553.90
563.54
573.11
582.60
591.97
601.19
610.25
619.12
627.77
636.19
644.34
652.20
659.76
666.99
673.87
680.38
686.50
692.23
697.53
702.40
706.82
710.79
714.28
717.29
719.82
721.84
723.37
724.39
724.89
515.47
525.40
535.39
545.41
555.44
565.45
575.42
585.31
595.11
604.78
614.30
623.65
632.80
641.72
650.39
658.78
666.88
674.67
682.11
689.19
695.89
702.19
708.08
713.54
718.55
723.10
727.17
730.77
733.86
736.46
738.54
740.11
741.15
741.68
525.76
536.06
546.41
556.79
567.17
577.52
587.83
598.05
608.17
618.15
627.98
637.62
647.06
656.25
665.19
673.84
682.18
690.20
697.86
705.15
712.05
718.54
724.60
730.21
735.36
740.04
744.24
747.93
751.11
753.78
755.92
757.53
758.61
759.15
536.50
547.17
557.89
568.63
579.37
590.08
600.73
611.29
621.74
632.04
642.19
652.13
661.86
671.34
680.55
689.46
698.05
706.31
714.20
721.70
728.80
735.48
741.71
747.49
752.79
757.60
761.92
765.71
768.99
771.73
773.94
775.59
776.70
777.25
547.63
558.69
569.79
580.90
592.01
603.08
614.08
624.99
635.77
646.41
656.87
667.13
677.15
686.92
696.41
705.59
714.44
722.94
731.06
738.79
746.09
752.96
759.38
765.32
770.78
775.73
780.16
784.07
787.44
790.26
792.52
794.23
795.37
795.94
559.15
570.59
582.07
593.57
605.05
616.48
627.85
639.11
650.24
661.21
671.99
682.56
692.90
702.96
712.73
722.19
731.30
740.05
748.41
756.36
763.88
770.95
777.54
783.66
789.27
794.36
798.92
802.94
806.40
809.30
811.63
813.39
814.56
815.14
571.00
582.84
594.71
606.60
618.45
630.26
641.99
653.60
665.08
676.39
687.51
698.40
709.05
719.41
729.47
739.21
748.59
757.59
766.19
774.37
782.10
789.37
796.16
802.44
808.21
813.45
818.14
822.27
825.84
828.82
831.21
833.02
834.22
834.82
583.17
595.41
607.68
619.95
632.19
644.37
656.47
668.45
680.28
691.93
703.38
714.60
725.56
736.23
746.58
756.60
766.25
775.51
784.36
792.77
800.72
808.20
815.17
821.64
827.57
832.95
837.77
842.02
845.68
848.75
851.21
853.07
854.30
854.92
595.61
608.26
620.92
633.59
646.22
658.78
671.25
683.59
695.78
707.78
719.57
731.12
742.39
753.37
764.02
774.32
784.25
793.77
802.86
811.51
819.69
827.37
834.54
841.19
847.28
852.82
857.77
862.14
865.90
869.06
871.59
873.49
874.76
875.40
608.31
621.36
634.43
647.49
660.50
673.45
686.29
699.00
711.55
723.90
736.03
747.91
759.50
770.79
781.74
792.33
802.53
812.32
821.67
830.55
838.96
846.85
854.23
861.05
867.32
873.00
878.10
882.58
886.45
889.69
892.29
894.25
895.55
896.21
621.22
634.68
648.15
661.61
675.02
688.35
701.56
714.64
727.55
740.25
752.72
764.93
776.85
788.46
799.71
810.59
821.07
831.13
840.73
849.86
858.49
866.60
874.17
881.19
887.62
893.46
898.70
903.31
907.28
910.61
913.28
915.29
916.63
917.30
634.32
648.19
662.07
675.92
689.72
703.43
717.03
730.48
743.74
756.80
769.62
782.16
794.41
806.32
817.88
829.06
839.82
850.15
860.01
869.38
878.24
886.58
894.35
901.55
908.16
914.16
919.54
924.27
928.35
931.77
934.51
936.58
937.96
938.65
647.59
661.86
676.14
690.39
704.58
718.68
732.65
746.47
760.10
773.51
786.67
799.55
812.13
824.36
836.23
847.70
858.74
869.34
879.46
889.08
898.18
906.73
914.72
922.11
928.90
935.06
940.57
945.44
949.63
953.14
955.96
958.08
959.49
960.20
660.98
675.66
690.34
704.99
719.57
734.05
748.40
762.59
776.58
790.35
803.85
817.07
829.97
842.52
854.70
866.47
877.80
888.67
899.06
908.93
918.27
927.04
935.23
942.82
949.79
956.11
961.78
966.77
971.07
974.68
977.57
979.75
981.20
981.93
674.47
689.56
704.64
719.68
734.65
749.52
764.24
778.80
793.15
807.27
821.13
834.68
847.91
860.78
873.27
885.33
896.96
908.11
918.76
928.89
938.46
947.46
955.87
963.66
970.80
977.29
983.11
988.23
992.65
996.35
999.32
1001.56
1003.05
1003.80
688.03
703.53
719.01
734.44
749.80
765.05
780.15
795.07
809.79
824.26
838.46
852.35
865.91
879.10
891.90
904.27
916.18
927.61
938.53
948.91
958.73
967.96
976.59
984.57
991.91
998.57
1004.53
1009.79
1014.33
1018.13
1021.18
1023.47
1025.01
1025.77
701.64
717.54
733.41
749.24
764.98
780.61
796.08
811.37
826.45
841.27
855.82
870.05
883.94
897.45
910.56
923.23
935.44
947.15
958.34
968.98
979.05
988.51
997.35
1005.55
1013.07
1019.90
1026.02
1031.42
1036.08
1039.97
1043.11
1045.47
1047.04
1047.83
715.27
731.56
747.83
764.04
780.17
796.17
812.02
827.67
843.10
858.28
873.17
887.74
901.96
915.80
929.22
942.19
954.69
966.69
978.15
989.06
999.37
1009.08
1018.14
1026.54
1034.26
1041.27
1047.55
1053.09
1057.87
1061.87
1065.09
1067.51
1069.12
1069.93
728.89
745.57
762.23
778.83
795.33
811.71
827.92
843.94
859.73
875.26
890.49
905.40
919.95
934.10
947.84
961.12
973.92
986.20
997.94
1009.11
1019.68
1029.63
1038.92
1047.53
1055.44
1062.63
1069.08
1074.77
1079.67
1083.78
1087.08
1089.57
1091.23
1092.06
742.47
759.54
776.58
793.56
810.44
827.19
843.77
860.15
876.29
892.17
907.75
922.99
937.87
952.35
966.40
979.99
993.08
1005.66
1017.68
1029.12
1039.94
1050.13
1059.66
1068.49
1076.60
1083.98
1090.59
1096.43
1101.46
1105.69
1109.08
1111.63
1113.34
1114.19
755.99
773.45
790.87
808.22
825.47
842.59
859.53
876.26
892.76
908.99
924.91
940.49
955.70
970.50
984.87
998.76
1012.16
1025.03
1037.33
1049.04
1060.13
1070.57
1080.33
1089.39
1097.71
1105.28
1112.06
1118.05
1123.23
1127.56
1131.05
1133.67
1135.42
1136.30
769.42
787.26
805.06
822.78
840.40
857.87
875.18
892.27
909.12
925.69
941.95
957.86
973.40
988.53
1003.21
1017.42
1031.12
1044.28
1056.87
1068.86
1080.22
1090.91
1100.91
1110.20
1118.74
1126.50
1133.47
1139.62
1144.93
1149.38
1152.97
1155.66
1157.47
1158.37
782.75
800.95
819.12
837.21
855.19
873.03
890.68
908.13
925.32
942.24
958.84
975.09
990.95
1006.40
1021.41
1035.93
1049.94
1063.40
1076.28
1088.55
1100.18
1111.13
1121.38
1130.90
1139.66
1147.63
1154.78
1161.10
1166.56
1171.14
1174.82
1177.60
1179.45
1180.38
795.94
814.51
833.04
851.49
869.83
888.02
906.03
923.82
941.36
958.61
975.55
992.13
1008.33
1024.10
1039.43
1054.26
1068.58
1082.34
1095.52
1108.08
1119.98
1131.21
1141.71
1151.48
1160.46
1168.64
1175.99
1182.48
1188.10
1192.80
1196.59
1199.45
1201.36
1202.31
808.97
827.90
846.79
865.60
884.29
902.83
921.18
939.31
957.20
974.79
992.06
1008.98
1025.50
1041.60
1057.25
1072.40
1087.03
1101.10
1114.57
1127.42
1139.61
1151.11
1161.88
1171.89
1181.12
1189.52
1197.07
1203.75
1209.52
1214.37
1218.27
1221.21
1223.18
1224.16
821.82
841.11
860.34
879.50
898.54
917.42
936.12
954.59
972.81
990.74
1008.34
1025.59
1042.44
1058.87
1074.84
1090.31
1105.25
1119.63
1133.41
1146.56
1159.04
1170.82
1181.87
1192.14
1201.61
1210.24
1218.01
1224.88
1230.82
1235.81
1239.84
1242.87
1244.89
1245.91
834.47
854.10
873.68
893.18
912.56
931.78
950.82
969.63
988.18
1006.44
1024.37
1041.95
1059.13
1075.88
1092.17
1107.96
1123.23
1137.92
1152.01
1165.47
1178.25
1190.32
1201.64
1212.19
1221.92
1230.79
1238.78
1245.86
1251.98
1257.13
1261.28
1264.41
1266.50
1267.55
846.89
866.86
886.78
906.62
926.33
945.89
965.25
984.39
1003.27
1021.86
1040.13
1058.03
1075.54
1092.61
1109.23
1125.34
1140.93
1155.94
1170.35
1184.11
1197.20
1209.58
1221.20
1232.02
1242.02
1251.15
1259.38
1266.67
1272.99
1278.31
1282.60
1285.83
1288.00
1289.08
859.07
879.37
899.62
919.79
939.83
959.71
979.40
998.87
1018.08
1036.99
1055.58
1073.81
1091.64
1109.04
1125.98
1142.42
1158.33
1173.67
1188.40
1202.48
1215.89
1228.57
1240.50
1251.62
1261.91
1271.31
1279.79
1287.32
1293.85
1299.34
1303.78
1307.13
1309.38
1310.50
870.99
891.61
912.18
932.67
953.03
973.23
993.24
1013.03
1032.56
1051.79
1070.70
1089.25
1107.41
1125.14
1142.40
1159.17
1175.41
1191.07
1206.13
1220.55
1234.28
1247.29
1259.53
1270.97
1281.55
1291.24
1300.00
1307.78
1314.53
1320.23
1324.83
1328.31
1330.64
1331.80
882.62
903.56
924.44
945.24
965.91
986.43
1006.76
1026.86
1046.70
1066.25
1085.48
1104.35
1122.83
1140.88
1158.47
1175.57
1192.14
1208.14
1223.53
1238.29
1252.35
1265.70
1278.27
1290.04
1300.94
1310.94
1319.99
1328.04
1335.04
1340.95
1345.74
1349.36
1351.78
1353.00
893.95
915.19
936.38
957.48
978.46
999.29
1019.92
1040.33
1060.48
1080.34
1099.89
1119.07
1137.87
1156.24
1174.16
1191.59
1208.49
1224.83
1240.57
1255.67
1270.08
1283.78
1296.70
1308.81
1320.06
1330.39
1339.76
1348.10
1355.38
1361.53
1366.51
1370.29
1372.83
1374.10
904.95
926.50
947.98
969.38
990.66
1011.78
1032.71
1053.42
1073.88
1094.05
1113.90
1133.40
1152.51
1171.21
1189.45
1207.21
1224.45
1241.13
1257.22
1272.67
1287.45
1301.50
1314.80
1327.27
1338.88
1349.57
1359.28
1367.95
1375.53
1381.95
1387.16
1391.12
1393.78
1395.11
915.62
937.45
959.23
980.91
1002.48
1023.89
1045.11
1066.11
1086.87
1107.34
1127.49
1147.30
1166.73
1185.74
1204.31
1222.40
1239.98
1257.01
1273.45
1289.27
1304.42
1318.85
1332.53
1345.39
1357.39
1368.47
1378.55
1387.59
1395.50
1402.23
1407.70
1411.86
1414.66
1416.07
925.94
948.04
970.09
992.06
1013.90
1035.59
1057.10
1078.39
1099.43
1120.19
1140.65
1160.76
1180.49
1199.82
1218.72
1237.14
1255.06
1272.44
1289.24
1305.43
1320.96
1335.79
1349.87
1363.15
1375.56
1387.06
1397.56
1407.00
1415.29
1422.36
1428.13
1432.54
1435.51
1437.00
935.88
958.25
980.57
1002.80
1024.91
1046.88
1068.66
1090.23
1111.55
1132.60
1153.34
1173.75
1193.79
1213.43
1232.65
1251.40
1269.66
1287.39
1304.56
1321.13
1337.05
1352.29
1366.80
1380.51
1393.38
1405.32
1416.28
1426.17
1434.90
1442.37
1448.49
1453.18
1456.35
1457.94
945.43
968.06
990.63
1013.12
1035.50
1057.72
1079.77
1101.61
1123.20
1144.53
1165.56
1186.26
1206.59
1226.54
1246.07
1265.15
1283.75
1301.84
1319.38
1336.33
1352.66
1368.32
1383.27
1397.45
1410.79
1423.24
1434.70
1445.10
1454.32
1462.26
1468.80
1473.82
1477.24
1478.96
954.59
977.46
1000.28
1023.02
1045.64
1068.12
1090.42
1112.52
1134.38
1155.97
1177.27
1198.25
1218.88
1239.13
1258.97
1278.38
1297.32
1315.75
1333.66
1351.01
1367.75
1383.85
1399.26
1413.92
1427.78
1440.77
1452.79
1463.76
1473.55
1482.04
1489.08
1494.54
1498.26
1500.15
963.32
986.43
1009.48
1032.46
1055.32
1078.04
1100.59
1122.93
1145.05
1166.90
1188.47
1209.72
1230.63
1251.18
1271.32
1291.04
1310.31
1329.10
1347.39
1365.12
1382.28
1398.83
1414.72
1429.89
1444.30
1457.87
1470.52
1482.13
1492.59
1501.73
1509.38
1515.38
1519.53
1521.64
971.63
994.96
1018.24
1041.44
1064.52
1087.47
1110.26
1132.84
1155.20
1177.30
1199.12
1220.64
1241.83
1262.65
1283.09
1303.13
1322.72
1341.86
1360.51
1378.64
1396.22
1413.22
1429.60
1445.31
1460.30
1474.50
1487.82
1500.17
1511.39
1521.31
1529.72
1536.44
1541.27
1543.67
979.50
1003.03
1026.52
1049.94
1073.24
1096.41
1119.41
1142.22
1164.81
1187.15
1209.22
1230.99
1252.44
1273.54
1294.27
1314.60
1334.52
1353.99
1373.00
1391.52
1409.52
1426.98
1443.85
1460.11
1475.70
1490.57
1504.64
1517.81
1529.94
1540.77
1550.05
1557.59
1564.03
1566.70
986.91
1010.64
1034.33
1057.95
1081.46
1104.83
1128.05
1151.07
1173.88
1196.45
1218.75
1240.76
1262.46
1283.82
1304.82
1325.44
1345.67
1365.47
1384.83
1403.73
1422.14
1440.05
1457.42
1474.24
1490.45
1506.02
1520.89
1534.98
1548.16
1559.90
1570.32
1577.11
1581.52
1583.69
993.86
1017.78
1041.65
1065.46
1089.16
1112.73
1136.14
1159.36
1182.38
1205.16
1227.68
1249.92
1271.86
1293.47
1314.73
1335.63
1356.15
1376.26
1395.96
1415.23
1434.04
1452.39
1470.25
1487.62
1504.46
1520.74
1536.45
1551.54
1566.11
1576.95
1584.98
1590.56
1594.02
1595.84
1000.33
1024.43
1048.47
1072.45
1096.33
1120.08
1143.68
1167.09
1190.30
1213.28
1236.01
1258.47
1280.62
1302.47
1323.98
1345.14
1365.93
1386.35
1406.36
1425.98
1445.18
1463.95
1482.28
1500.18
1517.63
1534.65
1551.24
1567.28
1579.62
1588.81
1595.46
1600.06
1602.86
1604.37
1006.33
1030.58
1054.79
1078.93
1102.97
1126.89
1150.66
1174.25
1197.64
1220.80
1243.72
1266.37
1288.74
1310.80
1332.54
1353.95
1375.00
1395.69
1416.01
1435.95
1455.51
1474.67
1493.45
1511.85
1529.89
1547.60
1565.30
1579.16
1589.66
1597.42
1602.97
1606.79
1609.09
1610.32
1011.82
1036.22
1060.58
1084.87
1109.06
1133.14
1157.06
1180.81
1204.37
1227.70
1250.80
1273.64
1296.20
1318.46
1340.41
1362.04
1383.33
1404.28
1424.88
1445.12
1465.00
1484.53
1503.72
1522.57
1541.08
1559.15
1575.85
1588.05
1597.09
1603.69
1608.36
1611.54
1613.45
1614.45
1016.82
1041.35
1065.84
1090.27
1114.60
1138.81
1162.88
1186.78
1210.49
1233.98
1257.24
1280.24
1302.97
1325.42
1347.56
1369.40
1390.91
1412.09
1432.94
1453.45
1473.63
1493.49
1513.03
1532.28
1551.21
1569.83
1584.10
1594.76
1602.60
1608.26
1612.22
1614.88
1616.48
1617.28
1021.31
1045.96
1070.57
1095.12
1119.58
1143.92
1168.11
1192.14
1215.99
1239.62
1263.02
1286.17
1309.06
1331.67
1353.99
1376.01
1397.72
1419.11
1440.18
1460.93
1481.37
1501.51
1521.37
1540.96
1560.22
1577.65
1590.38
1599.82
1606.68
1611.59
1614.97
1617.22
1618.56
1619.20
1025.29
1050.04
1074.76
1099.42
1123.98
1148.43
1172.74
1196.89
1220.85
1244.61
1268.14
1291.43
1314.46
1337.21
1359.69
1381.87
1403.74
1425.31
1446.58
1467.54
1488.21
1508.58
1528.68
1548.54
1568.38
1583.71
1595.18
1603.64
1609.72
1614.02
1616.94
1618.84
1619.97
1620.49
1028.74
1053.59
1078.40
1103.15
1127.81
1152.36
1176.77
1201.02
1225.09
1248.95
1272.59
1296.00
1319.15
1342.03
1364.64
1386.95
1408.98
1430.71
1452.14
1473.28
1494.13
1514.71
1535.00
1554.89
1574.11
1588.33
1598.84
1606.51
1611.97
1615.78
1618.32
1619.96
1620.91
1621.33
1031.68
1056.60
1081.49
1106.32
1131.06
1155.69
1180.19
1204.52
1228.68
1252.63
1276.37
1299.87
1323.12
1346.11
1368.83
1391.27
1413.42
1435.28
1456.84
1478.13
1499.14
1519.90
1540.43
1560.57
1578.70
1591.91
1601.62
1608.67
1613.63
1617.05
1619.30
1620.71
1621.53
1621.88
1034.08
1059.07
1084.02
1108.92
1133.73
1158.42
1182.99
1207.39
1231.62
1255.65
1279.47
1303.05
1326.39
1349.46
1372.27
1394.80
1417.05
1439.01
1460.69
1482.09
1503.22
1524.12
1544.87
1565.75
1582.19
1594.58
1603.69
1610.26
1614.83
1617.95
1619.97
1621.22
1621.93
1622.22
1035.96
1060.99
1086.00
1110.94
1135.80
1160.55
1185.17
1209.63
1233.92
1258.00
1281.88
1305.52
1328.93
1352.07
1374.95
1397.56
1419.88
1441.92
1463.68
1485.16
1506.36
1527.31
1548.06
1568.76
1584.63
1596.51
1605.17
1611.39
1615.68
1618.58
1620.43
1621.56
1622.18
1622.44
1037.30
1062.37
1087.41
1112.39
1137.29
1162.08
1186.73
1211.23
1235.56
1259.69
1283.60
1307.29
1330.74
1353.94
1376.86
1399.52
1421.90
1444.00
1465.81
1487.34
1508.58
1529.54
1550.23
1570.73
1586.28
1597.81
1606.18
1612.15
1616.24
1618.99
1620.72
1621.76
1622.33
1622.56
1038.10
1063.19
1088.25
1113.26
1138.18
1162.99
1187.67
1212.19
1236.54
1260.70
1284.64
1308.36
1331.83
1355.05
1378.01
1400.70
1423.12
1445.25
1467.09
1488.65
1509.90
1530.86
1551.50
1571.88
1587.24
1598.57
1606.76
1612.59
1616.56
1619.22
1620.88
1621.88
1622.41
1622.62
1038.37
1063.47
1088.54
1113.55
1138.47
1163.29
1187.98
1212.51
1236.87
1261.03
1284.98
1308.71
1332.19
1355.43
1378.40
1401.10
1423.52
1445.66
1467.52
1489.08
1510.34
1531.29
1551.92
1572.27
1587.55
1598.82
1606.95
1612.73
1616.66
1619.29
1620.93
1621.91
1622.43
1622.65
1038.10
1063.19
1088.25
1113.26
1138.18
1162.99
1187.67
1212.19
1236.54
1260.69
1284.64
1308.35
1331.83
1355.05
1378.01
1400.70
1423.11
1445.24
1467.09
1488.64
1509.90
1530.85
1551.50
1571.88
1587.24
1598.57
1606.76
1612.59
1616.56
1619.22
1620.88
1621.87
1622.41
1622.62
1037.29
1062.36
1087.40
1112.39
1137.28
1162.07
1186.73
1211.23
1235.55
1259.68
1283.60
1307.29
1330.74
1353.93
1376.86
1399.52
1421.90
1443.99
1465.81
1487.33
1508.57
1529.53
1550.22
1570.72
1586.27
1597.81
1606.18
1612.15
1616.24
1618.99
1620.72
1621.76
1622.33
1622.56
1035.95
1060.99
1085.99
1110.94
1135.80
1160.55
1185.16
1209.63
1233.91
1258.00
1281.87
1305.52
1328.92
1352.06
1374.94
1397.55
1419.87
1441.91
1463.67
1485.15
1506.35
1527.30
1548.05
1568.75
1584.62
1596.50
1605.17
1611.39
1615.67
1618.58
1620.43
1621.55
1622.18
1622.44
1034.08
1059.06
1084.02
1108.91
1133.72
1158.42
1182.98
1207.39
1231.61
1255.64
1279.46
1303.04
1326.38
1349.45
1372.26
1394.79
1417.04
1439.00
1460.68
1482.08
1503.21
1524.10
1544.86
1565.74
1582.18
1594.57
1603.68
1610.25
1614.83
1617.95
1619.97
1621.22
1621.92
1622.22
1031.67
1056.59
1081.48
1106.31
1131.05
1155.68
1180.18
1204.51
1228.67
1252.62
1276.36
1299.86
1323.11
1346.10
1368.82
1391.25
1413.40
1435.26
1456.83
1478.11
1499.12
1519.89
1540.42
1560.56
1578.68
1591.89
1601.61
1608.66
1613.62
1617.04
1619.29
1620.71
1621.52
1621.88
1028.73
1053.58
1078.39
1103.14
1127.80
1152.35
1176.76
1201.01
1225.07
1248.94
1272.58
1295.98
1319.13
1342.01
1364.62
1386.94
1408.96
1430.69
1452.12
1473.26
1494.11
1514.69
1534.98
1554.87
1574.09
1588.32
1598.83
1606.50
1611.96
1615.77
1618.32
1619.95
1620.90
1621.33
1025.28
1050.03
1074.75
1099.40
1123.97
1148.42
1172.73
1196.88
1220.84
1244.59
1268.12
1291.41
1314.44
1337.20
1359.67
1381.85
1403.72
1425.29
1446.56
1467.52
1488.18
1508.56
1528.66
1548.52
1568.36
1583.69
1595.16
1603.62
1609.71
1614.01
1616.93
1618.84
1619.96
1620.48
1021.30
1045.94
1070.56
1095.10
1119.56
1143.90
1168.10
1192.13
1215.97
1239.60
1263.00
1286.15
1309.04
1331.65
1353.97
1375.99
1397.69
1419.08
1440.15
1460.90
1481.34
1501.48
1521.34
1540.94
1560.19
1577.62
1590.36
1599.80
1606.67
1611.58
1614.96
1617.21
1618.55
1619.20
1016.81
1041.33
1065.82
1090.25
1114.58
1138.80
1162.86
1186.76
1210.47
1233.96
1257.21
1280.22
1302.95
1325.39
1347.54
1369.37
1390.88
1412.06
1432.91
1453.42
1473.60
1493.45
1513.00
1532.24
1551.18
1569.79
1584.07
1594.73
1602.58
1608.25
1612.20
1614.87
1616.47
1617.27
1011.81
1036.20
1060.56
1084.85
1109.04
1133.11
1157.04
1180.79
1204.35
1227.68
1250.78
1273.61
1296.17
1318.43
1340.38
1362.01
1383.30
1404.25
1424.84
1445.08
1464.97
1484.50
1503.68
1522.53
1541.04
1559.11
1575.82
1588.02
1597.06
1603.67
1608.34
1611.52
1613.43
1614.44
1006.31
1030.56
1054.76
1078.90
1102.95
1126.87
1150.63
1174.22
1197.61
1220.78
1243.70
1266.35
1288.71
1310.77
1332.51
1353.91
1374.97
1395.66
1415.98
1435.91
1455.47
1474.63
1493.41
1511.81
1529.84
1547.56
1565.26
1579.12
1589.63
1597.39
1602.94
1606.76
1609.06
1610.30
1000.31
1024.40
1048.45
1072.43
1096.31
1120.06
1143.65
1167.07
1190.28
1213.26
1235.98
1258.43
1280.59
1302.43
1323.94
1345.10
1365.90
1386.31
1406.33
1425.94
1445.13
1463.90
1482.24
1500.13
1517.59
1534.60
1551.19
1567.24
1579.58
1588.77
1595.42
1600.02
1602.83
1604.34
993.84
1017.76
1041.63
1065.43
1089.13
1112.70
1136.11
1159.34
1182.35
1205.13
1227.65
1249.89
1271.82
1293.43
1314.69
1335.59
1356.11
1376.22
1395.92
1415.18
1433.99
1452.34
1470.20
1487.57
1504.40
1520.69
1536.40
1551.49
1566.05
1576.89
1584.93
1590.51
1593.98
1595.80
986.89
1010.62
1034.31
1057.92
1081.43
1104.80
1128.02
1151.04
1173.85
1196.41
1218.71
1240.72
1262.42
1283.78
1304.78
1325.40
1345.62
1365.43
1384.78
1403.68
1422.09
1440.00
1457.37
1474.18
1490.39
1505.96
1520.83
1534.92
1548.10
1559.84
1570.26
1577.05
1581.47
1583.64
979.47
1003.01
1026.50
1049.91
1073.21
1096.38
1119.38
1142.19
1164.78
1187.12
1209.19
1230.96
1252.40
1273.50
1294.23
1314.56
1334.47
1353.95
1372.95
1391.47
1409.47
1426.92
1443.80
1460.05
1475.64
1490.51
1504.58
1517.75
1529.87
1540.71
1549.98
1557.52
1563.97
1566.64
971.60
994.93
1018.21
1041.40
1064.49
1087.44
1110.22
1132.80
1155.16
1177.26
1199.09
1220.60
1241.78
1262.61
1283.05
1303.08
1322.68
1341.81
1360.46
1378.59
1396.17
1413.16
1429.54
1445.25
1460.23
1474.43
1487.76
1500.10
1511.32
1521.24
1529.65
1536.37
1541.20
1543.60
963.29
986.40
1009.45
1032.42
1055.29
1078.00
1100.55
1122.89
1145.01
1166.86
1188.43
1209.68
1230.59
1251.13
1271.27
1290.99
1310.26
1329.05
1347.33
1365.07
1382.23
1398.77
1414.65
1429.83
1444.24
1457.80
1470.45
1482.06
1492.51
1501.65
1509.31
1515.31
1519.46
1521.56
954.56
977.43
1000.24
1022.98
1045.60
1068.08
1090.38
1112.48
1134.34
1155.93
1177.23
1198.21
1218.84
1239.08
1258.92
1278.33
1297.26
1315.70
1333.61
1350.95
1367.69
1383.79
1399.19
1413.86
1427.72
1440.70
1452.72
1463.69
1473.48
1481.96
1489.00
1494.46
1498.18
1500.07
945.40
968.03
990.60
1013.09
1035.46
1057.69
1079.73
1101.57
1123.16
1144.49
1165.51
1186.21
1206.55
1226.49
1246.02
1265.10
1283.70
1301.78
1319.32
1336.27
1352.60
1368.26
1383.20
1397.38
1410.72
1423.17
1434.63
1445.02
1454.24
1462.18
1468.71
1473.74
1477.16
1478.88
935.84
958.21
980.53
1002.76
1024.87
1046.84
1068.62
1090.18
1111.51
1132.55
1153.30
1173.70
1193.74
1213.38
1232.59
1251.34
1269.60
1287.33
1304.50
1321.07
1336.99
1352.22
1366.73
1380.44
1393.30
1405.25
1416.21
1426.09
1434.81
1442.28
1448.41
1453.09
1456.26
1457.86
925.90
948.00
970.05
992.02
1013.86
1035.55
1057.05
1078.34
1099.38
1120.15
1140.60
1160.71
1180.44
1199.77
1218.66
1237.08
1255.00
1272.38
1289.18
1305.36
1320.89
1335.72
1349.80
1363.07
1375.49
1386.98
1397.48
1406.91
1415.21
1422.28
1428.05
1432.45
1435.42
1436.91
915.59
937.41
959.19
980.87
1002.43
1023.84
1045.06
1066.07
1086.82
1107.29
1127.44
1147.24
1166.67
1185.68
1204.25
1222.34
1239.92
1256.95
1273.39
1289.20
1304.35
1318.78
1332.45
1345.32
1357.31
1368.39
1378.47
1387.50
1395.42
1402.14
1407.61
1411.77
1414.57
1415.98
904.92
926.46
947.94
969.34
990.61
1011.73
1032.66
1053.37
1073.83
1093.99
1113.84
1133.34
1152.45
1171.15
1189.39
1207.15
1224.39
1241.07
1257.15
1272.60
1287.38
1301.43
1314.72
1327.19
1338.80
1349.49
1359.20
1367.87
1375.44
1381.86
1387.08
1391.03
1393.69
1395.02
893.91
915.15
936.34
957.44
978.42
999.24
1019.87
1040.28
1060.43
1080.29
1099.83
1119.02
1137.81
1156.18
1174.10
1191.53
1208.43
1224.76
1240.50
1255.60
1270.01
1283.70
1296.63
1308.73
1319.98
1330.31
1339.67
1348.01
1355.29
1361.44
1366.42
1370.20
1372.74
1374.01
882.58
903.52
924.40
945.20
965.87
986.38
1006.71
1026.81
1046.65
1066.20
1085.42
1104.29
1122.77
1140.82
1158.41
1175.50
1192.07
1208.07
1223.46
1238.21
1252.28
1265.62
1278.19
1289.96
1300.86
1310.86
1319.90
1327.95
1334.95
1340.86
1345.65
1349.26
1351.69
1352.91
870.94
891.57
912.14
932.62
952.98
973.18
993.19
1012.98
1032.50
1051.74
1070.65
1089.19
1107.35
1125.07
1142.34
1159.10
1175.34
1191.00
1206.06
1220.47
1234.20
1247.21
1259.45
1270.88
1281.47
1291.16
1299.91
1307.69
1314.44
1320.13
1324.74
1328.21
1330.54
1331.71
859.03
879.33
899.58
919.74
939.78
959.66
979.35
998.81
1018.02
1036.93
1055.52
1073.74
1091.57
1108.98
1125.91
1142.35
1158.26
1173.59
1188.32
1202.41
1215.81
1228.49
1240.42
1251.54
1261.82
1271.22
1279.70
1287.23
1293.75
1299.25
1303.69
1307.04
1309.28
1310.41
846.85
866.82
886.74
906.57
926.28
945.83
965.20
984.34
1003.22
1021.80
1040.07
1057.97
1075.47
1092.55
1109.16
1125.27
1140.85
1155.87
1170.27
1184.04
1197.12
1209.49
1221.11
1231.94
1241.93
1251.07
1259.29
1266.58
1272.90
1278.22
1282.50
1285.74
1287.90
1288.99
834.42
854.05
873.63
893.13
912.51
931.73
950.76
969.57
988.12
1006.38
1024.31
1041.88
1059.06
1075.81
1092.10
1107.89
1123.15
1137.84
1151.93
1165.39
1178.17
1190.23
1201.56
1212.10
1221.83
1230.70
1238.69
1245.76
1251.89
1257.04
1261.19
1264.32
1266.41
1267.46
821.77
841.06
860.29
879.45
898.48
917.37
936.06
954.53
972.75
990.68
1008.28
1025.52
1042.37
1058.80
1074.76
1090.23
1105.17
1119.55
1133.33
1146.48
1158.96
1170.74
1181.78
1192.05
1201.52
1210.15
1217.92
1224.78
1230.73
1235.72
1239.74
1242.77
1244.80
1245.81
808.92
827.85
846.74
865.54
884.23
902.77
921.12
939.25
957.13
974.73
991.99
1008.91
1025.43
1041.53
1057.17
1072.32
1086.95
1101.02
1114.49
1127.34
1139.53
1151.03
1161.79
1171.81
1181.03
1189.43
1196.98
1203.65
1209.43
1214.27
1218.17
1221.11
1223.08
1224.06
795.89
814.46
832.99
851.44
869.77
887.96
905.97
923.76
941.30
958.55
975.48
992.06
1008.26
1024.03
1039.35
1054.19
1068.50
1082.26
1095.44
1107.99
1119.90
1131.12
1141.63
1151.39
1160.37
1168.55
1175.90
1182.39
1188.00
1192.71
1196.50
1199.35
1201.26
1202.21
782.70
800.90
819.07
837.16
855.14
872.97
890.62
908.07
925.26
942.17
958.77
975.02
990.88
1006.33
1021.33
1035.85
1049.86
1063.32
1076.20
1088.46
1100.09
1111.04
1121.29
1130.81
1139.57
1147.54
1154.69
1161.01
1166.46
1171.04
1174.72
1177.50
1179.35
1180.28
769.37
787.21
805.00
822.72
840.34
857.82
875.11
892.20
909.05
925.62
941.88
957.79
973.33
988.45
1003.13
1017.34
1031.04
1044.20
1056.79
1068.78
1080.13
1090.82
1100.82
1110.11
1118.64
1126.41
1133.37
1139.52
1144.83
1149.29
1152.87
1155.56
1157.37
1158.27
755.94
773.39
790.81
808.17
825.41
842.53
859.47
876.20
892.70
908.92
924.84
940.42
955.62
970.42
984.79
998.68
1012.08
1024.94
1037.25
1048.96
1060.04
1070.48
1080.24
1089.29
1097.61
1105.18
1111.97
1117.96
1123.13
1127.46
1130.95
1133.57
1135.32
1136.20
742.42
759.49
776.53
793.50
810.38
827.13
843.70
860.08
876.22
892.10
907.68
922.92
937.79
952.27
966.32
979.91
993.00
1005.57
1017.59
1029.03
1039.86
1050.04
1059.56
1068.39
1076.51
1083.88
1090.50
1096.33
1101.37
1105.59
1108.98
1111.53
1113.24
1114.09
728.84
745.52
762.17
778.77
795.27
811.64
827.86
843.87
859.66
875.19
890.42
905.33
919.87
934.03
947.76
961.04
973.83
986.12
997.86
1009.02
1019.59
1029.53
1038.82
1047.44
1055.35
1062.54
1068.98
1074.67
1079.57
1083.68
1086.98
1089.47
1091.13
1091.96
715.22
731.51
747.77
763.99
780.11
796.11
811.95
827.61
843.04
858.21
873.10
887.67
901.88
915.72
929.14
942.11
954.61
966.60
978.07
988.97
999.28
1008.98
1018.05
1026.45
1034.16
1041.17
1047.45
1052.99
1057.77
1061.77
1064.99
1067.41
1069.02
1069.83
701.59
717.48
733.36
749.18
764.92
780.54
796.02
811.31
826.38
841.20
855.75
869.98
883.86
897.37
910.48
923.15
935.35
947.06
958.25
968.89
978.96
988.42
997.26
1005.45
1012.97
1019.80
1025.92
1031.32
1035.97
1039.87
1043.01
1045.36
1046.94
1047.73
687.98
703.47
718.95
734.38
749.74
764.98
780.08
795.01
809.72
824.19
838.39
852.28
865.83
879.02
891.82
904.18
916.10
927.52
938.44
948.82
958.64
967.87
976.49
984.48
991.81
998.47
1004.43
1009.69
1014.23
1018.02
1021.08
1023.37
1024.90
1025.67
674.42
689.50
704.58
719.62
734.59
749.45
764.18
778.73
793.08
807.20
821.05
834.61
847.83
860.70
873.19
885.25
896.87
908.02
918.67
928.79
938.37
947.37
955.77
963.56
970.71
977.19
983.01
988.13
992.55
996.25
999.22
1001.46
1002.95
1003.70
660.92
675.61
690.29
704.93
719.51
733.99
748.34
762.52
776.51
790.27
803.78
817.00
829.89
842.44
854.62
866.38
877.71
888.59
898.97
908.84
918.17
926.95
935.14
942.73
949.69
956.01
961.68
966.67
970.97
974.57
977.47
979.65
981.10
981.83
647.53
661.81
676.08
690.33
704.52
718.62
732.59
746.40
760.03
773.44
786.60
799.48
812.05
824.28
836.14
847.61
858.66
869.25
879.37
888.99
898.09
906.64
914.62
922.01
928.80
934.96
940.48
945.34
949.53
953.04
955.85
957.97
959.39
960.10
634.27
648.14
662.01
675.86
689.66
703.37
716.96
730.41
743.67
756.73
769.54
782.09
794.33
806.24
817.80
828.97
839.74
850.06
859.92
869.29
878.15
886.48
894.26
901.46
908.06
914.06
919.44
924.17
928.25
931.67
934.41
936.48
937.86
938.54
621.17
634.62
648.10
661.55
674.95
688.28
701.50
714.57
727.48
740.18
752.65
764.86
776.78
788.38
799.63
810.51
820.99
831.04
840.64
849.77
858.40
866.51
874.08
881.09
887.53
893.37
898.60
903.21
907.18
910.51
913.18
915.19
916.53
917.20
608.25
621.30
634.37
647.43
660.44
673.39
686.23
698.93
711.48
723.83
735.95
747.83
759.42
770.71
781.66
792.25
802.45
812.23
821.58
830.46
838.86
846.76
854.13
860.96
867.22
872.90
878.00
882.48
886.35
889.59
892.19
894.14
895.45
896.10
595.56
608.20
620.87
633.53
646.16
658.72
671.18
683.52
695.71
707.71
719.49
731.04
742.31
753.29
763.94
774.24
784.16
793.68
802.77
811.42
819.59
827.28
834.45
841.09
847.19
852.72
857.68
862.04
865.80
868.95
871.49
873.39
874.66
875.30
583.11
595.35
607.62
619.89
632.13
644.31
656.40
668.38
680.21
691.86
703.31
714.53
725.48
736.15
746.50
756.52
766.16
775.42
784.27
792.68
800.63
808.10
815.08
821.54
827.47
832.85
837.68
841.92
845.58
848.65
851.11
852.96
854.20
854.82
570.95
582.79
594.66
606.54
618.39
630.20
641.92
653.54
665.01
676.32
687.44
698.33
708.97
719.33
729.39
739.12
748.50
757.50
766.10
774.28
782.01
789.28
796.06
802.35
808.12
813.35
818.04
822.17
825.73
828.72
831.11
832.91
834.12
834.72
559.09
570.54
582.02
593.51
604.99
616.42
627.78
639.04
650.17
661.14
671.92
682.49
692.82
702.88
712.65
722.11
731.22
739.96
748.32
756.27
763.79
770.85
777.45
783.56
789.17
794.26
798.82
802.84
806.30
809.20
811.53
813.29
814.46
815.04
547.58
558.64
569.73
580.85
591.95
603.01
614.01
624.92
635.70
646.34
656.80
667.05
677.08
686.84
696.33
705.51
714.36
722.85
730.97
738.70
746.00
752.87
759.28
765.23
770.68
775.63
780.06
783.97
787.34
790.16
792.42
794.13
795.27
795.84
536.45
547.11
557.83
568.57
579.31
590.02
600.66
611.22
621.67
631.97
642.11
652.06
661.78
671.26
680.47
689.38
697.97
706.22
714.11
721.61
728.71
735.39
741.62
747.39
752.69
757.51
761.82
765.62
768.89
771.63
773.84
775.49
776.60
777.15
525.71
536.01
546.36
556.73
567.11
577.46
587.76
597.98
608.10
618.08
627.91
637.55
646.98
656.17
665.11
673.76
682.10
690.11
697.77
705.06
711.96
718.45
724.50
730.12
735.27
739.95
744.14
747.83
751.01
753.68
755.82
757.43
758.51
759.05
515.42
525.35
535.33
545.35
555.38
565.39
575.35
585.25
595.04
604.71
614.23
623.58
632.72
641.64
650.31
658.70
666.80
674.58
682.02
689.10
695.80
702.10
707.99
713.45
718.45
723.00
727.08
730.67
733.76
736.36
738.44
740.01
741.05
741.58
505.58
515.16
524.80
534.48
544.16
553.84
563.48
573.05
582.53
591.90
601.12
610.18
619.05
627.70
636.11
644.26
652.12
659.67
666.90
673.78
680.29
686.41
692.13
697.44
702.31
706.73
710.69
714.18
717.19
719.72
721.74
723.27
724.29
724.79
496.25
505.49
514.79
524.13
533.49
542.85
552.17
561.43
570.61
579.69
588.63
597.41
606.01
614.40
622.56
630.47
638.11
645.44
652.46
659.15
665.48
671.43
676.99
682.15
686.88
691.19
695.04
698.44
701.37
703.82
705.79
707.27
708.27
708.76
487.44
496.35
505.33
514.36
523.41
532.45
541.47
550.44
559.33
568.12
576.79
585.31
593.65
601.79
609.72
617.40
624.81
631.94
638.77
645.26
651.42
657.21
662.62
667.63
672.24
676.43
680.18
683.48
686.34
688.72
690.64
692.09
693.05
693.53
479.18
487.78
496.46
505.18
513.93
522.69
531.42
540.11
548.72
557.25
565.65
573.92
582.02
589.92
597.62
605.09
612.30
619.23
625.86
632.18
638.17
643.80
649.07
653.95
658.44
662.51
666.17
669.39
672.16
674.49
676.36
677.77
678.71
679.18
471.50
479.82
488.20
496.64
505.11
513.59
522.05
530.47
538.83
547.10
555.26
563.29
571.16
578.84
586.33
593.59
600.60
607.34
613.80
619.96
625.79
631.27
636.40
641.16
645.53
649.50
653.06
656.20
658.91
661.18
663.00
664.37
665.29
665.75
464.43
472.47
480.59
488.77
496.98
505.20
513.40
521.58
529.69
537.73
545.66
553.46
561.12
568.60
575.88
582.95
589.78
596.35
602.64
608.64
614.32
619.67
624.67
629.31
633.58
637.45
640.93
643.99
646.63
648.84
650.62
651.96
652.86
653.30
