527.80
536.22
544.63
553.00
561.32
569.57
577.74
585.80
593.73
601.52
609.16
616.62
623.88
630.94
637.77
644.35
650.69
656.75
662.53
668.02
673.20
678.05
682.58
686.76
690.60
694.07
697.18
699.92
702.27
704.25
705.83
707.02
707.81
708.21
534.03
542.61
551.18
559.71
568.19
576.59
584.91
593.11
601.19
609.11
616.88
624.46
631.85
639.02
645.97
652.66
659.10
665.26
671.14
676.71
681.97
686.90
691.50
695.75
699.64
703.17
706.33
709.10
711.50
713.50
715.10
716.31
717.12
717.52
540.78
549.54
558.28
566.99
575.63
584.20
592.67
601.03
609.26
617.34
625.24
632.96
640.48
647.78
654.85
661.66
668.21
674.47
680.45
686.11
691.46
696.47
701.15
705.47
709.42
713.01
716.22
719.04
721.47
723.51
725.14
726.37
727.19
727.59
548.03
556.98
565.91
574.80
583.62
592.37
601.01
609.53
617.92
626.15
634.21
642.08
649.74
657.17
664.37
671.31
677.97
684.35
690.43
696.20
701.64
706.74
711.49
715.89
719.91
723.56
726.83
729.70
732.17
734.24
735.90
737.15
737.98
738.39
555.76
564.91
574.04
583.12
592.13
601.06
609.88
618.58
627.14
635.54
643.76
651.78
659.59
667.16
674.50
681.56
688.36
694.85
701.05
706.92
712.46
717.65
722.49
726.97
731.07
734.78
738.10
741.03
743.54
745.65
747.34
748.61
749.45
749.88
563.93
573.30
582.63
591.91
601.12
610.25
619.26
628.14
636.88
645.45
653.84
662.02
669.99
677.72
685.19
692.40
699.32
705.95
712.26
718.24
723.89
729.18
734.11
738.67
742.84
746.63
750.01
752.99
755.55
757.69
759.41
760.71
761.57
762.00
572.53
582.11
591.66
601.16
610.57
619.90
629.11
638.18
647.11
655.86
664.42
672.78
680.91
688.79
696.42
703.77
710.83
717.59
724.02
730.12
735.88
741.27
746.30
750.94
755.20
759.06
762.50
765.54
768.15
770.33
772.09
773.40
774.28
774.72
581.52
591.33
601.10
610.82
620.45
629.98
639.40
648.67
657.79
666.73
675.48
684.01
692.31
700.35
708.14
715.64
722.84
729.74
736.30
742.52
748.39
753.90
759.02
763.76
768.10
772.03
775.54
778.64
781.30
783.53
785.31
786.66
787.55
788.00
590.87
600.92
610.92
620.86
630.72
640.47
650.10
659.58
668.90
678.03
686.96
695.68
704.15
712.37
720.31
727.97
735.32
742.36
749.06
755.41
761.39
767.01
772.24
777.07
781.49
785.50
789.09
792.24
794.96
797.23
799.05
800.42
801.34
801.79
600.56
610.85
621.10
631.27
641.35
651.33
661.17
670.86
680.39
689.72
698.85
707.75
716.40
724.80
732.91
740.73
748.23
755.41
762.25
768.73
774.84
780.57
785.90
790.83
795.35
799.44
803.10
806.32
809.09
811.40
813.26
814.66
815.59
816.06
610.57
621.10
631.59
642.00
652.32
662.52
672.58
682.49
692.23
701.77
711.09
720.19
729.03
737.60
745.89
753.87
761.53
768.86
775.84
782.46
788.69
794.54
799.98
805.02
809.62
813.80
817.53
820.81
823.64
826.01
827.90
829.33
830.28
830.76
620.85
631.64
642.37
653.03
663.58
674.02
684.31
694.44
704.39
714.14
723.67
732.96
741.99
750.75
759.21
767.36
775.19
782.67
789.79
796.55
802.91
808.88
814.44
819.58
824.28
828.54
832.35
835.70
838.59
841.00
842.94
844.39
845.36
845.85
631.39
642.44
653.42
664.32
675.12
685.79
696.32
706.67
716.84
726.81
736.54
746.03
755.26
764.20
772.84
781.17
789.16
796.80
804.07
810.97
817.47
823.56
829.24
834.48
839.28
843.63
847.52
850.94
853.88
856.35
858.32
859.81
860.80
861.29
642.16
653.46
664.70
675.86
686.90
697.81
708.57
719.16
729.55
739.73
749.68
759.37
768.79
777.93
786.75
795.25
803.41
811.21
818.64
825.68
832.32
838.54
844.33
849.68
854.58
859.03
863.00
866.49
869.49
872.01
874.03
875.54
876.55
877.06
653.12
664.69
676.19
687.60
698.89
710.04
721.04
731.86
742.48
752.88
763.04
772.94
782.57
791.89
800.91
809.59
817.92
825.88
833.47
840.65
847.43
853.78
859.69
865.16
870.16
874.70
878.75
882.31
885.38
887.95
890.01
891.56
892.59
893.11
664.27
676.10
687.86
699.52
711.06
722.46
733.70
744.75
755.60
766.23
776.60
786.72
796.55
806.07
815.27
824.13
832.64
840.77
848.51
855.85
862.77
869.25
875.29
880.87
885.98
890.61
894.75
898.39
901.52
904.14
906.24
907.82
908.88
909.41
675.55
687.66
699.68
711.60
723.39
735.04
746.52
757.81
768.89
779.74
790.34
800.66
810.70
820.42
829.82
838.86
847.55
855.85
863.75
871.24
878.30
884.92
891.09
896.78
902.00
906.73
910.95
914.67
917.87
920.54
922.69
924.31
925.38
925.92
686.97
699.34
711.62
723.80
735.85
747.75
759.47
771.00
782.31
793.39
804.21
814.75
824.99
834.92
844.51
853.74
862.61
871.08
879.15
886.79
894.00
900.76
907.05
912.87
918.20
923.02
927.33
931.13
934.40
937.13
939.32
940.97
942.07
942.62
698.48
711.12
723.67
736.10
748.41
760.56
772.53
784.30
795.85
807.15
818.19
828.95
839.40
849.53
859.32
868.75
877.79
886.44
894.68
902.48
909.84
916.74
923.16
929.10
934.54
939.46
943.87
947.74
951.08
953.87
956.11
957.79
958.92
959.48
710.06
722.97
735.78
748.48
761.04
773.44
785.66
797.67
809.46
820.99
832.26
843.24
853.90
864.24
874.23
883.84
893.07
901.90
910.30
918.27
925.78
932.82
939.38
945.44
950.99
956.02
960.52
964.48
967.88
970.74
973.02
974.74
975.89
976.46
721.70
734.87
747.95
760.91
773.73
786.38
798.85
811.10
823.12
834.89
846.38
857.58
868.46
879.01
889.20
899.01
908.43
917.43
926.01
934.14
941.80
948.99
955.68
961.87
967.54
972.67
977.27
981.31
984.79
987.70
990.04
991.79
992.96
993.55
733.36
746.80
760.15
773.37
786.44
799.35
812.06
824.56
836.82
848.82
860.54
871.96
883.06
893.81
904.20
914.21
923.82
933.01
941.76
950.05
957.88
965.21
972.04
978.36
984.15
989.39
994.08
998.21
1001.76
1004.74
1007.12
1008.92
1010.11
1010.71
745.03
758.74
772.35
785.83
799.16
812.32
825.28
838.02
850.52
862.75
874.70
886.34
897.66
908.63
919.22
929.43
939.23
948.60
957.53
965.99
973.98
981.46
988.44
994.89
1000.79
1006.15
1010.94
1015.15
1018.78
1021.82
1024.26
1026.09
1027.31
1027.93
756.68
770.66
784.53
798.27
811.85
825.26
838.47
851.46
864.20
876.67
888.85
900.71
912.25
923.43
934.23
944.64
954.64
964.20
973.30
981.94
990.08
997.72
1004.84
1011.42
1017.46
1022.92
1027.82
1032.12
1035.83
1038.93
1041.42
1043.30
1044.55
1045.17
768.29
782.53
796.67
810.67
824.51
838.17
851.62
864.85
877.83
890.54
902.95
915.04
926.80
938.19
949.21
959.82
970.01
979.76
989.05
997.86
1006.17
1013.97
1021.23
1027.95
1034.11
1039.69
1044.69
1049.09
1052.88
1056.05
1058.59
1060.51
1061.78
1062.42
779.84
794.35
808.75
823.00
837.10
851.01
864.71
878.19
891.40
904.35
916.99
929.31
941.29
952.90
964.12
974.94
985.33
995.27
1004.75
1013.73
1022.21
1030.17
1037.59
1044.45
1050.74
1056.44
1061.54
1066.04
1069.91
1073.15
1075.75
1077.71
1079.01
1079.66
791.32
806.09
820.74
835.25
849.60
863.76
877.71
891.43
904.89
918.07
930.94
943.49
955.69
967.52
978.96
989.99
1000.58
1010.71
1020.37
1029.54
1038.19
1046.32
1053.89
1060.89
1067.32
1073.14
1078.36
1082.95
1086.90
1090.22
1092.88
1094.87
1096.21
1096.88
802.70
817.73
832.64
847.40
862.00
876.41
890.61
904.57
918.27
931.68
944.79
957.56
969.99
982.04
993.70
1004.93
1015.73
1026.06
1035.91
1045.27
1054.09
1062.38
1070.11
1077.27
1083.83
1089.78
1095.11
1099.80
1103.84
1107.23
1109.95
1111.99
1113.36
1114.04
813.96
829.24
844.41
859.43
874.28
888.93
903.38
917.58
931.51
945.16
958.51
971.51
984.16
996.44
1008.31
1019.76
1030.76
1041.30
1051.34
1060.88
1069.89
1078.35
1086.24
1093.55
1100.25
1106.33
1111.78
1116.58
1120.71
1124.18
1126.96
1129.05
1130.45
1131.15
825.09
840.62
856.04
871.31
886.41
901.31
915.99
930.44
944.61
958.50
972.08
985.31
998.19
1010.69
1022.78
1034.44
1045.66
1056.40
1066.64
1076.37
1085.57
1094.20
1102.26
1109.72
1116.57
1122.79
1128.36
1133.26
1137.49
1141.04
1143.89
1146.03
1147.46
1148.17
836.06
851.85
867.51
883.03
898.37
913.52
928.45
943.13
957.55
971.67
985.48
998.95
1012.06
1024.78
1037.09
1048.97
1060.40
1071.35
1081.79
1091.72
1101.10
1109.92
1118.15
1125.77
1132.77
1139.13
1144.82
1149.84
1154.17
1157.80
1160.72
1162.91
1164.37
1165.10
846.86
862.89
878.80
894.57
910.15
925.54
940.71
955.64
970.29
984.65
998.69
1012.40
1025.73
1038.68
1051.22
1063.32
1074.96
1086.12
1096.78
1106.91
1116.48
1125.48
1133.89
1141.68
1148.84
1155.34
1161.17
1166.30
1170.74
1174.45
1177.44
1179.69
1181.19
1181.94
857.47
873.75
889.90
905.91
921.74
937.37
952.78
967.94
982.83
997.42
1011.70
1025.64
1039.21
1052.38
1065.15
1077.47
1089.34
1100.71
1111.58
1121.91
1131.68
1140.88
1149.47
1157.43
1164.75
1171.40
1177.37
1182.63
1187.17
1190.98
1194.04
1196.34
1197.88
1198.65
867.88
884.40
900.79
917.03
933.10
948.97
964.62
980.01
995.14
1009.97
1024.49
1038.66
1052.46
1065.87
1078.86
1091.41
1103.50
1115.09
1126.18
1136.72
1146.70
1156.09
1164.87
1173.01
1180.50
1187.31
1193.42
1198.81
1203.47
1207.37
1210.51
1212.88
1214.46
1215.24
878.07
894.82
911.45
927.93
944.23
960.34
976.22
991.85
1007.21
1022.28
1037.03
1051.43
1065.47
1079.11
1092.33
1105.11
1117.43
1129.25
1140.55
1151.31
1161.50
1171.10
1180.07
1188.41
1196.07
1203.05
1209.31
1214.84
1219.61
1223.62
1226.84
1229.27
1230.89
1231.70
888.02
905.00
921.86
938.57
955.11
971.45
987.56
1003.43
1019.02
1034.33
1049.31
1063.95
1078.22
1092.09
1105.55
1118.57
1131.11
1143.16
1154.69
1165.67
1176.08
1185.89
1195.07
1203.60
1211.45
1218.59
1225.02
1230.69
1235.59
1239.71
1243.02
1245.52
1247.19
1248.02
897.72
914.93
932.02
948.96
965.72
982.29
998.63
1014.73
1030.56
1046.09
1061.31
1076.18
1090.69
1104.80
1118.50
1131.75
1144.53
1156.81
1168.57
1179.78
1190.42
1200.44
1209.84
1218.57
1226.62
1233.95
1240.54
1246.37
1251.41
1255.64
1259.05
1261.62
1263.33
1264.19
907.15
924.58
941.89
959.06
976.05
992.84
1009.41
1025.74
1041.80
1057.56
1073.01
1088.12
1102.86
1117.21
1131.15
1144.64
1157.66
1170.18
1182.18
1193.63
1204.49
1214.75
1224.37
1233.32
1241.57
1249.09
1255.86
1261.85
1267.04
1271.40
1274.91
1277.56
1279.33
1280.21
916.30
933.95
951.48
968.86
986.07
1003.08
1019.88
1036.44
1052.72
1068.72
1084.40
1099.75
1114.73
1129.32
1143.49
1157.22
1170.49
1183.26
1195.50
1207.19
1218.30
1228.79
1238.64
1247.82
1256.28
1264.01
1270.98
1277.14
1282.49
1286.98
1290.60
1293.33
1295.16
1296.08
925.15
943.02
960.76
978.35
995.78
1013.01
1030.03
1046.81
1063.32
1079.55
1095.46
1111.04
1126.25
1141.09
1155.50
1169.48
1183.00
1196.02
1208.51
1220.45
1231.81
1242.55
1252.65
1262.06
1270.75
1278.70
1285.87
1292.23
1297.74
1302.38
1306.12
1308.95
1310.84
1311.78
933.70
951.77
969.71
987.52
1005.16
1022.60
1039.84
1056.83
1073.57
1090.02
1106.17
1121.98
1137.43
1152.51
1167.17
1181.40
1195.16
1208.44
1221.19
1233.39
1245.01
1256.01
1266.36
1276.02
1284.97
1293.15
1300.54
1307.10
1312.79
1317.59
1321.47
1324.39
1326.35
1327.34
941.92
960.19
978.34
996.35
1014.19
1031.85
1049.29
1066.50
1083.46
1100.14
1116.51
1132.55
1148.24
1163.56
1178.47
1192.95
1206.97
1220.51
1233.52
1245.99
1257.88
1269.15
1279.77
1289.70
1298.90
1307.34
1314.96
1321.74
1327.64
1332.61
1336.63
1339.67
1341.71
1342.73
949.80
968.27
986.61
1004.82
1022.86
1040.72
1058.37
1075.80
1092.97
1109.87
1126.46
1142.74
1158.66
1174.22
1189.38
1204.11
1218.40
1232.20
1245.49
1258.24
1270.40
1281.96
1292.86
1303.07
1312.55
1321.25
1329.14
1336.16
1342.27
1347.44
1351.62
1354.79
1356.92
1357.98
957.34
975.99
994.52
1012.92
1031.16
1049.22
1067.07
1084.70
1102.08
1119.20
1136.01
1152.52
1168.68
1184.48
1199.88
1214.88
1229.42
1243.49
1257.06
1270.09
1282.55
1294.40
1305.61
1316.12
1325.89
1334.88
1343.05
1350.33
1356.69
1362.07
1366.44
1369.75
1371.97
1373.08
964.52
983.34
1002.06
1020.64
1039.07
1057.32
1075.37
1093.20
1110.79
1128.11
1145.15
1161.87
1178.27
1194.31
1209.96
1225.21
1240.02
1254.37
1268.22
1281.55
1294.31
1306.47
1317.98
1328.81
1338.91
1348.21
1356.68
1364.26
1370.89
1376.51
1381.08
1384.55
1386.88
1388.05
971.32
990.32
1009.21
1027.97
1046.57
1065.01
1083.25
1101.27
1119.06
1136.59
1153.84
1170.79
1187.41
1203.69
1219.59
1235.10
1250.18
1264.80
1278.95
1292.57
1305.65
1318.13
1329.97
1341.14
1351.58
1361.22
1370.03
1377.93
1384.85
1390.75
1395.55
1399.21
1401.67
1402.90
977.75
996.91
1015.96
1034.89
1053.67
1072.28
1090.70
1108.91
1126.89
1144.62
1162.08
1179.24
1196.09
1212.60
1228.75
1244.51
1259.86
1274.77
1289.20
1303.14
1316.53
1329.35
1341.55
1353.07
1363.87
1373.89
1383.06
1391.32
1398.59
1404.79
1409.86
1413.73
1416.34
1417.66
983.78
1003.09
1022.30
1041.39
1060.33
1079.11
1097.71
1116.10
1134.27
1152.19
1169.85
1187.22
1204.29
1221.03
1237.41
1253.43
1269.05
1284.24
1298.97
1313.22
1326.95
1340.11
1352.67
1364.58
1375.77
1386.19
1395.77
1404.43
1412.08
1418.64
1424.02
1428.14
1430.93
1432.33
989.40
1008.86
1028.22
1047.46
1066.56
1085.49
1104.26
1122.82
1141.16
1159.27
1177.12
1194.70
1211.98
1228.94
1245.56
1261.83
1277.71
1293.18
1308.22
1322.78
1336.85
1350.37
1363.32
1375.62
1387.24
1398.10
1408.12
1417.22
1425.31
1432.28
1438.03
1442.45
1445.46
1446.97
994.62
1014.21
1033.70
1053.08
1072.33
1091.42
1110.34
1129.06
1147.57
1165.86
1183.89
1201.66
1219.14
1236.32
1253.18
1269.68
1285.83
1301.57
1316.91
1331.79
1346.20
1360.10
1373.43
1386.16
1398.23
1409.56
1420.08
1429.68
1438.27
1445.72
1451.91
1456.69
1459.96
1461.62
999.41
1019.12
1038.75
1058.26
1077.64
1096.87
1115.93
1134.81
1153.48
1171.93
1190.14
1208.09
1225.77
1243.15
1260.23
1276.97
1293.36
1309.39
1325.01
1340.22
1354.97
1369.24
1382.99
1396.16
1408.70
1420.54
1431.60
1441.77
1450.93
1458.95
1465.66
1470.90
1474.50
1476.33
1003.77
1023.60
1043.34
1062.97
1082.48
1101.84
1121.04
1140.05
1158.87
1177.47
1195.84
1213.97
1231.83
1249.41
1266.69
1283.66
1300.30
1316.58
1332.50
1348.02
1363.11
1377.76
1391.92
1405.54
1418.58
1430.97
1442.62
1453.43
1463.26
1471.95
1479.31
1485.11
1489.14
1491.21
1007.69
1027.62
1047.47
1067.22
1086.83
1106.31
1125.63
1144.78
1163.73
1182.47
1201.00
1219.28
1237.31
1255.07
1272.55
1289.73
1306.60
1323.14
1339.33
1355.15
1370.58
1385.60
1400.17
1414.26
1427.82
1440.79
1453.08
1464.59
1475.19
1484.68
1492.84
1499.38
1503.98
1506.37
1011.17
1031.20
1051.14
1070.98
1090.70
1110.28
1129.71
1148.97
1168.05
1186.92
1205.58
1224.01
1242.19
1260.12
1277.78
1295.16
1312.24
1329.01
1345.46
1361.57
1377.33
1392.71
1407.69
1422.24
1436.33
1449.90
1462.87
1475.17
1486.63
1497.08
1506.25
1513.75
1519.14
1521.99
1014.19
1034.30
1054.33
1074.26
1094.07
1113.74
1133.27
1152.63
1171.81
1190.80
1209.58
1228.14
1246.46
1264.54
1282.36
1299.92
1317.19
1334.18
1350.87
1367.25
1383.31
1399.03
1414.40
1429.41
1444.01
1458.19
1471.88
1485.01
1497.46
1509.04
1519.47
1528.28
1534.79
1538.32
1016.77
1036.94
1057.04
1077.04
1096.93
1116.68
1136.30
1155.74
1175.02
1194.10
1212.99
1231.66
1250.10
1268.31
1286.27
1303.98
1321.43
1338.61
1355.51
1372.13
1388.46
1404.50
1420.24
1435.67
1450.77
1465.55
1479.95
1493.95
1507.47
1520.35
1532.36
1542.96
1551.08
1555.55
1018.87
1039.11
1059.27
1079.33
1099.28
1119.10
1138.78
1158.30
1177.65
1196.82
1215.79
1234.55
1253.10
1271.42
1289.50
1307.34
1324.93
1342.28
1359.36
1376.19
1392.76
1409.07
1425.13
1440.94
1456.50
1471.83
1486.92
1501.77
1516.38
1530.68
1544.55
1557.60
1568.25
1572.77
1020.52
1040.80
1061.00
1081.11
1101.11
1120.98
1140.72
1160.30
1179.71
1198.94
1217.98
1236.81
1255.44
1273.84
1292.02
1309.97
1327.68
1345.15
1362.39
1379.38
1396.15
1412.69
1429.01
1445.14
1461.09
1476.90
1492.59
1508.22
1523.84
1539.51
1555.20
1570.08
1578.60
1582.52
1021.70
1042.01
1062.24
1082.39
1102.42
1122.33
1142.10
1161.72
1181.18
1200.46
1219.55
1238.44
1257.12
1275.59
1293.84
1311.86
1329.66
1347.22
1364.57
1381.69
1398.60
1415.30
1431.83
1448.20
1464.45
1480.63
1496.79
1513.04
1529.49
1546.41
1564.53
1577.17
1584.67
1588.16
1022.40
1042.73
1062.99
1083.15
1103.21
1123.14
1142.94
1162.58
1182.06
1201.37
1220.49
1239.41
1258.13
1276.64
1294.93
1313.00
1330.84
1348.47
1365.88
1383.08
1400.07
1416.89
1433.54
1450.06
1466.50
1482.91
1499.37
1516.01
1532.98
1550.49
1568.96
1580.83
1587.86
1591.13
1022.64
1042.97
1063.24
1083.41
1103.47
1123.41
1143.22
1162.87
1182.36
1201.67
1220.80
1239.73
1258.46
1276.98
1295.29
1313.37
1331.24
1348.89
1366.32
1383.54
1400.57
1417.42
1434.11
1450.68
1467.18
1483.67
1500.24
1517.02
1534.15
1551.83
1570.29
1581.97
1588.85
1592.05
1022.40
1042.73
1062.99
1083.15
1103.21
1123.14
1142.94
1162.58
1182.06
1201.37
1220.48
1239.41
1258.13
1276.63
1294.92
1312.99
1330.84
1348.47
1365.88
1383.07
1400.07
1416.88
1433.53
1450.06
1466.49
1482.90
1499.37
1516.00
1532.97
1550.48
1568.95
1580.82
1587.85
1591.12
1021.69
1042.00
1062.24
1082.38
1102.42
1122.33
1142.10
1161.72
1181.17
1200.45
1219.54
1238.43
1257.11
1275.58
1293.83
1311.85
1329.65
1347.22
1364.56
1381.68
1398.59
1415.29
1431.82
1448.19
1464.44
1480.61
1496.78
1513.02
1529.48
1546.39
1564.52
1577.15
1584.65
1588.15
1020.51
1040.79
1060.99
1081.10
1101.10
1120.98
1140.71
1160.29
1179.70
1198.93
1217.97
1236.81
1255.43
1273.84
1292.01
1309.96
1327.67
1345.14
1362.38
1379.37
1396.14
1412.67
1429.00
1445.13
1461.08
1476.88
1492.57
1508.20
1523.82
1539.49
1555.18
1570.05
1578.58
1582.49
1018.87
1039.10
1059.26
1079.32
1099.27
1119.09
1138.77
1158.29
1177.64
1196.81
1215.78
1234.54
1253.09
1271.40
1289.49
1307.33
1324.92
1342.26
1359.35
1376.17
1392.74
1409.05
1425.11
1440.92
1456.48
1471.81
1486.89
1501.75
1516.35
1530.65
1544.52
1557.57
1568.22
1572.74
1016.76
1036.93
1057.03
1077.03
1096.92
1116.67
1136.28
1155.73
1175.01
1194.09
1212.97
1231.64
1250.09
1268.29
1286.26
1303.97
1321.42
1338.59
1355.49
1372.11
1388.44
1404.48
1420.22
1435.64
1450.75
1465.52
1479.93
1493.92
1507.43
1520.32
1532.32
1542.92
1551.04
1555.51
1014.18
1034.29
1054.32
1074.24
1094.05
1113.73
1133.26
1152.62
1171.80
1190.79
1209.56
1228.12
1246.44
1264.52
1282.34
1299.90
1317.17
1334.16
1350.85
1367.23
1383.28
1399.00
1414.38
1429.38
1443.99
1458.16
1471.85
1484.98
1497.42
1509.00
1519.43
1528.23
1534.75
1538.27
1011.15
1031.18
1051.12
1070.97
1090.69
1110.27
1129.70
1148.96
1168.03
1186.90
1205.56
1223.99
1242.17
1260.10
1277.76
1295.14
1312.22
1328.99
1345.44
1361.55
1377.30
1392.68
1407.66
1422.21
1436.30
1449.86
1462.84
1475.13
1486.59
1497.04
1506.20
1513.70
1519.10
1521.94
1007.68
1027.61
1047.46
1067.20
1086.82
1106.30
1125.61
1144.76
1163.71
1182.45
1200.98
1219.26
1237.29
1255.05
1272.53
1289.71
1306.57
1323.11
1339.30
1355.12
1370.55
1385.57
1400.14
1414.23
1427.79
1440.75
1453.04
1464.55
1475.15
1484.64
1492.80
1499.33
1503.93
1506.32
1003.75
1023.58
1043.32
1062.95
1082.46
1101.82
1121.02
1140.03
1158.85
1177.45
1195.82
1213.94
1231.80
1249.38
1266.67
1283.63
1300.27
1316.56
1332.47
1347.99
1363.08
1377.73
1391.88
1405.51
1418.55
1430.93
1442.58
1453.39
1463.22
1471.91
1479.26
1485.06
1489.09
1491.16
999.39
1019.10
1038.73
1058.24
1077.62
1096.85
1115.91
1134.79
1153.46
1171.90
1190.11
1208.06
1225.74
1243.12
1260.20
1276.94
1293.33
1309.35
1324.98
1340.18
1354.94
1369.21
1382.95
1396.12
1408.66
1420.50
1431.55
1441.72
1450.89
1458.90
1465.62
1470.85
1474.45
1476.28
994.60
1014.19
1033.68
1053.06
1072.31
1091.40
1110.31
1129.04
1147.55
1165.83
1183.86
1201.63
1219.11
1236.29
1253.14
1269.65
1285.79
1301.54
1316.87
1331.76
1346.17
1360.06
1373.39
1386.12
1398.19
1409.51
1420.03
1429.63
1438.22
1445.67
1451.86
1456.64
1459.91
1461.57
989.38
1008.84
1028.19
1047.43
1066.53
1085.47
1104.23
1122.79
1141.14
1159.24
1177.09
1194.67
1211.95
1228.91
1245.53
1261.79
1277.67
1293.14
1308.18
1322.74
1336.81
1350.33
1363.27
1375.58
1387.19
1398.05
1408.07
1417.17
1425.26
1432.23
1437.98
1442.40
1445.40
1446.92
983.75
1003.07
1022.27
1041.36
1060.30
1079.08
1097.68
1116.07
1134.24
1152.16
1169.81
1187.19
1204.25
1220.99
1237.38
1253.39
1269.01
1284.20
1298.93
1313.18
1326.90
1340.07
1352.63
1364.53
1375.72
1386.14
1395.72
1404.37
1412.02
1418.58
1423.96
1428.08
1430.87
1432.28
977.72
996.88
1015.93
1034.86
1053.64
1072.25
1090.67
1108.88
1126.86
1144.59
1162.05
1179.21
1196.06
1212.56
1228.71
1244.47
1259.82
1274.73
1289.16
1303.10
1316.49
1329.31
1341.50
1353.02
1363.82
1373.84
1383.01
1391.27
1398.53
1404.74
1409.81
1413.67
1416.29
1417.60
971.30
990.29
1009.18
1027.94
1046.54
1064.98
1083.22
1101.24
1119.03
1136.56
1153.81
1170.75
1187.37
1203.65
1219.55
1235.05
1250.13
1264.76
1278.90
1292.53
1305.60
1318.08
1329.92
1341.09
1351.52
1361.17
1369.97
1377.87
1384.80
1390.69
1395.49
1399.15
1401.61
1402.84
964.49
983.32
1002.03
1020.61
1039.04
1057.28
1075.33
1093.16
1110.75
1128.07
1145.11
1161.84
1178.23
1194.27
1209.92
1225.17
1239.98
1254.32
1268.18
1281.50
1294.26
1306.42
1317.93
1328.76
1338.85
1348.16
1356.63
1364.20
1370.83
1376.45
1381.02
1384.49
1386.82
1387.99
957.31
975.96
994.49
1012.89
1031.13
1049.18
1067.04
1084.67
1102.05
1119.16
1135.98
1152.48
1168.64
1184.43
1199.84
1214.83
1229.38
1243.45
1257.01
1270.04
1282.50
1294.35
1305.55
1316.06
1325.83
1334.83
1342.99
1350.27
1356.63
1362.01
1366.38
1369.68
1371.91
1373.02
949.77
968.23
986.58
1004.78
1022.83
1040.69
1058.34
1075.76
1092.93
1109.83
1126.42
1142.69
1158.62
1174.18
1189.33
1204.07
1218.35
1232.15
1245.44
1258.18
1270.35
1281.90
1292.80
1303.01
1312.49
1321.19
1329.08
1336.10
1342.21
1347.38
1351.56
1354.73
1356.85
1357.91
941.88
960.15
978.30
996.31
1014.15
1031.81
1049.25
1066.46
1083.42
1100.09
1116.46
1132.51
1148.20
1163.51
1178.42
1192.90
1206.92
1220.45
1233.47
1245.94
1257.83
1269.10
1279.71
1289.64
1298.84
1307.27
1314.90
1321.68
1327.57
1332.55
1336.57
1339.61
1341.65
1342.67
933.66
951.73
969.68
987.48
1005.12
1022.57
1039.80
1056.79
1073.53
1089.98
1106.12
1121.93
1137.39
1152.46
1167.12
1181.35
1195.11
1208.38
1221.14
1233.34
1244.95
1255.95
1266.30
1275.96
1284.90
1293.09
1300.47
1307.03
1312.72
1317.52
1321.40
1324.33
1326.29
1327.27
925.12
942.98
960.72
978.31
995.74
1012.97
1029.99
1046.76
1063.28
1079.50
1095.41
1110.99
1126.21
1141.04
1155.45
1169.43
1182.94
1195.96
1208.45
1220.39
1231.75
1242.49
1252.58
1261.99
1270.69
1278.64
1285.81
1292.16
1297.67
1302.31
1306.05
1308.88
1310.77
1311.72
916.26
933.91
951.44
968.82
986.03
1003.04
1019.84
1036.39
1052.68
1068.67
1084.35
1099.70
1114.67
1129.26
1143.44
1157.17
1170.43
1183.20
1195.44
1207.13
1218.24
1228.73
1238.58
1247.75
1256.22
1263.95
1270.91
1277.08
1282.42
1286.91
1290.53
1293.26
1295.09
1296.01
907.11
924.54
941.85
959.01
976.00
992.79
1009.36
1025.69
1041.75
1057.51
1072.96
1088.07
1102.81
1117.16
1131.09
1144.58
1157.60
1170.12
1182.12
1193.57
1204.43
1214.69
1224.30
1233.25
1241.50
1249.02
1255.79
1261.78
1266.97
1271.33
1274.84
1277.48
1279.26
1280.14
897.68
914.89
931.98
948.91
965.68
982.24
998.58
1014.68
1030.51
1046.04
1061.26
1076.13
1090.63
1104.75
1118.44
1131.69
1144.47
1156.75
1168.51
1179.72
1190.35
1200.38
1209.77
1218.50
1226.55
1233.88
1240.47
1246.30
1251.34
1255.57
1258.98
1261.54
1263.26
1264.12
887.98
904.96
921.82
938.53
955.06
971.40
987.51
1003.38
1018.97
1034.27
1049.26
1063.89
1078.16
1092.04
1105.49
1118.51
1131.05
1143.10
1154.63
1165.61
1176.01
1185.82
1195.00
1203.53
1211.38
1218.52
1224.95
1230.62
1235.52
1239.64
1242.95
1245.45
1247.11
1247.95
878.03
894.78
911.41
927.88
944.19
960.29
976.17
991.80
1007.16
1022.23
1036.97
1051.38
1065.41
1079.05
1092.27
1105.05
1117.37
1129.19
1140.49
1151.24
1161.43
1171.03
1180.00
1188.34
1196.00
1202.97
1209.23
1214.76
1219.54
1223.55
1226.77
1229.20
1230.82
1231.63
867.84
884.36
900.75
916.99
933.05
948.92
964.57
979.96
995.09
1009.92
1024.43
1038.60
1052.40
1065.81
1078.80
1091.35
1103.43
1115.03
1126.11
1136.65
1146.63
1156.02
1164.80
1172.94
1180.43
1187.24
1193.35
1198.74
1203.39
1207.30
1210.44
1212.80
1214.38
1215.17
857.43
873.71
889.86
905.86
921.69
937.32
952.72
967.88
982.77
997.37
1011.65
1025.58
1039.15
1052.32
1065.09
1077.41
1089.27
1100.65
1111.51
1121.84
1131.62
1140.81
1149.40
1157.36
1164.68
1171.33
1177.30
1182.56
1187.10
1190.90
1193.96
1196.27
1197.81
1198.58
846.81
862.85
878.76
894.52
910.10
925.49
940.66
955.58
970.23
984.59
998.63
1012.34
1025.67
1038.62
1051.16
1063.26
1074.90
1086.06
1096.71
1106.84
1116.41
1125.41
1133.82
1141.61
1148.76
1155.26
1161.09
1166.23
1170.66
1174.38
1177.36
1179.61
1181.11
1181.86
836.01
851.80
867.46
882.98
898.32
913.47
928.39
943.07
957.49
971.61
985.42
998.89
1011.99
1024.71
1037.03
1048.91
1060.33
1071.28
1081.73
1091.65
1101.03
1109.85
1118.08
1125.70
1132.70
1139.05
1144.75
1149.77
1154.10
1157.72
1160.64
1162.83
1164.29
1165.03
825.04
840.58
855.99
871.26
886.35
901.26
915.94
930.38
944.56
958.44
972.02
985.25
998.13
1010.62
1022.71
1034.38
1045.59
1056.33
1066.57
1076.30
1085.49
1094.13
1102.19
1109.65
1116.50
1122.71
1128.28
1133.19
1137.42
1140.96
1143.81
1145.95
1147.38
1148.09
813.91
829.20
844.36
859.37
874.22
888.88
903.32
917.52
931.46
945.10
958.44
971.45
984.10
996.37
1008.24
1019.69
1030.69
1041.23
1051.27
1060.81
1069.82
1078.28
1086.17
1093.47
1100.17
1106.25
1111.70
1116.50
1120.63
1124.10
1126.88
1128.97
1130.37
1131.06
802.65
817.68
832.58
847.35
861.95
876.36
890.55
904.51
918.21
931.62
944.72
957.50
969.93
981.97
993.63
1004.86
1015.66
1025.99
1035.84
1045.19
1054.02
1062.31
1070.04
1077.19
1083.75
1089.70
1095.03
1099.72
1103.76
1107.15
1109.87
1111.91
1113.28
1113.96
791.27
806.04
820.69
835.20
849.55
863.71
877.66
891.37
904.83
918.00
930.88
943.42
955.62
967.45
978.89
989.92
1000.51
1010.64
1020.30
1029.47
1038.12
1046.24
1053.81
1060.81
1067.24
1073.06
1078.28
1082.87
1086.82
1090.13
1092.79
1094.79
1096.13
1096.79
779.80
794.30
808.69
822.95
837.04
850.95
864.65
878.13
891.34
904.28
916.92
929.24
941.22
952.83
964.05
974.87
985.26
995.20
1004.67
1013.66
1022.14
1030.09
1037.51
1044.37
1050.66
1056.36
1061.46
1065.96
1069.83
1073.07
1075.67
1077.62
1078.93
1079.58
768.24
782.48
796.61
810.61
824.45
838.11
851.57
864.79
877.77
890.47
902.88
914.98
926.73
938.12
949.14
959.75
969.94
979.68
988.97
997.78
1006.09
1013.89
1021.15
1027.87
1034.03
1039.61
1044.61
1049.01
1052.79
1055.96
1058.51
1060.42
1061.70
1062.34
756.63
770.60
784.47
798.21
811.80
825.20
838.41
851.39
864.13
876.60
888.78
900.65
912.18
923.36
934.16
944.57
954.56
964.12
973.23
981.86
990.00
997.64
1004.76
1011.34
1017.37
1022.84
1027.73
1032.04
1035.74
1038.85
1041.34
1043.21
1044.46
1045.08
744.97
758.69
772.29
785.77
799.10
812.26
825.21
837.95
850.45
862.69
874.64
886.28
897.59
908.56
919.15
929.36
939.16
948.53
957.45
965.92
973.90
981.38
988.36
994.80
1000.71
1006.06
1010.85
1015.07
1018.70
1021.74
1024.17
1026.01
1027.23
1027.84
733.31
746.75
760.09
773.31
786.38
799.29
812.00
824.49
836.75
848.75
860.47
871.89
882.99
893.74
904.13
914.14
923.74
932.93
941.68
949.97
957.80
965.13
971.96
978.28
984.06
989.31
994.00
998.12
1001.68
1004.65
1007.04
1008.83
1010.03
1010.62
721.64
734.82
747.90
760.86
773.67
786.32
798.78
811.04
823.06
834.82
846.32
857.51
868.39
878.94
889.12
898.93
908.35
917.35
925.93
934.06
941.72
948.91
955.60
961.79
967.45
972.59
977.18
981.22
984.70
987.61
989.95
991.70
992.88
993.46
710.01
722.91
735.73
748.43
760.98
773.38
785.60
797.61
809.39
820.93
832.19
843.17
853.83
864.17
874.15
883.77
893.00
901.82
910.23
918.19
925.70
932.74
939.30
945.36
950.91
955.94
960.43
964.39
967.80
970.65
972.94
974.65
975.80
976.37
698.42
711.06
723.61
736.05
748.35
760.50
772.46
784.23
795.78
807.08
818.12
828.88
839.33
849.46
859.25
868.67
877.72
886.36
894.60
902.40
909.76
916.65
923.08
929.01
934.45
939.38
943.78
947.66
950.99
953.78
956.02
957.71
958.83
959.39
686.91
699.28
711.57
723.74
735.79
747.68
759.41
770.94
782.25
793.32
804.14
814.68
824.92
834.85
844.43
853.67
862.53
871.00
879.07
886.71
893.92
900.68
906.97
912.78
918.11
922.93
927.25
931.04
934.31
937.04
939.23
940.88
941.98
942.53
675.50
687.60
699.62
711.54
723.33
734.98
746.46
757.75
768.82
779.67
790.27
800.59
810.62
820.35
829.74
838.79
847.47
855.77
863.67
871.16
878.22
884.84
891.00
896.70
901.91
906.64
910.86
914.58
917.78
920.46
922.60
924.22
925.29
925.83
664.21
676.05
687.80
699.46
711.00
722.40
733.64
744.69
755.54
766.16
776.53
786.65
796.47
806.00
815.20
824.06
832.56
840.69
848.43
855.77
862.69
869.17
875.21
880.78
885.89
890.52
894.66
898.30
901.43
904.05
906.15
907.73
908.79
909.32
653.07
664.64
676.14
687.54
698.83
709.98
720.98
731.79
742.41
752.81
762.97
772.87
782.49
791.82
800.83
809.51
817.84
825.80
833.39
840.57
847.35
853.70
859.61
865.07
870.08
874.61
878.66
882.23
885.29
887.86
889.92
891.47
892.50
893.02
642.10
653.41
664.65
675.80
686.84
697.75
708.50
719.09
729.48
739.66
749.61
759.30
768.72
777.85
786.68
795.18
803.33
811.13
818.56
825.60
832.23
838.45
844.25
849.60
854.50
858.94
862.91
866.40
869.40
871.92
873.94
875.45
876.46
876.97
631.34
642.38
653.37
664.26
675.06
685.73
696.25
706.61
716.78
726.74
736.47
745.96
755.18
764.13
772.77
781.09
789.08
796.72
803.99
810.88
817.38
823.48
829.15
834.39
839.19
843.54
847.43
850.85
853.79
856.26
858.23
859.72
860.71
861.20
620.80
631.59
642.32
652.97
663.52
673.95
684.25
694.38
704.33
714.07
723.60
732.89
741.92
750.67
759.13
767.28
775.11
782.59
789.71
796.46
802.83
808.80
814.36
819.49
824.19
828.45
832.26
835.61
838.50
840.91
842.84
844.30
845.27
845.76
610.51
621.05
631.53
641.94
652.26
662.46
672.52
682.43
692.16
701.70
711.02
720.11
728.95
737.53
745.81
753.79
761.45
768.78
775.76
782.37
788.61
794.45
799.90
804.93
809.54
813.71
817.44
820.72
823.55
825.91
827.81
829.24
830.19
830.66
600.51
610.80
621.04
631.21
641.29
651.26
661.11
670.80
680.32
689.65
698.78
707.67
716.33
724.72
732.83
740.65
748.15
755.33
762.17
768.65
774.76
780.48
785.82
790.75
795.26
799.35
803.01
806.23
808.99
811.31
813.17
814.57
815.50
815.97
590.82
600.86
610.87
620.81
630.66
640.41
650.03
659.51
668.83
677.96
686.89
695.60
704.08
712.29
720.24
727.89
735.25
742.28
748.97
755.32
761.31
766.92
772.15
776.98
781.41
785.41
789.00
792.15
794.87
797.14
798.96
800.33
801.24
801.70
581.46
591.27
601.05
610.76
620.39
629.92
639.33
648.61
657.72
666.66
675.41
683.93
692.23
700.28
708.06
715.56
722.76
729.65
736.22
742.44
748.31
753.81
758.94
763.67
768.01
771.94
775.45
778.55
781.21
783.43
785.22
786.56
787.46
787.91
572.47
582.06
591.60
601.10
610.51
619.84
629.04
638.12
647.04
655.79
664.35
672.70
680.83
688.72
696.34
703.69
710.75
717.50
723.94
730.04
735.79
741.19
746.21
750.86
755.11
758.97
762.41
765.45
768.06
770.24
771.99
773.31
774.19
774.63
563.88
573.24
582.57
591.85
601.06
610.18
619.19
628.08
636.81
645.38
653.77
661.95
669.91
677.64
685.11
692.32
699.24
705.86
712.17
718.16
723.80
729.09
734.02
738.58
742.75
746.54
749.92
752.90
755.46
757.60
759.32
760.61
761.48
761.91
555.70
564.86
573.98
583.06
592.07
601.00
609.82
618.52
627.07
635.47
643.68
651.71
659.51
667.09
674.42
681.49
688.28
694.77
700.96
706.84
712.37
717.57
722.41
726.88
730.98
734.69
738.01
740.93
743.45
745.56
747.24
748.51
749.36
749.79
547.98
556.93
565.86
574.74
583.56
592.30
600.95
609.47
617.85
626.08
634.14
642.01
649.67
657.10
664.29
671.23
677.89
684.27
690.35
696.11
701.55
706.65
711.41
715.80
719.83
723.47
726.74
729.61
732.08
734.15
735.81
737.05
737.89
738.30
540.73
549.49
558.23
566.93
575.57
584.14
592.61
600.97
609.19
617.27
625.17
632.89
640.41
647.71
654.77
661.58
668.13
674.39
680.37
686.03
691.38
696.39
701.06
705.38
709.34
712.92
716.13
718.95
721.38
723.42
725.05
726.27
727.09
727.50
533.98
542.56
551.13
559.66
568.13
576.53
584.84
593.05
601.12
609.05
616.81
624.39
631.78
638.95
645.89
652.59
659.02
665.18
671.05
676.63
681.88
686.81
691.41
695.66
699.55
703.08
706.24
709.01
711.40
713.41
715.01
716.22
717.02
717.43
527.75
536.17
544.57
552.94
561.26
569.51
577.67
585.73
593.66
601.46
609.09
616.54
623.81
630.86
637.69
644.28
650.61
656.67
662.45
667.94
673.11
677.97
682.49
686.68
690.51
693.98
697.09
699.83
702.18
704.16
705.74
706.93
707.72
708.12
526.75
535.17
543.57
551.95
560.27
568.53
576.70
584.77
592.71
600.51
608.15
615.62
622.89
629.96
636.80
643.40
649.74
655.82
661.61
667.11
672.29
677.16
681.69
685.89
689.73
693.21
696.33
699.07
701.43
703.41
705.00
706.19
706.98
707.38
532.99
541.58
550.15
558.68
567.17
575.58
583.90
592.11
600.19
608.13
615.91
623.50
630.90
638.09
645.04
651.75
658.20
664.37
670.26
675.84
681.11
686.05
690.66
694.92
698.82
702.36
705.52
708.31
710.70
712.71
714.32
715.53
716.34
716.74
539.76
548.53
557.28
565.99
574.64
583.21
591.70
600.06
608.30
616.39
624.31
632.04
639.57
646.88
653.96
660.79
667.35
673.63
679.61
685.29
690.65
695.68
700.36
704.69
708.66
712.25
715.47
718.30
720.73
722.77
724.41
725.64
726.46
726.87
547.04
556.00
564.93
573.83
582.66
591.41
600.06
608.60
617.00
625.24
633.32
641.20
648.87
656.32
663.53
670.48
677.16
683.55
689.65
695.42
700.88
705.99
710.76
715.16
719.20
722.86
726.13
729.01
731.49
733.56
735.22
736.48
737.31
737.73
554.79
563.95
573.08
582.17
591.20
600.14
608.97
617.68
626.26
634.67
642.90
650.94
658.76
666.35
673.70
680.79
687.59
694.11
700.31
706.20
711.75
716.96
721.81
726.30
730.41
734.13
737.46
740.39
742.92
745.03
746.72
748.00
748.85
749.27
562.99
572.36
581.71
591.00
600.22
609.36
618.38
627.28
636.04
644.62
653.02
661.23
669.21
676.95
684.45
691.67
698.61
705.25
711.58
717.58
723.23
728.54
733.49
738.06
742.24
746.04
749.43
752.41
754.99
757.14
758.86
760.16
761.02
761.46
571.61
581.21
590.77
600.28
609.71
619.05
628.27
637.36
646.31
655.07
663.65
672.03
680.17
688.08
695.72
703.09
710.17
716.94
723.40
729.51
735.28
740.70
745.74
750.39
754.66
758.53
761.99
765.03
767.65
769.84
771.60
772.92
773.80
774.24
580.63
590.45
600.24
609.97
619.62
629.17
638.60
647.90
657.03
665.99
674.75
683.30
691.62
699.69
707.50
715.02
722.24
729.15
735.73
741.97
747.86
753.38
758.52
763.27
767.62
771.57
775.09
778.19
780.86
783.10
784.89
786.24
787.14
787.59
590.01
600.08
610.10
620.05
629.93
639.70
649.34
658.84
668.18
677.34
686.29
695.02
703.52
711.76
719.73
727.40
734.78
741.83
748.55
754.92
760.92
766.55
771.80
776.65
781.08
785.11
788.70
791.87
794.59
796.87
798.70
800.07
800.99
801.45
599.74
610.04
620.30
630.49
640.60
650.59
660.46
670.17
679.72
689.07
698.22
707.15
715.82
724.24
732.38
740.22
747.74
754.94
761.80
768.30
774.43
780.18
785.53
790.48
795.01
799.11
802.78
806.01
808.79
811.11
812.98
814.38
815.32
815.78
609.77
620.33
630.83
641.26
651.60
661.82
671.91
681.85
691.61
701.17
710.52
719.64
728.50
737.10
745.41
753.42
761.10
768.45
775.46
782.09
788.35
794.22
799.68
804.73
809.35
813.54
817.28
820.58
823.41
825.79
827.69
829.12
830.08
830.55
620.09
630.90
641.65
652.33
662.91
673.37
683.68
693.84
703.82
713.59
723.15
732.46
741.52
750.30
758.79
766.97
774.82
782.32
789.47
796.25
802.64
808.62
814.20
819.36
824.08
828.35
832.17
835.54
838.43
840.85
842.80
844.26
845.23
845.72
630.66
641.73
652.74
663.66
674.48
685.18
695.73
706.12
716.32
726.31
736.07
745.59
754.84
763.81
772.48
780.83
788.85
796.52
803.82
810.73
817.26
823.37
829.06
834.33
839.14
843.51
847.41
850.85
853.80
856.27
858.26
859.75
860.74
861.24
641.46
652.79
664.06
675.23
686.30
697.24
708.03
718.65
729.07
739.28
749.26
758.98
768.44
777.60
786.45
794.98
803.17
811.00
818.45
825.51
832.17
838.42
844.23
849.60
854.52
858.98
862.96
866.47
869.49
872.01
874.04
875.56
876.57
877.08
652.46
664.06
675.58
687.02
698.34
709.52
720.55
731.40
742.05
752.48
762.68
772.61
782.26
791.62
800.67
809.38
817.74
825.73
833.34
840.55
847.35
853.73
859.66
865.15
870.17
874.72
878.79
882.37
885.45
888.03
890.10
891.65
892.69
893.21
663.64
675.50
687.29
698.98
710.55
721.99
733.26
744.34
755.22
765.88
776.29
786.44
796.30
805.86
815.09
823.98
832.52
840.68
848.45
855.82
862.76
869.27
875.33
880.93
886.06
890.71
894.86
898.51
901.66
904.29
906.40
907.99
909.05
909.58
674.96
687.09
699.15
711.10
722.92
734.61
746.12
757.45
768.56
779.45
790.08
800.44
810.51
820.27
829.69
838.77
847.49
855.82
863.76
871.27
878.36
885.01
891.20
896.92
902.15
906.90
911.14
914.87
918.08
920.77
922.93
924.55
925.63
926.17
686.41
698.81
711.13
723.34
735.43
747.36
759.12
770.69
782.04
793.15
804.01
814.58
824.86
834.82
844.45
853.72
862.61
871.12
879.22
886.89
894.13
900.92
907.23
913.07
918.42
923.27
927.60
931.41
934.69
937.43
939.64
941.29
942.40
942.95
697.95
710.63
723.21
735.69
748.03
760.21
772.22
784.03
795.62
806.96
818.04
828.84
839.33
849.50
859.32
868.78
877.86
886.55
894.81
902.65
910.04
916.96
923.41
929.37
934.83
939.78
944.21
948.10
951.45
954.25
956.50
958.19
959.32
959.88
709.57
722.52
735.37
748.11
760.71
773.15
785.40
797.46
809.28
820.86
832.16
843.18
853.89
864.26
874.29
883.94
893.21
902.07
910.51
918.50
926.05
933.12
939.70
945.79
951.36
956.41
960.93
964.91
968.33
971.19
973.49
975.22
976.37
976.95
721.24
734.46
747.58
760.58
773.44
786.13
798.64
810.93
823.00
834.81
846.34
857.58
868.50
879.09
889.32
899.17
908.62
917.67
926.28
934.44
942.14
949.35
956.08
962.29
967.98
973.14
977.75
981.81
985.31
988.23
990.58
992.34
993.52
994.11
732.94
746.43
759.81
773.08
786.19
799.14
811.90
824.44
836.74
848.79
860.55
872.02
883.16
893.95
904.38
914.43
924.08
933.31
942.09
950.42
958.28
965.65
972.51
978.85
984.66
989.93
994.64
998.79
1002.36
1005.35
1007.74
1009.54
1010.75
1011.35
744.65
758.40
772.05
785.58
798.95
812.15
825.16
837.95
850.49
862.77
874.77
886.46
897.81
908.82
919.46
929.71
939.55
948.97
957.93
966.43
974.45
981.97
988.97
995.45
1001.38
1006.76
1011.57
1015.81
1019.46
1022.51
1024.96
1026.80
1028.03
1028.64
756.33
770.36
784.27
798.06
811.69
825.15
838.40
851.43
864.22
876.74
888.96
900.88
912.46
923.68
934.53
944.99
955.02
964.62
973.77
982.44
990.62
998.30
1005.45
1012.06
1018.12
1023.61
1028.53
1032.85
1036.58
1039.69
1042.20
1044.08
1045.33
1045.96
767.98
782.27
796.45
810.50
824.39
838.10
851.60
864.88
877.91
890.66
903.12
915.26
927.06
938.51
949.57
960.22
970.46
980.25
989.58
998.43
1006.77
1014.61
1021.91
1028.66
1034.85
1040.46
1045.48
1049.89
1053.70
1056.89
1059.44
1061.37
1062.65
1063.29
779.57
794.13
808.57
822.87
837.02
850.98
864.73
878.26
891.53
904.52
917.21
929.58
941.61
953.27
964.54
975.41
985.84
995.82
1005.34
1014.37
1022.89
1030.88
1038.33
1045.23
1051.54
1057.27
1062.40
1066.92
1070.81
1074.06
1076.68
1078.64
1079.96
1080.61
791.08
805.90
820.60
835.17
849.57
863.78
877.78
891.55
905.06
918.29
931.22
943.82
956.07
967.95
979.44
990.51
1001.15
1011.33
1021.03
1030.24
1038.94
1047.09
1054.70
1061.74
1068.19
1074.05
1079.29
1083.90
1087.88
1091.21
1093.88
1095.89
1097.23
1097.90
802.49
817.57
832.53
847.35
862.01
876.47
890.72
904.73
918.48
931.95
945.11
957.94
970.42
982.52
994.23
1005.51
1016.36
1026.74
1036.64
1046.03
1054.90
1063.23
1071.00
1078.18
1084.78
1090.76
1096.11
1100.83
1104.89
1108.30
1111.03
1113.09
1114.46
1115.14
813.79
829.13
844.34
859.42
874.32
889.03
903.53
917.79
931.78
945.49
958.88
971.94
984.65
996.97
1008.90
1020.40
1031.45
1042.03
1052.13
1061.71
1070.76
1079.26
1087.19
1094.54
1101.27
1107.38
1112.86
1117.68
1121.84
1125.32
1128.11
1130.22
1131.62
1132.32
824.95
840.54
856.01
871.34
886.49
901.45
916.19
930.69
944.93
958.87
972.50
985.79
998.73
1011.28
1023.43
1035.14
1046.41
1057.20
1067.49
1077.27
1086.50
1095.18
1103.28
1110.78
1117.66
1123.91
1129.51
1134.44
1138.69
1142.26
1145.12
1147.27
1148.71
1149.43
835.95
851.80
867.52
883.09
898.49
913.70
928.69
943.43
957.90
972.08
985.95
999.48
1012.64
1025.42
1037.79
1049.72
1061.20
1072.20
1082.70
1092.68
1102.10
1110.96
1119.23
1126.90
1133.93
1140.32
1146.05
1151.09
1155.45
1159.09
1162.03
1164.23
1165.70
1166.44
846.79
862.88
878.85
894.67
910.32
925.77
940.99
955.98
970.69
985.11
999.21
1012.98
1026.37
1039.38
1051.97
1064.13
1075.83
1087.04
1097.75
1107.92
1117.54
1126.59
1135.04
1142.87
1150.07
1156.60
1162.46
1167.63
1172.09
1175.82
1178.82
1181.08
1182.59
1183.35
857.43
873.77
889.98
906.05
921.94
937.63
953.10
968.32
983.27
997.93
1012.27
1026.27
1039.89
1053.13
1065.95
1078.34
1090.26
1101.69
1112.60
1122.99
1132.81
1142.05
1150.69
1158.69
1166.05
1172.74
1178.74
1184.03
1188.60
1192.42
1195.50
1197.82
1199.37
1200.14
867.87
884.45
900.90
917.21
933.34
949.27
964.98
980.44
995.63
1010.52
1025.10
1039.33
1053.19
1066.66
1079.72
1092.33
1104.47
1116.12
1127.26
1137.85
1147.88
1157.33
1166.15
1174.34
1181.87
1188.72
1194.86
1200.28
1204.97
1208.89
1212.05
1214.43
1216.02
1216.81
878.09
894.90
911.60
928.14
944.50
960.67
976.62
992.31
1007.74
1022.87
1037.68
1052.15
1066.25
1079.95
1093.24
1106.08
1118.45
1130.33
1141.69
1152.51
1162.75
1172.40
1181.42
1189.80
1197.51
1204.52
1210.82
1216.38
1221.18
1225.22
1228.46
1230.90
1232.53
1233.35
888.07
905.12
922.04
938.82
955.42
971.82
988.00
1003.93
1019.59
1034.96
1050.01
1064.71
1079.04
1092.99
1106.51
1119.58
1132.19
1144.30
1155.89
1166.93
1177.39
1187.25
1196.48
1205.06
1212.95
1220.14
1226.60
1232.31
1237.24
1241.38
1244.72
1247.23
1248.91
1249.75
897.79
915.07
932.22
949.23
966.06
982.69
999.10
1015.27
1031.16
1046.77
1062.05
1076.99
1091.56
1105.74
1119.50
1132.81
1145.66
1158.00
1169.83
1181.10
1191.79
1201.87
1211.31
1220.10
1228.19
1235.57
1242.20
1248.06
1253.13
1257.39
1260.82
1263.41
1265.14
1266.00
907.25
924.75
942.13
959.36
976.42
993.28
1009.92
1026.31
1042.44
1058.28
1073.79
1088.97
1103.78
1118.20
1132.20
1145.75
1158.84
1171.43
1183.49
1195.00
1205.92
1216.24
1225.91
1234.91
1243.21
1250.78
1257.59
1263.62
1268.84
1273.23
1276.76
1279.43
1281.21
1282.10
916.43
934.15
951.74
969.19
986.47
1003.56
1020.42
1037.04
1053.40
1069.47
1085.22
1100.63
1115.68
1130.34
1144.59
1158.39
1171.72
1184.55
1196.86
1208.62
1219.78
1230.34
1240.24
1249.47
1257.99
1265.77
1272.78
1278.99
1284.37
1288.89
1292.54
1295.29
1297.13
1298.05
925.31
943.24
961.05
978.71
996.21
1013.51
1030.60
1047.45
1064.03
1080.33
1096.32
1111.97
1127.25
1142.15
1156.64
1170.69
1184.27
1197.36
1209.92
1221.93
1233.35
1244.16
1254.31
1263.78
1272.53
1280.53
1287.75
1294.15
1299.70
1304.37
1308.14
1310.99
1312.89
1313.85
933.88
952.02
970.03
987.91
1005.62
1023.14
1040.44
1057.51
1074.32
1090.84
1107.06
1122.94
1138.47
1153.61
1168.35
1182.65
1196.49
1209.83
1222.65
1234.92
1246.61
1257.68
1268.09
1277.81
1286.81
1295.05
1302.49
1309.10
1314.83
1319.67
1323.57
1326.52
1328.50
1329.49
942.12
960.46
978.68
996.76
1014.68
1032.41
1049.92
1067.21
1084.24
1100.99
1117.43
1133.55
1149.32
1164.70
1179.69
1194.24
1208.34
1221.95
1235.04
1247.58
1259.53
1270.87
1281.56
1291.55
1300.82
1309.31
1316.99
1323.82
1329.76
1334.78
1338.83
1341.90
1343.95
1344.98
950.03
968.56
986.98
1005.26
1023.37
1041.31
1059.03
1076.53
1093.78
1110.75
1127.42
1143.77
1159.77
1175.41
1190.64
1205.45
1219.81
1233.68
1247.05
1259.87
1272.11
1283.74
1294.71
1304.99
1314.53
1323.30
1331.24
1338.32
1344.48
1349.69
1353.91
1357.11
1359.25
1360.33
957.59
976.31
994.91
1013.38
1031.70
1049.83
1067.76
1085.46
1102.92
1120.11
1137.00
1153.58
1169.82
1185.70
1201.18
1216.25
1230.87
1245.02
1258.67
1271.78
1284.31
1296.24
1307.51
1318.10
1327.94
1337.00
1345.23
1352.58
1358.99
1364.42
1368.83
1372.17
1374.41
1375.54
964.79
983.68
1002.47
1021.13
1039.63
1057.95
1076.08
1093.99
1111.65
1129.05
1146.17
1162.97
1179.44
1195.56
1211.29
1226.62
1241.51
1255.94
1269.87
1283.28
1296.12
1308.36
1319.95
1330.86
1341.03
1350.41
1358.95
1366.59
1373.28
1378.96
1383.57
1387.08
1389.44
1390.62
971.61
990.68
1009.64
1028.47
1047.16
1065.67
1083.98
1102.08
1119.95
1137.56
1154.89
1171.91
1188.62
1204.97
1220.95
1236.54
1251.70
1266.41
1280.64
1294.35
1307.50
1320.07
1332.00
1343.25
1353.77
1363.50
1372.38
1380.35
1387.34
1393.30
1398.16
1401.85
1404.34
1405.59
978.05
997.28
1016.41
1035.41
1054.27
1072.96
1091.46
1109.75
1127.81
1145.61
1163.15
1180.39
1197.32
1213.91
1230.14
1245.99
1261.42
1276.41
1290.94
1304.96
1318.44
1331.35
1343.63
1355.24
1366.13
1376.24
1385.50
1393.83
1401.18
1407.45
1412.58
1416.50
1419.15
1420.48
984.10
1003.48
1022.77
1041.93
1060.95
1079.81
1098.48
1116.95
1135.20
1153.20
1170.94
1188.40
1205.54
1222.37
1238.84
1254.94
1270.64
1285.92
1300.74
1315.08
1328.90
1342.16
1354.81
1366.81
1378.10
1388.62
1398.29
1407.04
1414.78
1421.42
1426.87
1431.04
1433.87
1435.30
989.74
1009.27
1028.70
1048.02
1067.19
1086.21
1105.05
1123.69
1142.12
1160.31
1178.24
1195.90
1213.26
1230.30
1247.01
1263.37
1279.33
1294.90
1310.02
1324.68
1338.84
1352.47
1365.51
1377.92
1389.63
1400.60
1410.73
1419.93
1428.12
1435.19
1441.02
1445.51
1448.56
1450.10
994.96
1014.63
1034.20
1053.66
1072.98
1092.15
1111.15
1129.95
1148.55
1166.91
1185.03
1202.88
1220.45
1237.71
1254.65
1271.25
1287.48
1303.32
1318.75
1333.73
1348.24
1362.23
1375.68
1388.52
1400.69
1412.14
1422.77
1432.50
1441.20
1448.76
1455.05
1459.92
1463.24
1464.93
999.77
1019.56
1039.26
1058.85
1078.31
1097.62
1116.76
1135.72
1154.47
1173.00
1191.29
1209.33
1227.09
1244.56
1261.72
1278.56
1295.04
1311.16
1326.88
1342.19
1357.04
1371.42
1385.28
1398.56
1411.23
1423.19
1434.38
1444.69
1453.99
1462.14
1468.97
1474.31
1477.99
1479.86
1004.14
1024.05
1043.87
1063.58
1083.16
1102.60
1121.88
1140.97
1159.87
1178.56
1197.01
1215.22
1233.17
1250.84
1268.21
1285.27
1302.00
1318.38
1334.39
1350.02
1365.22
1379.98
1394.25
1408.00
1421.17
1433.70
1445.50
1456.46
1466.44
1475.29
1482.80
1488.74
1492.87
1494.99
1008.07
1028.08
1048.01
1067.83
1087.53
1107.09
1126.49
1145.71
1164.75
1183.57
1202.18
1220.55
1238.67
1256.52
1274.09
1291.36
1308.32
1324.96
1341.25
1357.17
1372.72
1387.85
1402.55
1416.77
1430.47
1443.59
1456.04
1467.73
1478.51
1488.19
1496.54
1503.25
1507.99
1510.46
1011.56
1031.66
1051.68
1071.60
1091.40
1111.07
1130.58
1149.92
1169.08
1188.03
1206.78
1225.29
1243.56
1261.58
1279.33
1296.80
1313.98
1330.85
1347.40
1363.62
1379.49
1394.99
1410.10
1424.79
1439.03
1452.76
1465.91
1478.40
1490.08
1500.76
1510.16
1517.90
1523.51
1526.49
1014.59
1034.78
1054.88
1074.89
1094.78
1114.54
1134.15
1153.59
1172.85
1191.92
1210.79
1229.43
1247.84
1266.01
1283.93
1301.57
1318.95
1336.04
1352.83
1369.32
1385.49
1401.34
1416.84
1431.99
1446.76
1461.11
1474.99
1488.33
1501.02
1512.88
1523.61
1532.76
1539.63
1543.55
1017.17
1037.43
1057.60
1077.68
1097.65
1117.49
1137.18
1156.71
1176.07
1195.23
1214.20
1232.96
1251.49
1269.79
1287.85
1305.65
1323.20
1340.48
1357.49
1374.22
1390.67
1406.83
1422.71
1438.28
1453.55
1468.50
1483.12
1497.35
1511.13
1524.33
1536.72
1547.87
1556.47
1562.83
1019.29
1039.60
1059.83
1079.97
1100.00
1119.91
1139.67
1159.27
1178.71
1197.96
1217.01
1235.86
1254.50
1272.91
1291.08
1309.02
1326.71
1344.16
1361.35
1378.29
1394.98
1411.42
1427.62
1443.58
1459.31
1474.82
1490.12
1505.22
1520.10
1534.76
1549.14
1563.52
1572.24
1576.55
1020.94
1041.29
1061.57
1081.76
1101.84
1121.80
1141.61
1161.27
1180.77
1200.08
1219.21
1238.13
1256.85
1275.34
1293.61
1311.66
1329.47
1347.04
1364.38
1381.49
1398.38
1415.05
1431.51
1447.80
1463.92
1479.91
1495.82
1511.69
1527.59
1543.58
1559.62
1573.65
1581.43
1585.06
1022.11
1042.50
1062.82
1083.04
1103.16
1123.15
1143.00
1162.70
1182.24
1201.60
1220.78
1239.76
1258.53
1277.09
1295.43
1313.55
1331.45
1349.12
1366.57
1383.80
1400.83
1417.67
1434.34
1450.87
1467.29
1483.65
1500.03
1516.52
1533.22
1550.28
1568.14
1579.89
1586.87
1590.13
1022.82
1043.23
1063.56
1083.81
1103.94
1123.96
1143.84
1163.56
1183.13
1202.52
1221.72
1240.73
1259.54
1278.14
1296.52
1314.69
1332.64
1350.37
1367.89
1385.20
1402.32
1419.26
1436.05
1452.73
1469.34
1485.94
1502.62
1519.51
1536.72
1554.31
1572.08
1583.19
1589.75
1592.82
1023.06
1043.47
1063.81
1084.06
1104.21
1124.23
1144.12
1163.85
1183.42
1202.82
1222.04
1241.06
1259.88
1278.49
1296.89
1315.07
1333.03
1350.79
1368.32
1385.66
1402.81
1419.79
1436.63
1453.36
1470.03
1486.71
1503.50
1520.52
1537.93
1555.80
1573.32
1584.22
1590.66
1593.67
1022.82
1043.23
1063.56
1083.81
1103.94
1123.96
1143.83
1163.56
1183.13
1202.52
1221.72
1240.73
1259.54
1278.14
1296.52
1314.69
1332.63
1350.36
1367.88
1385.19
1402.31
1419.26
1436.05
1452.73
1469.33
1485.93
1502.62
1519.50
1536.71
1554.31
1572.07
1583.18
1589.75
1592.82
1022.11
1042.50
1062.81
1083.04
1103.15
1123.14
1143.00
1162.70
1182.24
1201.60
1220.77
1239.75
1258.52
1277.08
1295.42
1313.54
1331.44
1349.11
1366.56
1383.80
1400.83
1417.66
1434.33
1450.86
1467.27
1483.64
1500.02
1516.50
1533.20
1550.26
1568.12
1579.88
1586.85
1590.12
1020.93
1041.29
1061.57
1081.75
1101.83
1121.79
1141.60
1161.27
1180.76
1200.07
1219.20
1238.12
1256.84
1275.33
1293.60
1311.65
1329.46
1347.03
1364.37
1381.48
1398.37
1415.03
1431.50
1447.78
1463.90
1479.89
1495.80
1511.67
1527.57
1543.56
1559.60
1573.63
1581.41
1585.04
1019.28
1039.59
1059.82
1079.97
1099.99
1119.90
1139.66
1159.26
1178.70
1197.95
1217.00
1235.85
1254.49
1272.89
1291.07
1309.01
1326.70
1344.14
1361.33
1378.27
1394.96
1411.40
1427.60
1443.56
1459.29
1474.80
1490.10
1505.19
1520.08
1534.73
1549.11
1563.50
1572.22
1576.53
1017.16
1037.42
1057.59
1077.67
1097.64
1117.47
1137.17
1156.70
1176.05
1195.22
1214.19
1232.95
1251.48
1269.78
1287.83
1305.64
1323.18
1340.46
1357.47
1374.20
1390.65
1406.81
1422.68
1438.26
1453.53
1468.48
1483.09
1497.32
1511.09
1524.29
1536.69
1547.83
1556.43
1562.80
1014.58
1034.77
1054.87
1074.88
1094.77
1114.52
1134.13
1153.57
1172.84
1191.91
1210.77
1229.42
1247.83
1265.99
1283.91
1301.55
1318.93
1336.01
1352.81
1369.30
1385.47
1401.31
1416.82
1431.96
1446.73
1461.07
1474.96
1488.30
1500.99
1512.84
1523.57
1532.72
1539.59
1543.51
1011.55
1031.65
1051.67
1071.59
1091.39
1111.05
1130.56
1149.90
1169.06
1188.02
1206.76
1225.27
1243.54
1261.56
1279.31
1296.78
1313.96
1330.83
1347.38
1363.60
1379.46
1394.96
1410.07
1424.76
1439.00
1452.72
1465.88
1478.36
1490.04
1500.72
1510.12
1517.86
1523.46
1526.45
1008.06
1028.07
1047.99
1067.81
1087.51
1107.07
1126.47
1145.69
1164.73
1183.55
1202.16
1220.53
1238.64
1256.49
1274.06
1291.33
1308.30
1324.93
1341.22
1357.15
1372.69
1387.82
1402.52
1416.74
1430.43
1443.55
1456.00
1467.69
1478.46
1488.15
1496.49
1503.20
1507.95
1510.41
1004.12
1024.03
1043.85
1063.56
1083.14
1102.58
1121.86
1140.95
1159.85
1178.54
1196.99
1215.20
1233.15
1250.81
1268.18
1285.24
1301.97
1318.35
1334.36
1349.98
1365.19
1379.94
1394.22
1407.97
1421.14
1433.66
1445.46
1456.41
1466.40
1475.25
1482.75
1488.69
1492.82
1494.94
999.75
1019.54
1039.24
1058.83
1078.29
1097.60
1116.74
1135.69
1154.44
1172.97
1191.27
1209.30
1227.06
1244.53
1261.69
1278.53
1295.01
1311.13
1326.85
1342.15
1357.01
1371.38
1385.24
1398.52
1411.18
1423.15
1434.34
1444.64
1453.94
1462.09
1468.92
1474.26
1477.94
1479.81
994.94
1014.61
1034.18
1053.64
1072.96
1092.13
1111.12
1129.93
1148.52
1166.88
1185.00
1202.85
1220.42
1237.68
1254.62
1271.21
1287.44
1303.28
1318.71
1333.69
1348.20
1362.19
1375.64
1388.47
1400.65
1412.09
1422.72
1432.45
1441.15
1448.71
1455.00
1459.86
1463.19
1464.88
989.72
1009.25
1028.68
1047.99
1067.17
1086.19
1105.02
1123.67
1142.09
1160.28
1178.21
1195.87
1213.23
1230.27
1246.98
1263.33
1279.30
1294.86
1309.98
1324.64
1338.80
1352.42
1365.46
1377.87
1389.59
1400.55
1410.68
1419.88
1428.07
1435.13
1440.96
1445.45
1448.50
1450.05
984.07
1003.46
1022.74
1041.91
1060.93
1079.78
1098.45
1116.92
1135.17
1153.17
1170.91
1188.36
1205.51
1222.33
1238.80
1254.90
1270.60
1285.88
1300.70
1315.04
1328.85
1342.11
1354.76
1366.76
1378.05
1388.57
1398.24
1406.98
1414.72
1421.36
1426.81
1430.99
1433.82
1435.24
978.03
997.26
1016.38
1035.39
1054.24
1072.93
1091.43
1109.71
1127.77
1145.58
1163.12
1180.36
1197.29
1213.88
1230.11
1245.95
1261.38
1276.37
1290.89
1304.91
1318.39
1331.30
1343.58
1355.19
1366.08
1376.19
1385.44
1393.78
1401.12
1407.40
1412.53
1416.44
1419.09
1420.42
971.58
990.65
1009.61
1028.45
1047.13
1065.64
1083.95
1102.05
1119.92
1137.52
1154.85
1171.88
1188.58
1204.93
1220.91
1236.50
1251.66
1266.37
1280.59
1294.30
1307.46
1320.02
1331.95
1343.20
1353.71
1363.44
1372.32
1380.29
1387.29
1393.24
1398.10
1401.79
1404.28
1405.53
964.76
983.66
1002.44
1021.10
1039.60
1057.92
1076.05
1093.95
1111.61
1129.01
1146.13
1162.93
1179.40
1195.52
1211.25
1226.58
1241.47
1255.89
1269.82
1283.23
1296.07
1308.31
1319.90
1330.80
1340.97
1350.35
1358.89
1366.53
1373.22
1378.90
1383.51
1387.02
1389.37
1390.56
957.56
976.28
994.88
1013.35
1031.66
1049.79
1067.72
1085.43
1102.88
1120.07
1136.96
1153.54
1169.78
1185.65
1201.14
1216.20
1230.83
1244.97
1258.62
1271.72
1284.26
1296.18
1307.46
1318.04
1327.89
1336.95
1345.17
1352.52
1358.93
1364.36
1368.76
1372.10
1374.35
1375.47
950.00
968.53
986.95
1005.22
1023.34
1041.27
1059.00
1076.49
1093.74
1110.71
1127.38
1143.73
1159.73
1175.36
1190.59
1205.40
1219.76
1233.63
1247.00
1259.81
1272.05
1283.68
1294.65
1304.93
1314.47
1323.24
1331.18
1338.26
1344.42
1349.63
1353.85
1357.04
1359.19
1360.26
942.09
960.43
978.65
996.73
1014.64
1032.37
1049.88
1067.17
1084.20
1100.95
1117.39
1133.51
1149.27
1164.66
1179.64
1194.19
1208.29
1221.89
1234.98
1247.52
1259.48
1270.82
1281.50
1291.49
1300.76
1309.25
1316.93
1323.76
1329.70
1334.71
1338.76
1341.83
1343.89
1344.91
933.84
951.98
970.00
987.87
1005.58
1023.10
1040.40
1057.47
1074.27
1090.80
1107.01
1122.90
1138.42
1153.57
1168.30
1182.60
1196.43
1209.78
1222.60
1234.87
1246.55
1257.62
1268.03
1277.75
1286.75
1294.99
1302.42
1309.03
1314.77
1319.60
1323.50
1326.46
1328.43
1329.42
925.27
943.20
961.01
978.68
996.17
1013.47
1030.56
1047.41
1063.99
1080.28
1096.27
1111.92
1127.20
1142.10
1156.59
1170.64
1184.22
1197.30
1209.87
1221.87
1233.29
1244.10
1254.25
1263.72
1272.47
1280.47
1287.68
1294.08
1299.63
1304.30
1308.07
1310.92
1312.82
1313.78
916.39
934.11
951.70
969.15
986.43
1003.51
1020.38
1037.00
1053.36
1069.42
1085.17
1100.58
1115.63
1130.29
1144.53
1158.33
1171.66
1184.49
1196.80
1208.56
1219.72
1230.28
1240.18
1249.41
1257.93
1265.71
1272.71
1278.92
1284.30
1288.82
1292.47
1295.22
1297.06
1297.98
907.21
924.71
942.09
959.32
976.37
993.23
1009.87
1026.27
1042.39
1058.23
1073.74
1088.92
1103.73
1118.14
1132.14
1145.70
1158.78
1171.37
1183.43
1194.94
1205.86
1216.17
1225.84
1234.84
1243.14
1250.71
1257.52
1263.55
1268.77
1273.16
1276.69
1279.36
1281.14
1282.03
897.75
915.03
932.18
949.18
966.01
982.65
999.06
1015.22
1031.11
1046.72
1062.00
1076.94
1091.51
1105.68
1119.44
1132.76
1145.60
1157.94
1169.76
1181.03
1191.72
1201.80
1211.25
1220.03
1228.12
1235.50
1242.13
1247.99
1253.06
1257.32
1260.75
1263.33
1265.06
1265.93
888.03
905.07
922.00
938.77
955.37
971.77
987.95
1003.88
1019.54
1034.91
1049.95
1064.66
1078.99
1092.93
1106.45
1119.52
1132.13
1144.24
1155.82
1166.86
1177.32
1187.18
1196.41
1204.99
1212.88
1220.07
1226.53
1232.24
1237.17
1241.31
1244.64
1247.15
1248.83
1249.67
878.05
894.86
911.55
928.09
944.46
960.62
976.57
992.26
1007.69
1022.82
1037.63
1052.09
1066.19
1079.89
1093.18
1106.02
1118.39
1130.27
1141.63
1152.44
1162.68
1172.33
1181.35
1189.73
1197.44
1204.45
1210.75
1216.31
1221.11
1225.14
1228.38
1230.83
1232.46
1233.27
867.83
884.41
900.86
917.16
933.29
949.22
964.93
980.39
995.57
1010.47
1025.04
1039.27
1053.13
1066.60
1079.65
1092.26
1104.41
1116.06
1127.19
1137.79
1147.82
1157.26
1166.08
1174.27
1181.80
1188.64
1194.79
1200.21
1204.89
1208.82
1211.97
1214.35
1215.94
1216.73
857.39
873.72
889.94
906.00
921.89
937.58
953.04
968.27
983.22
997.87
1012.21
1026.21
1039.83
1053.07
1065.89
1078.27
1090.19
1101.62
1112.54
1122.92
1132.74
1141.98
1150.61
1158.62
1165.98
1172.66
1178.66
1183.95
1188.52
1192.35
1195.43
1197.74
1199.29
1200.06
846.74
862.83
878.80
894.62
910.26
925.71
940.94
955.92
970.63
985.05
999.15
1012.91
1026.31
1039.32
1051.91
1064.06
1075.76
1086.97
1097.68
1107.85
1117.47
1126.52
1134.97
1142.80
1149.99
1156.53
1162.39
1167.55
1172.01
1175.74
1178.75
1181.00
1182.51
1183.27
835.91
851.75
867.47
883.04
898.44
913.65
928.63
943.37
957.84
972.03
985.89
999.42
1012.58
1025.36
1037.72
1049.66
1061.14
1072.13
1082.63
1092.60
1102.03
1110.89
1119.16
1126.82
1133.86
1140.24
1145.97
1151.02
1155.37
1159.02
1161.94
1164.15
1165.62
1166.36
824.90
840.49
855.96
871.28
886.44
901.40
916.14
930.63
944.87
958.81
972.44
985.73
998.67
1011.21
1023.36
1035.07
1046.34
1057.12
1067.42
1077.19
1086.43
1095.11
1103.20
1110.70
1117.58
1123.83
1129.43
1134.36
1138.61
1142.18
1145.04
1147.19
1148.63
1149.34
813.74
829.08
844.29
859.36
874.27
888.98
903.47
917.73
931.72
945.42
958.82
971.88
984.58
996.91
1008.83
1020.33
1031.38
1041.96
1052.06
1061.64
1070.69
1079.19
1087.12
1094.46
1101.19
1107.30
1112.78
1117.60
1121.76
1125.24
1128.03
1130.14
1131.54
1132.24
802.45
817.52
832.48
847.30
861.95
876.41
890.66
904.67
918.42
931.89
945.05
957.88
970.36
982.46
994.16
1005.44
1016.29
1026.67
1036.56
1045.96
1054.82
1063.15
1070.92
1078.10
1084.70
1090.68
1096.03
1100.75
1104.81
1108.21
1110.95
1113.00
1114.37
1115.06
791.03
805.85
820.55
835.11
849.51
863.72
877.72
891.49
905.00
918.23
931.15
943.75
956.00
967.88
979.37
990.44
1001.07
1011.25
1020.96
1030.17
1038.86
1047.02
1054.62
1061.66
1068.11
1073.97
1079.21
1083.82
1087.79
1091.12
1093.80
1095.80
1097.15
1097.82
779.52
794.07
808.51
822.82
836.96
850.92
864.68
878.20
891.46
904.46
917.15
929.52
941.54
953.20
964.47
975.33
985.77
995.75
1005.26
1014.29
1022.81
1030.80
1038.25
1045.14
1051.46
1057.19
1062.32
1066.83
1070.72
1073.98
1076.59
1078.56
1079.87
1080.53
767.93
782.22
796.40
810.44
824.33
838.04
851.54
864.82
877.84
890.60
903.05
915.19
927.00
938.44
949.49
960.15
970.38
980.17
989.50
998.35
1006.70
1014.53
1021.83
1028.58
1034.76
1040.37
1045.39
1049.81
1053.62
1056.80
1059.36
1061.28
1062.56
1063.21
756.28
770.30
784.22
798.00
811.63
825.09
838.34
851.37
864.16
876.67
888.90
900.81
912.39
923.61
934.46
944.91
954.95
964.55
973.69
982.36
990.54
998.22
1005.37
1011.98
1018.04
1023.53
1028.44
1032.77
1036.49
1039.61
1042.11
1043.99
1045.25
1045.87
744.59
758.35
772.00
785.52
798.89
812.09
825.10
837.88
850.43
862.71
874.70
886.39
897.74
908.75
919.39
929.64
939.48
948.89
957.85
966.35
974.37
981.89
988.89
995.37
1001.30
1006.68
1011.49
1015.72
1019.37
1022.42
1024.87
1026.71
1027.94
1028.55
732.89
746.37
759.76
773.02
786.13
799.08
811.83
824.37
836.68
848.72
860.48
871.95
883.08
893.88
904.31
914.36
924.00
933.23
942.01
950.34
958.20
965.56
972.42
978.77
984.58
989.85
994.56
998.70
1002.27
1005.26
1007.65
1009.46
1010.66
1011.26
721.19
734.40
747.52
760.52
773.38
786.07
798.57
810.87
822.93
834.74
846.27
857.51
868.43
879.02
889.24
899.09
908.55
917.59
926.20
934.36
942.05
949.27
955.99
962.21
967.90
973.05
977.67
981.73
985.22
988.14
990.49
992.25
993.43
994.02
709.52
722.46
735.31
748.05
760.65
773.08
785.34
797.39
809.21
820.79
832.10
843.11
853.82
864.19
874.21
883.87
893.13
901.99
910.43
918.42
925.96
933.03
939.62
945.70
951.28
956.33
960.85
964.82
968.24
971.10
973.40
975.13
976.28
976.86
697.90
710.57
723.15
735.63
747.97
760.15
772.16
783.97
795.55
806.89
817.97
828.77
839.26
849.42
859.25
868.71
877.79
886.47
894.73
902.57
909.95
916.88
923.33
929.29
934.75
939.69
944.12
948.01
951.36
954.16
956.41
958.10
959.23
959.79
686.35
698.75
711.07
723.28
735.36
747.30
759.06
770.62
781.97
793.08
803.94
814.51
824.79
834.75
844.37
853.64
862.54
871.04
879.14
886.81
894.05
900.83
907.15
912.99
918.33
923.18
927.51
931.32
934.60
937.34
939.55
941.20
942.31
942.86
674.91
687.04
699.09
711.04
722.86
734.54
746.06
757.38
768.50
779.38
790.01
800.37
810.43
820.19
829.62
838.70
847.41
855.74
863.67
871.19
878.28
884.92
891.11
896.83
902.06
906.81
911.05
914.78
917.99
920.68
922.84
924.46
925.54
926.08
663.58
675.44
687.23
698.92
710.49
721.92
733.19
744.28
755.16
765.81
776.22
786.37
796.23
805.78
815.01
823.91
832.44
840.60
848.37
855.73
862.68
869.18
875.24
880.84
885.97
890.62
894.77
898.42
901.57
904.20
906.31
907.90
908.96
909.49
652.41
664.00
675.53
686.96
698.28
709.46
720.48
731.33
741.98
752.41
762.60
772.54
782.19
791.55
800.59
809.30
817.66
825.65
833.26
840.47
847.27
853.64
859.58
865.06
870.08
874.63
878.70
882.28
885.36
887.94
890.00
891.56
892.60
893.11
641.41
652.73
664.00
675.18
686.24
697.18
707.97
718.58
729.00
739.21
749.19
758.91
768.36
777.52
786.38
794.90
803.09
810.91
818.37
825.43
832.09
838.33
844.14
849.51
854.43
858.89
862.87
866.38
869.39
871.92
873.94
875.47
876.48
876.99
630.61
641.67
652.68
663.60
674.42
685.12
695.67
706.05
716.25
726.24
736.00
745.52
754.77
763.74
772.41
780.76
788.77
796.43
803.73
810.65
817.17
823.28
828.98
834.24
839.06
843.42
847.32
850.75
853.71
856.18
858.17
859.66
860.65
861.15
620.03
630.84
641.59
652.27
662.85
673.30
683.62
693.77
703.75
713.52
723.08
732.39
741.45
750.23
758.71
766.89
774.74
782.24
789.39
796.16
802.55
808.54
814.11
819.27
823.99
828.26
832.08
835.45
838.34
840.76
842.70
844.16
845.14
845.63
609.72
620.27
630.77
641.20
651.54
661.76
671.85
681.78
691.54
701.10
710.45
719.56
728.43
737.02
745.33
753.34
761.02
768.37
775.37
782.01
788.26
794.13
799.59
804.64
809.26
813.45
817.19
820.49
823.32
825.70
827.60
829.03
829.98
830.46
599.68
609.99
620.25
630.43
640.54
650.53
660.39
670.10
679.65
689.00
698.15
707.07
715.75
724.16
732.30
740.14
747.66
754.86
761.72
768.22
774.35
780.09
785.44
790.39
794.92
799.02
802.69
805.92
808.70
811.02
812.89
814.29
815.22
815.69
589.96
600.02
610.04
619.99
629.87
639.63
649.28
658.78
668.11
677.27
686.22
694.95
703.44
711.68
719.65
727.33
734.70
741.75
748.46
754.83
760.84
766.47
771.71
776.56
781.00
785.02
788.61
791.78
794.50
796.78
798.61
799.98
800.90
801.36
580.58
590.40
600.18
609.91
619.56
629.11
638.54
647.83
656.96
665.92
674.68
683.23
691.55
699.62
707.42
714.94
722.16
729.07
735.65
741.89
747.77
753.29
758.43
763.18
767.53
771.48
775.00
778.10
780.77
783.01
784.80
786.15
787.04
787.49
571.56
581.15
590.71
600.22
609.65
618.98
628.21
637.30
646.24
655.00
663.58
671.95
680.10
688.00
695.65
703.01
710.09
716.86
723.31
729.43
735.20
740.61
745.65
750.31
754.57
758.44
761.90
764.94
767.56
769.75
771.51
772.83
773.71
774.15
562.94
572.31
581.65
590.94
600.16
609.30
618.32
627.22
635.97
644.55
652.95
661.15
669.13
676.88
684.37
691.59
698.53
705.17
711.49
717.49
723.15
728.46
733.40
737.97
742.15
745.95
749.34
752.32
754.89
757.04
758.77
760.06
760.93
761.36
554.74
563.89
573.03
582.11
591.14
600.07
608.91
617.62
626.19
634.60
642.83
650.86
658.69
666.28
673.62
680.71
687.51
694.02
700.23
706.11
711.67
716.87
721.73
726.21
730.32
734.04
737.37
740.30
742.82
744.94
746.63
747.90
748.75
749.18
546.99
555.94
564.88
573.77
582.60
591.35
600.00
608.53
616.93
625.17
633.24
641.12
648.80
656.24
663.45
670.40
677.08
683.47
689.56
695.34
700.79
705.91
710.67
715.07
719.11
722.77
726.04
728.92
731.39
733.47
735.13
736.38
737.22
737.63
539.71
548.48
557.22
565.93
574.58
583.15
591.63
600.00
608.23
616.32
624.24
631.97
639.50
646.81
653.88
660.71
667.27
673.55
679.53
685.21
690.56
695.59
700.27
704.60
708.57
712.16
715.38
718.21
720.64
722.68
724.32
725.55
726.37
726.78
532.94
541.52
550.09
558.63
567.11
575.52
583.83
592.04
600.13
608.06
615.84
623.43
630.83
638.01
644.96
651.67
658.12
664.29
670.17
675.76
681.02
685.97
690.57
694.83
698.73
702.27
705.43
708.21
710.61
712.62
714.23
715.44
716.24
716.65
526.70
535.11
543.52
551.89
560.21
568.47
576.64
584.70
592.64
600.44
608.08
615.55
622.82
629.88
636.72
643.32
649.66
655.74
661.53
667.02
672.21
677.07
681.61
685.80
689.64
693.12
696.24
698.98
701.34
703.32
704.90
706.09
706.89
707.29
