544.07
552.47
560.82
569.13
577.38
585.53
593.59
601.52
609.32
616.97
624.45
631.75
638.85
645.73
652.39
658.80
664.96
670.85
676.46
681.78
686.80
691.50
695.88
699.93
703.63
706.99
709.99
712.63
714.90
716.80
718.33
719.47
720.24
720.62
549.98
558.51
567.01
575.46
583.84
592.12
600.31
608.37
616.29
624.05
631.64
639.05
646.25
653.24
659.99
666.50
672.75
678.72
684.41
689.81
694.89
699.66
704.10
708.20
711.95
715.36
718.40
721.07
723.38
725.30
726.85
728.01
728.79
729.17
556.38
565.07
573.72
582.32
590.84
599.27
607.59
615.78
623.83
631.72
639.44
646.96
654.28
661.37
668.23
674.84
681.18
687.25
693.02
698.49
703.65
708.49
713.00
717.16
720.97
724.42
727.51
730.22
732.56
734.51
736.08
737.26
738.04
738.44
563.26
572.11
580.93
589.68
598.36
606.94
615.41
623.74
631.93
639.96
647.80
655.45
662.89
670.10
677.07
683.78
690.23
696.39
702.26
707.82
713.06
717.97
722.54
726.77
730.64
734.14
737.28
740.03
742.40
744.39
745.98
747.18
747.97
748.37
570.59
579.62
588.61
597.53
606.37
615.11
623.73
632.22
640.56
648.72
656.71
664.49
672.06
679.39
686.48
693.31
699.86
706.12
712.08
717.73
723.06
728.05
732.70
737.00
740.93
744.49
747.67
750.47
752.88
754.90
756.51
757.73
758.54
758.95
578.35
587.56
596.73
605.83
614.84
623.75
632.53
641.18
649.67
657.99
666.12
674.04
681.75
689.21
696.42
703.37
710.03
716.40
722.47
728.22
733.63
738.71
743.44
747.80
751.80
755.42
758.66
761.50
763.95
766.00
767.65
768.88
769.71
770.12
586.50
595.91
605.27
614.55
623.74
632.83
641.78
650.60
659.25
667.73
676.01
684.08
691.92
699.52
706.86
713.93
720.72
727.20
733.38
739.23
744.74
749.90
754.71
759.15
763.22
766.90
770.19
773.09
775.58
777.66
779.34
780.59
781.43
781.85
595.04
604.65
614.20
623.67
633.05
642.32
651.45
660.44
669.26
677.90
686.34
694.56
702.55
710.30
717.77
724.97
731.88
738.49
744.77
750.72
756.34
761.59
766.49
771.01
775.15
778.89
782.24
785.19
787.73
789.85
791.55
792.83
793.68
794.11
603.92
613.73
623.49
633.16
642.73
652.19
661.51
670.68
679.67
688.48
697.08
705.46
713.61
721.50
729.12
736.45
743.49
750.21
756.61
762.68
768.39
773.75
778.73
783.33
787.54
791.36
794.77
797.77
800.35
802.51
804.24
805.54
806.41
806.85
613.13
623.15
633.11
642.99
652.76
662.41
671.92
681.27
690.45
699.43
708.20
716.75
725.05
733.09
740.85
748.33
755.50
762.35
768.87
775.05
780.87
786.32
791.40
796.09
800.38
804.26
807.74
810.79
813.42
815.62
817.38
818.71
819.59
820.03
622.63
632.87
643.04
653.13
663.10
672.96
682.66
692.20
701.56
710.72
719.67
728.38
736.84
745.04
752.96
760.58
767.88
774.87
781.51
787.80
793.73
799.29
804.46
809.24
813.61
817.57
821.11
824.22
826.90
829.14
830.93
832.28
833.18
833.63
632.40
642.86
653.25
663.55
673.74
683.79
693.70
703.43
712.98
722.33
731.45
740.34
748.96
757.32
765.39
773.16
780.60
787.72
794.49
800.91
806.95
812.61
817.88
822.75
827.20
831.24
834.84
838.01
840.74
843.02
844.85
846.23
847.15
847.61
642.41
653.10
663.72
674.23
684.63
694.89
705.00
714.93
724.68
734.21
743.51
752.57
761.37
769.89
778.12
786.04
793.63
800.89
807.79
814.33
820.49
826.26
831.63
836.59
841.13
845.24
848.91
852.14
854.92
857.25
859.11
860.52
861.45
861.92
652.64
663.56
674.40
685.14
695.75
706.23
716.54
726.68
736.62
746.34
755.83
765.07
774.04
782.73
791.12
799.19
806.93
814.33
821.36
828.03
834.30
840.19
845.66
850.72
855.34
859.53
863.28
866.57
869.41
871.78
873.68
875.11
876.06
876.54
663.07
674.22
685.29
696.25
707.08
717.77
728.29
738.63
748.77
758.69
768.37
777.79
786.94
795.80
804.35
812.58
820.47
828.01
835.18
841.97
848.37
854.37
859.95
865.10
869.82
874.09
877.91
881.27
884.16
886.57
888.51
889.97
890.94
891.43
673.66
685.04
696.34
707.53
718.58
729.49
740.23
750.77
761.12
771.23
781.10
790.71
800.03
809.07
817.78
826.17
834.22
841.90
849.22
856.14
862.67
868.78
874.47
879.72
884.53
888.88
892.78
896.20
899.15
901.61
903.58
905.07
906.06
906.56
684.39
696.01
707.54
718.96
730.24
741.36
752.32
763.07
773.62
783.93
793.99
803.79
813.30
822.51
831.39
839.95
848.15
855.98
863.44
870.50
877.15
883.38
889.18
894.54
899.44
903.88
907.85
911.34
914.34
916.85
918.87
920.38
921.39
921.89
695.24
707.10
718.87
730.51
742.02
753.36
764.53
775.50
786.25
796.77
807.03
817.01
826.71
836.09
845.15
853.87
862.23
870.22
877.81
885.01
891.79
898.14
904.06
909.52
914.52
919.04
923.09
926.65
929.71
932.27
934.32
935.87
936.90
937.41
706.19
718.29
730.29
742.16
753.90
765.47
776.85
788.03
798.99
809.71
820.17
830.35
840.23
849.79
859.03
867.91
876.43
884.57
892.32
899.66
906.57
913.04
919.07
924.64
929.74
934.35
938.48
942.10
945.23
947.84
949.93
951.51
952.56
953.08
717.20
729.55
741.78
753.89
765.85
777.64
789.25
800.65
811.82
822.74
833.39
843.77
853.84
863.58
872.99
882.05
890.73
899.03
906.93
914.40
921.45
928.05
934.20
939.87
945.07
949.78
953.98
957.68
960.87
963.53
965.67
967.27
968.35
968.88
728.27
740.85
753.32
765.67
777.86
789.87
801.70
813.31
824.69
835.82
846.68
857.25
867.51
877.44
887.03
896.26
905.11
913.56
921.61
929.23
936.41
943.14
949.41
955.19
960.49
965.29
969.58
973.36
976.60
979.32
981.50
983.14
984.23
984.78
739.36
752.19
764.90
777.47
789.89
802.13
814.18
826.01
837.60
848.94
860.00
870.76
881.22
891.34
901.10
910.51
919.52
928.14
936.34
944.11
951.43
958.29
964.68
970.58
975.98
980.87
985.25
989.10
992.41
995.18
997.40
999.07
1000.19
1000.75
750.47
763.53
776.47
789.28
801.93
814.40
826.67
838.71
850.52
862.07
873.33
884.29
894.94
905.25
915.20
924.78
933.96
942.74
951.10
959.02
966.48
973.47
979.98
986.00
991.51
996.50
1000.96
1004.88
1008.26
1011.09
1013.36
1015.06
1016.20
1016.77
761.55
774.85
788.04
801.08
813.95
826.65
839.14
851.40
863.42
875.18
886.65
897.81
908.65
919.15
929.29
939.04
948.40
957.35
965.86
973.93
981.53
988.66
995.30
1001.43
1007.05
1012.14
1016.69
1020.70
1024.14
1027.03
1029.34
1031.08
1032.24
1032.82
772.61
786.15
799.56
812.83
825.94
838.86
851.57
864.06
876.29
888.26
899.93
911.30
922.33
933.02
943.34
953.28
962.81
971.93
980.60
988.82
996.58
1003.84
1010.61
1016.86
1022.59
1027.78
1032.42
1036.51
1040.03
1042.97
1045.33
1047.10
1048.29
1048.88
783.60
797.38
811.03
824.54
837.87
851.02
863.95
876.65
889.10
901.28
913.16
924.73
935.96
946.84
957.35
967.47
977.18
986.47
995.30
1003.68
1011.58
1018.99
1025.89
1032.26
1038.11
1043.40
1048.14
1052.30
1055.89
1058.89
1061.30
1063.11
1064.32
1064.93
794.53
808.54
822.43
836.16
849.72
863.09
876.25
889.17
901.83
914.22
926.31
938.08
949.52
960.59
971.29
981.60
991.48
1000.94
1009.94
1018.48
1026.53
1034.08
1041.11
1047.62
1053.58
1058.98
1063.81
1068.06
1071.72
1074.79
1077.25
1079.09
1080.33
1080.94
805.36
819.61
833.72
847.69
861.48
875.07
888.45
901.59
914.47
927.07
939.36
951.34
962.97
974.25
985.14
995.63
1005.70
1015.33
1024.50
1033.20
1041.40
1049.10
1056.27
1062.90
1068.98
1074.49
1079.42
1083.76
1087.50
1090.63
1093.14
1095.02
1096.28
1096.91
816.09
830.56
844.91
859.10
873.12
886.93
900.53
913.89
926.98
939.79
952.30
964.48
976.32
987.79
998.87
1009.55
1019.80
1029.61
1038.96
1047.82
1056.18
1064.03
1071.34
1078.10
1084.30
1089.92
1094.96
1099.39
1103.20
1106.40
1108.96
1110.89
1112.17
1112.82
826.68
841.39
855.96
870.38
884.62
898.66
912.48
926.05
939.36
952.38
965.10
977.49
989.53
1001.20
1012.48
1023.35
1033.79
1043.77
1053.29
1062.32
1070.84
1078.84
1086.30
1093.20
1099.52
1105.26
1110.40
1114.92
1118.82
1122.08
1124.70
1126.67
1127.98
1128.64
837.14
852.07
866.87
881.51
895.97
910.23
924.27
938.06
951.58
964.82
977.75
990.34
1002.59
1014.46
1025.93
1036.99
1047.62
1057.79
1067.49
1076.69
1085.38
1093.53
1101.14
1108.17
1114.63
1120.48
1125.73
1130.35
1134.33
1137.66
1140.33
1142.35
1143.69
1144.36
847.43
862.59
877.61
892.47
907.15
921.63
935.89
949.89
963.63
977.08
990.22
1003.02
1015.47
1027.55
1039.22
1050.48
1061.29
1071.65
1081.53
1090.90
1099.76
1108.07
1115.83
1123.01
1129.60
1135.58
1140.93
1145.65
1149.72
1153.12
1155.86
1157.91
1159.29
1159.97
857.54
872.92
888.16
903.25
918.15
932.84
947.32
961.54
975.49
989.15
1002.50
1015.51
1028.17
1040.44
1052.32
1063.77
1074.78
1085.33
1095.39
1104.94
1113.97
1122.45
1130.36
1137.69
1144.42
1150.52
1155.99
1160.81
1164.97
1168.45
1171.25
1173.35
1174.76
1175.46
867.46
883.06
898.52
913.82
928.94
943.85
958.54
972.97
987.14
1001.01
1014.57
1027.79
1040.66
1053.14
1065.22
1076.87
1088.08
1098.81
1109.06
1118.80
1128.00
1136.65
1144.72
1152.20
1159.07
1165.31
1170.90
1175.83
1180.08
1183.64
1186.50
1188.65
1190.09
1190.81
877.17
892.99
908.66
924.18
939.51
954.63
969.53
984.18
998.56
1012.65
1026.42
1039.85
1052.92
1065.61
1077.89
1089.75
1101.15
1112.08
1122.52
1132.44
1141.83
1150.65
1158.89
1166.53
1173.54
1179.91
1185.63
1190.67
1195.02
1198.66
1201.59
1203.80
1205.27
1206.00
886.66
902.69
918.57
934.30
949.84
965.18
980.29
995.15
1009.74
1024.04
1038.02
1051.66
1064.94
1077.84
1090.32
1102.38
1113.99
1125.12
1135.76
1145.87
1155.44
1164.44
1172.85
1180.65
1187.81
1194.33
1200.18
1205.33
1209.78
1213.51
1216.51
1218.77
1220.28
1221.03
895.91
912.14
928.24
944.17
959.92
975.47
990.79
1005.86
1020.66
1035.17
1049.36
1063.21
1076.70
1089.80
1102.50
1114.77
1126.58
1137.91
1148.75
1159.05
1168.81
1177.99
1186.58
1194.55
1201.88
1208.54
1214.52
1219.80
1224.36
1228.18
1231.25
1233.57
1235.12
1235.89
904.91
921.34
937.64
953.78
969.74
985.49
1001.02
1016.30
1031.30
1046.02
1060.42
1074.48
1088.18
1101.50
1114.40
1126.88
1138.90
1150.44
1161.47
1171.98
1181.93
1191.30
1200.07
1208.22
1215.71
1222.53
1228.65
1234.05
1238.73
1242.65
1245.80
1248.17
1249.76
1250.55
913.64
930.27
946.77
963.11
979.27
995.23
1010.96
1026.44
1041.65
1056.58
1071.19
1085.46
1099.37
1112.89
1126.01
1138.70
1150.93
1162.68
1173.92
1184.63
1194.78
1204.35
1213.31
1221.63
1229.30
1236.28
1242.55
1248.09
1252.88
1256.90
1260.14
1262.57
1264.20
1265.02
922.09
938.92
955.61
972.15
988.50
1004.66
1020.59
1036.28
1051.70
1066.82
1081.64
1096.12
1110.24
1123.98
1137.31
1150.21
1162.65
1174.62
1186.07
1196.99
1207.35
1217.12
1226.27
1234.78
1242.63
1249.77
1256.20
1261.88
1266.80
1270.93
1274.25
1276.76
1278.43
1279.27
930.25
947.26
964.15
980.88
997.43
1013.78
1029.91
1045.79
1061.41
1076.74
1091.77
1106.45
1120.78
1134.73
1148.28
1161.40
1174.05
1186.23
1197.90
1209.03
1219.60
1229.58
1238.94
1247.65
1255.68
1263.00
1269.59
1275.42
1280.47
1284.71
1288.13
1290.71
1292.43
1293.30
938.10
955.30
972.37
989.28
1006.02
1022.56
1038.89
1054.97
1070.79
1086.32
1101.54
1116.44
1130.98
1145.14
1158.90
1172.23
1185.11
1197.51
1209.40
1220.75
1231.54
1241.73
1251.30
1260.21
1268.43
1275.94
1282.70
1288.69
1293.88
1298.25
1301.77
1304.42
1306.20
1307.08
945.63
963.01
980.26
997.35
1014.28
1031.00
1047.52
1063.79
1079.80
1095.54
1110.96
1126.06
1140.81
1155.18
1169.16
1182.71
1195.81
1208.42
1220.54
1232.11
1243.12
1253.53
1263.32
1272.44
1280.87
1288.58
1295.52
1301.68
1307.02
1311.51
1315.14
1317.87
1319.70
1320.62
952.83
970.38
987.80
1005.08
1022.18
1039.09
1055.78
1072.24
1088.45
1104.37
1120.00
1135.30
1150.26
1164.84
1179.03
1192.80
1206.12
1218.96
1231.30
1243.10
1254.34
1264.98
1274.99
1284.33
1292.98
1300.88
1308.02
1314.36
1319.85
1324.49
1328.22
1331.05
1332.94
1333.89
959.69
977.41
995.00
1012.44
1029.71
1046.80
1063.67
1080.31
1096.71
1112.82
1128.64
1144.14
1159.30
1174.10
1188.50
1202.48
1216.02
1229.09
1241.66
1253.70
1265.17
1276.04
1286.28
1295.86
1304.72
1312.84
1320.18
1326.71
1332.37
1337.15
1341.01
1343.93
1345.89
1346.87
966.20
984.07
1001.82
1019.42
1036.86
1054.12
1071.17
1087.99
1104.56
1120.86
1136.87
1152.57
1167.93
1182.93
1197.54
1211.74
1225.50
1238.80
1251.60
1263.87
1275.58
1286.70
1297.18
1306.99
1316.08
1324.43
1331.98
1338.70
1344.55
1349.49
1353.48
1356.51
1358.53
1359.54
972.34
990.36
1008.27
1026.03
1043.62
1061.04
1078.25
1095.25
1111.99
1128.47
1144.67
1160.56
1176.11
1191.31
1206.14
1220.55
1234.54
1248.06
1261.09
1273.60
1285.55
1296.91
1307.64
1317.69
1327.03
1335.62
1343.40
1350.33
1356.37
1361.47
1365.61
1368.74
1370.84
1371.89
978.11
996.27
1014.32
1032.23
1049.98
1067.55
1084.92
1102.08
1118.99
1135.65
1152.02
1168.09
1183.84
1199.24
1214.27
1228.90
1243.10
1256.85
1270.11
1282.86
1295.06
1306.67
1317.65
1327.95
1337.54
1346.37
1354.39
1361.54
1367.78
1373.07
1377.36
1380.61
1382.79
1383.89
983.49
1001.79
1019.97
1038.02
1055.92
1073.63
1091.16
1108.47
1125.54
1142.37
1158.91
1175.16
1191.09
1206.69
1221.91
1236.75
1251.16
1265.14
1278.63
1291.62
1304.07
1315.93
1327.16
1337.73
1347.58
1356.66
1364.92
1372.31
1378.77
1384.25
1388.70
1392.08
1394.35
1395.49
988.48
1006.90
1025.22
1043.40
1061.42
1079.28
1096.95
1114.40
1131.63
1148.61
1165.32
1181.74
1197.85
1213.63
1229.05
1244.08
1258.71
1272.90
1286.63
1299.85
1312.54
1324.65
1336.15
1346.98
1357.09
1366.44
1374.96
1382.60
1389.29
1394.97
1399.60
1403.12
1405.48
1406.67
993.06
1011.61
1030.04
1048.34
1066.49
1084.48
1102.28
1119.87
1137.25
1154.37
1171.24
1187.82
1204.10
1220.05
1235.65
1250.88
1265.72
1280.12
1294.07
1307.53
1320.46
1332.82
1344.57
1355.67
1366.06
1375.67
1384.46
1392.35
1399.28
1405.19
1410.00
1413.67
1416.14
1417.38
997.24
1015.89
1034.43
1052.84
1071.11
1089.22
1107.14
1124.86
1142.37
1159.64
1176.64
1193.38
1209.81
1225.93
1241.71
1257.12
1272.15
1286.76
1300.92
1314.60
1327.77
1340.38
1352.40
1363.76
1374.41
1384.30
1393.36
1401.52
1408.70
1414.84
1419.85
1423.67
1426.25
1427.55
1001.00
1019.74
1038.38
1056.90
1075.27
1093.49
1111.52
1129.36
1146.99
1164.38
1181.53
1198.40
1214.98
1231.26
1247.20
1262.78
1277.99
1292.79
1307.16
1321.06
1334.45
1347.31
1359.57
1371.19
1382.12
1392.28
1401.62
1410.05
1417.49
1423.86
1429.08
1433.07
1435.76
1437.12
1004.33
1023.16
1041.89
1060.49
1078.96
1097.28
1115.41
1133.36
1151.10
1168.60
1185.87
1202.87
1219.59
1236.00
1252.09
1267.84
1283.21
1298.19
1312.75
1326.85
1340.46
1353.54
1366.05
1377.92
1389.11
1399.55
1409.16
1417.86
1425.56
1432.17
1437.60
1441.77
1444.59
1446.01
1007.23
1026.13
1044.94
1063.63
1082.18
1100.58
1118.80
1136.84
1154.68
1172.29
1189.66
1206.77
1223.61
1240.15
1256.38
1272.27
1287.79
1302.94
1317.67
1331.96
1345.77
1359.06
1371.79
1383.90
1395.34
1406.03
1415.91
1424.87
1432.83
1439.69
1445.34
1449.68
1452.63
1454.11
1009.69
1028.66
1047.53
1066.29
1084.91
1103.38
1121.69
1139.81
1157.73
1175.42
1192.89
1210.10
1227.04
1243.69
1260.03
1276.05
1291.71
1307.00
1321.89
1336.34
1350.33
1363.81
1376.74
1389.07
1400.74
1411.67
1421.80
1431.01
1439.23
1446.32
1452.18
1456.69
1459.77
1461.32
1011.71
1030.74
1049.66
1068.48
1087.16
1105.69
1124.06
1142.24
1160.23
1178.00
1195.54
1212.84
1229.86
1246.61
1263.05
1279.17
1294.95
1310.36
1325.37
1339.97
1354.11
1367.76
1380.87
1393.39
1405.26
1416.41
1426.75
1436.20
1444.64
1451.95
1458.01
1462.69
1465.88
1467.49
1013.29
1032.35
1051.32
1070.18
1088.91
1107.49
1125.91
1144.15
1162.19
1180.02
1197.62
1214.98
1232.07
1248.89
1265.41
1281.61
1297.48
1312.99
1328.11
1342.82
1357.09
1370.87
1384.12
1396.80
1408.84
1420.16
1430.70
1440.34
1448.97
1456.47
1462.70
1467.53
1470.83
1472.50
1014.42
1033.51
1052.51
1071.40
1090.16
1108.78
1127.23
1145.51
1163.59
1181.46
1199.11
1216.51
1233.66
1250.53
1267.10
1283.37
1299.30
1314.88
1330.08
1344.88
1359.23
1373.11
1386.47
1399.27
1411.43
1422.89
1433.57
1443.36
1452.14
1459.79
1466.16
1471.10
1474.48
1476.20
1015.09
1034.21
1053.23
1072.14
1090.92
1109.55
1128.03
1146.32
1164.43
1182.33
1200.00
1217.43
1234.61
1251.51
1268.12
1284.43
1300.40
1316.02
1331.27
1346.11
1360.53
1374.47
1387.90
1400.76
1413.00
1424.55
1435.31
1445.20
1454.07
1461.82
1468.27
1473.29
1476.73
1478.48
1015.32
1034.44
1053.46
1072.38
1091.17
1109.81
1128.29
1146.60
1164.71
1182.62
1200.30
1217.74
1234.92
1251.84
1268.46
1284.78
1300.76
1316.40
1331.66
1346.53
1360.96
1374.92
1388.37
1401.26
1413.53
1425.10
1435.90
1445.81
1454.72
1462.50
1468.98
1474.03
1477.49
1479.25
1015.09
1034.21
1053.22
1072.13
1090.91
1109.55
1128.02
1146.32
1164.43
1182.32
1200.00
1217.43
1234.61
1251.51
1268.12
1284.42
1300.40
1316.02
1331.27
1346.11
1360.52
1374.46
1387.89
1400.76
1413.00
1424.54
1435.31
1445.19
1454.07
1461.81
1468.27
1473.29
1476.73
1478.47
1014.41
1033.51
1052.51
1071.40
1090.16
1108.77
1127.23
1145.50
1163.58
1181.46
1199.10
1216.51
1233.65
1250.52
1267.10
1283.36
1299.30
1314.88
1330.08
1344.87
1359.22
1373.10
1386.47
1399.26
1411.42
1422.89
1433.56
1443.35
1452.13
1459.78
1466.15
1471.09
1474.47
1476.19
1013.28
1032.35
1051.32
1070.18
1088.90
1107.48
1125.90
1144.14
1162.18
1180.01
1197.61
1214.97
1232.07
1248.88
1265.40
1281.61
1297.47
1312.98
1328.10
1342.81
1357.08
1370.86
1384.11
1396.79
1408.83
1420.15
1430.68
1440.32
1448.96
1456.46
1462.69
1467.51
1470.81
1472.49
1011.71
1030.73
1049.66
1068.47
1087.15
1105.68
1124.05
1142.24
1160.22
1178.00
1195.54
1212.83
1229.86
1246.60
1263.04
1279.16
1294.94
1310.35
1325.36
1339.96
1354.10
1367.74
1380.85
1393.37
1405.24
1416.39
1426.74
1436.18
1444.62
1451.93
1457.99
1462.67
1465.86
1467.47
1009.68
1028.65
1047.53
1066.28
1084.90
1103.38
1121.68
1139.80
1157.72
1175.41
1192.88
1210.09
1227.03
1243.68
1260.02
1276.04
1291.70
1306.99
1321.87
1336.32
1350.31
1363.79
1376.72
1389.05
1400.72
1411.66
1421.78
1430.99
1439.20
1446.30
1452.15
1456.67
1459.74
1461.30
1007.22
1026.12
1044.93
1063.62
1082.17
1100.57
1118.79
1136.83
1154.67
1172.28
1189.65
1206.76
1223.60
1240.14
1256.36
1272.25
1287.78
1302.92
1317.65
1331.94
1345.75
1359.04
1371.77
1383.88
1395.32
1406.01
1415.88
1424.85
1432.81
1439.66
1445.31
1449.65
1452.60
1454.09
1004.32
1023.15
1041.87
1060.48
1078.95
1097.26
1115.40
1133.35
1151.08
1168.59
1185.85
1202.85
1219.57
1235.98
1252.07
1267.82
1283.19
1298.18
1312.73
1326.83
1340.44
1353.52
1366.02
1377.90
1389.09
1399.52
1409.13
1417.83
1425.53
1432.14
1437.57
1441.74
1444.56
1445.98
1000.98
1019.73
1038.37
1056.88
1075.26
1093.47
1111.51
1129.35
1146.97
1164.37
1181.51
1198.38
1214.96
1231.24
1247.18
1262.76
1277.97
1292.77
1307.14
1321.03
1334.43
1347.28
1359.54
1371.16
1382.09
1392.25
1401.59
1410.02
1417.46
1423.83
1429.04
1433.03
1435.73
1437.09
997.22
1015.87
1034.41
1052.83
1071.10
1089.20
1107.12
1124.85
1142.35
1159.62
1176.63
1193.36
1209.79
1225.91
1241.69
1257.10
1272.13
1286.73
1300.90
1314.58
1327.75
1340.36
1352.37
1363.73
1374.38
1384.27
1393.33
1401.49
1408.67
1414.80
1419.81
1423.64
1426.22
1427.51
993.05
1011.59
1030.02
1048.32
1066.47
1084.46
1102.26
1119.86
1137.23
1154.35
1171.22
1187.80
1204.08
1220.03
1235.63
1250.86
1265.69
1280.09
1294.04
1307.50
1320.43
1332.79
1344.54
1355.64
1366.02
1375.64
1384.42
1392.32
1399.25
1405.15
1409.96
1413.63
1416.10
1417.34
988.46
1006.89
1025.20
1043.38
1061.40
1079.26
1096.93
1114.38
1131.61
1148.59
1165.30
1181.72
1197.83
1213.60
1229.02
1244.06
1258.69
1272.88
1286.60
1299.82
1312.51
1324.62
1336.12
1346.95
1357.06
1366.40
1374.92
1382.56
1389.25
1394.93
1399.56
1403.08
1405.44
1406.63
983.47
1001.77
1019.95
1038.00
1055.89
1073.61
1091.14
1108.45
1125.52
1142.34
1158.89
1175.14
1191.07
1206.66
1221.88
1236.72
1251.14
1265.11
1278.60
1291.59
1304.03
1315.89
1327.13
1337.69
1347.54
1356.62
1364.88
1372.27
1378.73
1384.21
1388.66
1392.04
1394.31
1395.45
978.09
996.25
1014.30
1032.21
1049.96
1067.53
1084.90
1102.05
1118.97
1135.62
1152.00
1168.07
1183.81
1199.21
1214.24
1228.86
1243.07
1256.82
1270.08
1282.83
1295.02
1306.63
1317.61
1327.91
1337.50
1346.33
1354.34
1361.50
1367.74
1373.03
1377.32
1380.57
1382.75
1383.84
972.32
990.34
1008.24
1026.00
1043.60
1061.02
1078.23
1095.22
1111.97
1128.45
1144.64
1160.53
1176.08
1191.28
1206.10
1220.52
1234.50
1248.03
1261.06
1273.57
1285.52
1296.88
1307.60
1317.65
1326.99
1335.57
1343.35
1350.28
1356.32
1361.43
1365.56
1368.69
1370.79
1371.85
966.18
984.05
1001.80
1019.40
1036.84
1054.09
1071.14
1087.96
1104.53
1120.83
1136.84
1152.54
1167.90
1182.89
1197.51
1211.71
1225.47
1238.76
1251.56
1263.83
1275.54
1286.66
1297.14
1306.94
1316.04
1324.39
1331.94
1338.66
1344.51
1349.44
1353.44
1356.46
1358.48
1359.50
959.67
977.38
994.97
1012.41
1029.68
1046.77
1063.64
1080.29
1096.68
1112.79
1128.61
1144.11
1159.27
1174.06
1188.46
1202.45
1215.99
1229.05
1241.62
1253.66
1265.13
1276.00
1286.24
1295.81
1304.68
1312.80
1320.14
1326.66
1332.33
1337.10
1340.97
1343.88
1345.84
1346.82
952.81
970.36
987.78
1005.05
1022.15
1039.06
1055.75
1072.21
1088.42
1104.34
1119.97
1135.27
1150.22
1164.81
1178.99
1192.76
1206.08
1218.92
1231.26
1243.06
1254.30
1264.94
1274.95
1284.29
1292.93
1300.84
1307.97
1314.31
1319.80
1324.44
1328.17
1331.00
1332.89
1333.84
945.60
962.98
980.23
997.33
1014.25
1030.97
1047.48
1063.76
1079.77
1095.50
1110.93
1126.03
1140.77
1155.15
1169.12
1182.67
1195.77
1208.38
1220.49
1232.07
1243.08
1253.49
1263.27
1272.40
1280.82
1288.53
1295.47
1301.63
1306.97
1311.46
1315.08
1317.82
1319.65
1320.57
938.07
955.27
972.34
989.25
1005.99
1022.53
1038.85
1054.93
1070.75
1086.28
1101.51
1116.40
1130.94
1145.10
1158.86
1172.19
1185.07
1197.47
1209.35
1220.70
1231.49
1241.68
1251.25
1260.16
1268.38
1275.89
1282.65
1288.64
1293.83
1298.20
1301.71
1304.37
1306.14
1307.03
930.22
947.23
964.12
980.84
997.39
1013.74
1029.87
1045.76
1061.38
1076.71
1091.73
1106.41
1120.75
1134.69
1148.24
1161.35
1174.01
1186.19
1197.86
1208.99
1219.56
1229.53
1238.89
1247.60
1255.63
1262.95
1269.54
1275.37
1280.42
1284.66
1288.08
1290.66
1292.38
1293.24
922.06
938.89
955.58
972.11
988.47
1004.62
1020.55
1036.24
1051.66
1066.79
1081.60
1096.08
1110.20
1123.94
1137.27
1150.17
1162.61
1174.57
1186.02
1196.94
1207.30
1217.07
1226.22
1234.73
1242.57
1249.72
1256.15
1261.83
1266.74
1270.87
1274.20
1276.70
1278.38
1279.21
913.61
930.24
946.74
963.08
979.23
995.19
1010.92
1026.40
1041.62
1056.54
1071.14
1085.42
1099.32
1112.85
1125.97
1138.65
1150.88
1162.63
1173.87
1184.58
1194.73
1204.30
1213.26
1221.58
1229.24
1236.22
1242.49
1248.03
1252.82
1256.84
1260.08
1262.52
1264.15
1264.96
904.88
921.31
937.61
953.75
969.70
985.45
1000.98
1016.26
1031.26
1045.98
1060.38
1074.44
1088.14
1101.45
1114.36
1126.83
1138.85
1150.39
1161.42
1171.93
1181.88
1191.25
1200.02
1208.16
1215.65
1222.47
1228.59
1234.00
1238.67
1242.59
1245.74
1248.12
1249.70
1250.50
895.88
912.11
928.20
944.14
959.89
975.43
990.75
1005.82
1020.62
1035.13
1049.31
1063.17
1076.65
1089.76
1102.45
1114.72
1126.53
1137.86
1148.70
1159.00
1168.76
1177.94
1186.53
1194.49
1201.82
1208.48
1214.46
1219.74
1224.30
1228.12
1231.20
1233.51
1235.06
1235.83
886.63
902.65
918.54
934.26
949.80
965.14
980.25
995.11
1009.70
1023.99
1037.97
1051.61
1064.89
1077.79
1090.28
1102.34
1113.94
1125.07
1135.71
1145.82
1155.38
1164.38
1172.79
1180.59
1187.76
1194.27
1200.12
1205.27
1209.72
1213.46
1216.45
1218.71
1220.22
1220.97
877.14
892.95
908.62
924.14
939.47
954.59
969.49
984.14
998.52
1012.60
1026.37
1039.80
1052.87
1065.56
1077.84
1089.70
1101.10
1112.03
1122.47
1132.39
1141.77
1150.59
1158.83
1166.47
1173.48
1179.86
1185.57
1190.61
1194.96
1198.60
1201.53
1203.74
1205.21
1205.94
867.42
883.02
898.48
913.78
928.90
943.81
958.49
972.93
987.10
1000.97
1014.53
1027.75
1040.61
1053.09
1065.17
1076.82
1088.02
1098.76
1109.01
1118.74
1127.94
1136.59
1144.66
1152.14
1159.01
1165.25
1170.84
1175.76
1180.02
1183.58
1186.44
1188.59
1190.03
1190.75
857.50
872.88
888.12
903.21
918.11
932.80
947.27
961.49
975.45
989.11
1002.45
1015.46
1028.12
1040.39
1052.27
1063.72
1074.73
1085.28
1095.33
1104.89
1113.91
1122.39
1130.30
1137.63
1144.36
1150.46
1155.93
1160.75
1164.91
1168.39
1171.19
1173.29
1174.70
1175.40
847.39
862.55
877.57
892.43
907.11
921.59
935.84
949.85
963.59
977.03
990.17
1002.97
1015.42
1027.49
1039.17
1050.42
1061.24
1071.59
1081.47
1090.84
1099.70
1108.01
1115.77
1122.95
1129.54
1135.52
1140.87
1145.59
1149.65
1153.06
1155.79
1157.85
1159.22
1159.91
837.10
852.03
866.83
881.47
895.93
910.19
924.22
938.01
951.54
964.77
977.70
990.29
1002.53
1014.40
1025.88
1036.94
1047.57
1057.74
1067.43
1076.63
1085.32
1093.47
1101.08
1108.11
1114.57
1120.42
1125.67
1130.28
1134.26
1137.59
1140.27
1142.28
1143.63
1144.30
826.64
841.35
855.92
870.34
884.58
898.61
912.43
926.00
939.31
952.33
965.05
977.44
989.48
1001.15
1012.42
1023.29
1033.73
1043.72
1053.23
1062.26
1070.78
1078.78
1086.24
1093.14
1099.46
1105.20
1110.33
1114.86
1118.75
1122.01
1124.63
1126.60
1127.92
1128.57
816.05
830.52
844.87
859.06
873.07
886.89
900.48
913.84
926.93
939.74
952.25
964.43
976.27
987.73
998.82
1009.50
1019.75
1029.55
1038.90
1047.76
1056.12
1063.97
1071.28
1078.04
1084.24
1089.86
1094.89
1099.32
1103.14
1106.33
1108.89
1110.82
1112.11
1112.75
805.32
819.57
833.68
847.64
861.43
875.02
888.40
901.54
914.42
927.01
939.31
951.29
962.92
974.19
985.08
995.57
1005.64
1015.27
1024.44
1033.14
1041.34
1049.04
1056.21
1062.84
1068.92
1074.43
1079.35
1083.69
1087.43
1090.56
1093.07
1094.96
1096.22
1096.85
794.49
808.50
822.38
836.11
849.68
863.04
876.20
889.12
901.78
914.17
926.26
938.03
949.46
960.54
971.23
981.54
991.42
1000.88
1009.88
1018.42
1026.47
1034.02
1041.05
1047.55
1053.51
1058.91
1063.74
1067.99
1071.65
1074.72
1077.18
1079.03
1080.26
1080.88
783.56
797.34
810.99
824.49
837.82
850.97
863.90
876.60
889.05
901.22
913.10
924.67
935.91
946.79
957.30
967.41
977.12
986.40
995.24
1003.62
1011.52
1018.92
1025.82
1032.20
1038.04
1043.33
1048.07
1052.24
1055.82
1058.83
1061.23
1063.05
1064.25
1064.86
772.56
786.10
799.52
812.79
825.89
838.81
851.52
864.01
876.24
888.20
899.88
911.24
922.28
932.96
943.29
953.22
962.75
971.87
980.54
988.76
996.51
1003.78
1010.54
1016.80
1022.52
1027.71
1032.36
1036.44
1039.96
1042.90
1045.26
1047.03
1048.22
1048.81
761.51
774.81
787.99
801.03
813.91
826.60
839.09
851.35
863.37
875.12
886.59
897.75
908.59
919.09
929.23
938.98
948.34
957.28
965.80
973.86
981.47
988.60
995.23
1001.37
1006.98
1012.07
1016.62
1020.63
1024.07
1026.96
1029.27
1031.01
1032.17
1032.75
750.42
763.48
776.43
789.23
801.88
814.35
826.62
838.66
850.47
862.01
873.27
884.24
894.88
905.19
915.14
924.71
933.90
942.68
951.04
958.95
966.41
973.40
979.91
985.93
991.44
996.43
1000.89
1004.81
1008.19
1011.02
1013.29
1014.99
1016.13
1016.70
739.32
752.14
764.85
777.42
789.84
802.08
814.13
825.96
837.55
848.88
859.94
870.71
881.16
891.28
901.04
910.44
919.46
928.08
936.28
944.04
951.36
958.22
964.61
970.51
975.91
980.80
985.18
989.03
992.34
995.11
997.33
999.00
1000.12
1000.67
728.22
740.81
753.28
765.62
777.81
789.82
801.65
813.26
824.64
835.77
846.62
857.19
867.45
877.38
886.97
896.19
905.04
913.50
921.54
929.16
936.35
943.07
949.34
955.13
960.42
965.22
969.51
973.28
976.53
979.25
981.43
983.07
984.16
984.70
717.16
729.50
741.73
753.84
765.80
777.59
789.20
800.59
811.76
822.68
833.34
843.71
853.78
863.52
872.93
881.99
890.67
898.97
906.86
914.34
921.38
927.98
934.13
939.80
945.00
949.71
953.91
957.61
960.80
963.46
965.60
967.20
968.27
968.81
706.14
718.24
730.24
742.11
753.85
765.41
776.80
787.98
798.94
809.65
820.11
830.29
840.17
849.73
858.96
867.85
876.37
884.51
892.25
899.59
906.50
912.97
919.00
924.57
929.66
934.28
938.40
942.03
945.15
947.77
949.86
951.44
952.49
953.01
695.19
707.05
718.82
730.46
741.97
753.31
764.48
775.45
786.20
796.71
806.97
816.95
826.64
836.03
845.09
853.80
862.16
870.15
877.75
884.94
891.72
898.07
903.99
909.45
914.44
918.97
923.02
926.57
929.64
932.20
934.25
935.79
936.82
937.34
684.34
695.97
707.49
718.91
730.19
741.31
752.26
763.02
773.56
783.87
793.93
803.73
813.24
822.44
831.33
839.88
848.08
855.92
863.37
870.43
877.08
883.31
889.11
894.46
899.37
903.81
907.77
911.26
914.26
916.78
918.79
920.30
921.32
921.82
673.61
685.00
696.29
707.48
718.53
729.44
740.17
750.72
761.06
771.17
781.04
790.65
799.97
809.00
817.72
826.11
834.15
841.84
849.15
856.07
862.60
868.71
874.40
879.65
884.46
888.81
892.70
896.13
899.07
901.53
903.51
904.99
905.99
906.48
663.02
674.17
685.24
696.19
707.03
717.72
728.24
738.58
748.71
758.63
768.31
777.73
786.88
795.73
804.28
812.51
820.40
827.94
835.11
841.90
848.30
854.30
859.88
865.03
869.75
874.02
877.84
881.19
884.08
886.50
888.44
889.89
890.86
891.35
652.60
663.51
674.35
685.09
695.70
706.17
716.49
726.62
736.56
746.28
755.77
765.01
773.98
782.67
791.05
799.12
806.86
814.26
821.29
827.96
834.23
840.11
845.59
850.64
855.27
859.46
863.20
866.50
869.33
871.70
873.60
875.03
875.98
876.46
642.36
653.05
663.67
674.18
684.58
694.84
704.94
714.88
724.62
734.15
743.45
752.51
761.31
769.83
778.05
785.97
793.56
800.82
807.72
814.26
820.41
826.18
831.55
836.51
841.05
845.16
848.84
852.07
854.85
857.17
859.04
860.44
861.37
861.84
632.35
642.81
653.20
663.50
673.68
683.74
693.64
703.38
712.92
722.27
731.39
740.27
748.90
757.26
765.32
773.09
780.54
787.65
794.42
800.84
806.88
812.54
817.81
822.68
827.13
831.16
834.77
837.94
840.67
842.95
844.78
846.15
847.07
847.53
622.58
632.82
642.99
653.08
663.05
672.90
682.60
692.14
701.50
710.66
719.61
728.32
736.78
744.98
752.89
760.51
767.81
774.80
781.44
787.73
793.66
799.22
804.39
809.16
813.54
817.49
821.03
824.14
826.82
829.06
830.86
832.20
833.11
833.56
613.08
623.10
633.06
642.94
652.71
662.36
671.86
681.22
690.39
699.37
708.14
716.69
724.98
733.02
740.79
748.26
755.43
762.28
768.80
774.98
780.80
786.25
791.33
796.01
800.30
804.19
807.66
810.72
813.34
815.54
817.31
818.63
819.51
819.96
603.87
613.69
623.44
633.11
642.68
652.13
661.45
670.62
679.61
688.42
697.02
705.40
713.54
721.43
729.05
736.38
743.42
750.14
756.54
762.61
768.32
773.67
778.65
783.26
787.47
791.28
794.70
797.69
800.27
802.43
804.16
805.47
806.33
806.77
594.99
604.60
614.14
623.62
633.00
642.26
651.40
660.38
669.20
677.84
686.28
694.50
702.49
710.23
717.71
724.91
731.81
738.42
744.70
750.65
756.26
761.52
766.41
770.93
775.07
778.82
782.17
785.11
787.65
789.77
791.47
792.75
793.60
794.03
586.46
595.86
605.22
614.50
623.69
632.77
641.73
650.54
659.19
667.67
675.95
684.02
691.86
699.46
706.80
713.87
720.65
727.13
733.31
739.15
744.66
749.83
754.64
759.08
763.14
766.83
770.12
773.01
775.50
777.59
779.26
780.51
781.35
781.77
578.30
587.51
596.68
605.77
614.78
623.69
632.48
641.12
649.61
657.93
666.06
673.98
681.68
689.14
696.35
703.30
709.96
716.33
722.40
728.14
733.56
738.64
743.36
747.73
751.72
755.34
758.58
761.43
763.87
765.92
767.57
768.80
769.63
770.04
570.54
579.57
588.55
597.48
606.31
615.05
623.67
632.16
640.50
648.66
656.65
664.43
671.99
679.33
686.41
693.24
699.79
706.05
712.01
717.66
722.99
727.98
732.63
736.92
740.85
744.41
747.59
750.39
752.80
754.82
756.43
757.65
758.46
758.87
563.21
572.06
580.88
589.63
598.30
606.88
615.35
623.68
631.87
639.90
647.74
655.39
662.83
670.04
677.00
683.72
690.16
696.32
702.18
707.74
712.98
717.89
722.47
726.69
730.56
734.07
737.20
739.95
742.33
744.31
745.90
747.10
747.89
748.29
556.33
565.02
573.67
582.27
590.79
599.21
607.53
615.72
623.77
631.66
639.38
646.90
654.21
661.31
668.16
674.77
681.11
687.17
692.95
698.42
703.58
708.42
712.92
717.08
720.89
724.34
727.43
730.14
732.48
734.43
736.00
737.18
737.96
738.36
549.93
558.46
566.96
575.41
583.78
592.07
600.25
608.31
616.23
623.99
631.58
638.99
646.19
653.17
659.93
666.43
672.68
678.65
684.34
689.73
694.82
699.58
704.02
708.12
711.88
715.28
718.32
721.00
723.30
725.23
726.77
727.93
728.71
729.10
544.02
552.42
560.77
569.08
577.32
585.48
593.53
601.46
609.26
616.91
624.39
631.68
638.78
645.66
652.32
658.73
664.89
670.78
676.39
681.71
686.72
691.43
695.80
699.85
703.55
706.91
709.91
712.55
714.82
716.72
718.25
719.40
720.16
720.54
543.09
551.49
559.85
568.16
576.41
584.57
592.64
600.58
608.39
616.05
623.54
630.85
637.95
644.85
651.52
657.94
664.11
670.02
675.64
680.97
685.99
690.70
695.09
699.15
702.86
706.22
709.23
711.88
714.16
716.06
717.59
718.74
719.51
719.89
549.01
557.55
566.06
574.51
582.90
591.19
599.38
607.45
615.38
623.16
630.76
638.18
645.40
652.39
659.16
665.68
671.94
677.92
683.63
689.03
694.13
698.90
703.35
707.46
711.23
714.64
717.69
720.37
722.68
724.61
726.16
727.32
728.10
728.49
555.44
564.14
572.79
581.40
589.93
598.37
606.70
614.90
622.96
630.87
638.59
646.13
653.46
660.57
667.44
674.06
680.41
686.49
692.28
697.76
702.93
707.78
712.30
716.47
720.29
723.75
726.84
729.56
731.90
733.86
735.43
736.62
737.40
737.80
562.34
571.20
580.03
588.79
597.48
606.07
614.55
622.89
631.10
639.14
646.99
654.66
662.11
669.33
676.32
683.04
689.50
695.68
701.56
707.13
712.38
717.31
721.89
726.13
730.01
733.52
736.66
739.42
741.80
743.79
745.39
746.59
747.39
747.79
569.70
578.74
587.73
596.66
605.52
614.27
622.90
631.41
639.76
647.94
655.94
663.74
671.32
678.67
685.77
692.61
699.18
705.45
711.43
717.10
722.44
727.44
732.10
736.41
740.35
743.92
747.11
749.92
752.33
754.35
755.97
757.19
758.01
758.41
577.48
586.71
595.88
604.99
614.02
622.94
631.74
640.40
648.91
657.25
665.39
673.33
681.05
688.53
695.76
702.72
709.40
715.79
721.87
727.63
733.06
738.15
742.89
747.27
751.27
754.90
758.15
761.00
763.46
765.51
767.16
768.40
769.23
769.64
585.67
595.09
604.45
613.75
622.96
632.06
641.03
649.86
658.53
667.02
675.32
683.41
691.27
698.89
706.25
713.33
720.14
726.64
732.83
738.69
744.22
749.40
754.22
758.67
762.75
766.44
769.74
772.65
775.15
777.24
778.91
780.17
781.01
781.43
594.23
603.85
613.41
622.90
632.30
641.58
650.74
659.74
668.58
677.24
685.70
693.94
701.95
709.71
717.21
724.42
731.35
737.97
744.27
750.24
755.87
761.14
766.05
770.58
774.73
778.49
781.85
784.81
787.35
789.48
791.18
792.47
793.32
793.75
603.14
612.97
622.74
632.43
642.02
651.49
660.83
670.02
679.03
687.86
696.49
704.89
713.05
720.96
728.60
735.95
743.01
749.75
756.17
762.25
767.98
773.35
778.35
782.97
787.19
791.02
794.44
797.45
800.04
802.20
803.94
805.25
806.12
806.55
612.38
622.42
632.40
642.29
652.08
661.75
671.28
680.66
689.86
698.86
707.65
716.22
724.54
732.60
740.39
747.88
755.07
761.95
768.49
774.68
780.52
785.99
791.08
795.78
800.09
803.99
807.47
810.53
813.17
815.38
817.15
818.48
819.36
819.81
621.91
632.17
642.36
652.47
662.47
672.34
682.07
691.63
701.01
710.20
719.17
727.90
736.39
744.61
752.54
760.18
767.51
774.52
781.18
787.49
793.44
799.02
804.20
809.00
813.38
817.35
820.90
824.03
826.71
828.96
830.76
832.12
833.02
833.47
631.71
642.20
652.61
662.93
673.14
683.22
693.14
702.90
712.48
721.85
731.00
739.90
748.56
756.94
765.03
772.82
780.29
787.43
794.22
800.66
806.72
812.40
817.69
822.57
827.04
831.09
834.71
837.89
840.62
842.91
844.75
846.13
847.05
847.51
641.76
652.47
663.11
673.65
684.07
694.36
704.49
714.45
724.22
733.78
743.11
752.19
761.02
769.56
777.82
785.76
793.37
800.65
807.58
814.14
820.32
826.11
831.50
836.47
841.03
845.15
848.84
852.08
854.87
857.21
859.08
860.48
861.42
861.89
652.02
662.97
673.83
684.59
695.23
705.73
716.08
726.24
736.21
745.96
755.47
764.74
773.74
782.45
790.87
798.97
806.73
814.15
821.21
827.90
834.20
840.10
845.59
850.67
855.31
859.51
863.27
866.58
869.42
871.80
873.71
875.14
876.10
876.58
662.48
673.66
684.75
695.74
706.60
717.32
727.87
738.24
748.41
758.35
768.06
777.51
786.69
795.58
804.16
812.41
820.33
827.89
835.09
841.91
848.33
854.35
859.95
865.12
869.85
874.14
877.97
881.34
884.24
886.67
888.61
890.07
891.05
891.54
673.10
684.52
695.85
707.06
718.15
729.08
739.85
750.43
760.80
770.94
780.84
790.48
799.84
808.90
817.65
826.06
834.14
841.85
849.19
856.14
862.69
868.82
874.53
879.80
884.63
889.00
892.91
896.34
899.30
901.77
903.76
905.25
906.24
906.74
683.87
695.53
707.09
718.53
729.84
741.00
751.98
762.77
773.35
783.69
793.79
803.62
813.16
822.40
831.31
839.90
848.13
855.99
863.47
870.55
877.23
883.49
889.31
894.68
899.60
904.06
908.04
911.55
914.56
917.08
919.11
920.63
921.64
922.15
694.76
706.65
718.45
730.12
741.66
753.04
764.24
775.25
786.03
796.58
806.87
816.89
826.62
836.04
845.13
853.88
862.27
870.28
877.91
885.13
891.94
898.31
904.25
909.73
914.75
919.29
923.36
926.93
930.00
932.57
934.64
936.19
937.22
937.74
705.74
717.87
729.91
741.82
753.58
765.19
776.61
787.83
798.82
809.57
820.07
830.28
840.19
849.79
859.06
867.98
876.53
884.70
892.48
899.84
906.78
913.28
919.33
924.92
930.04
934.67
938.81
942.46
945.59
948.21
950.32
951.90
952.95
953.48
716.79
729.17
741.44
753.58
765.58
777.41
789.05
800.49
811.69
822.65
833.34
843.75
853.86
863.64
873.09
882.17
890.89
899.22
907.14
914.65
921.72
928.35
934.52
940.22
945.44
950.16
954.39
958.10
961.30
963.98
966.12
967.73
968.81
969.35
727.89
740.51
753.02
765.40
777.63
789.68
801.55
813.20
824.62
835.78
846.68
857.29
867.58
877.55
887.18
896.44
905.32
913.81
921.89
929.54
936.75
943.51
949.80
955.61
960.93
965.75
970.06
973.85
977.11
979.84
982.02
983.67
984.77
985.32
739.02
751.88
764.63
777.24
789.70
801.99
814.07
825.94
837.57
848.95
860.05
870.86
881.35
891.50
901.31
910.75
919.80
928.45
936.68
944.48
951.83
958.72
965.13
971.06
976.48
981.40
985.79
989.66
992.98
995.77
998.00
999.68
1000.80
1001.36
750.16
763.26
776.25
789.09
801.78
814.29
826.60
838.69
850.54
862.13
873.43
884.44
895.12
905.47
915.46
925.07
934.30
943.11
951.50
959.45
966.94
973.97
980.51
986.55
992.08
997.09
1001.57
1005.52
1008.91
1011.75
1014.03
1015.74
1016.88
1017.45
761.28
774.62
787.85
800.93
813.85
826.59
839.12
851.43
863.49
875.29
886.80
898.01
908.89
919.43
929.60
939.40
948.79
957.78
966.33
974.43
982.06
989.22
995.89
1002.05
1007.69
1012.80
1017.38
1021.40
1024.86
1027.76
1030.08
1031.83
1032.99
1033.58
772.37
785.95
799.41
812.73
825.88
838.84
851.60
864.13
876.41
888.41
900.13
911.54
922.62
933.35
943.72
953.69
963.27
972.42
981.13
989.38
997.17
1004.47
1011.26
1017.55
1023.30
1028.51
1033.18
1037.28
1040.81
1043.77
1046.14
1047.92
1049.11
1049.71
783.40
797.22
810.92
824.47
837.85
851.04
864.02
876.77
889.26
901.48
913.41
925.02
936.30
947.23
957.78
967.94
977.69
987.01
995.89
1004.30
1012.24
1019.68
1026.61
1033.01
1038.88
1044.20
1048.96
1053.14
1056.75
1059.77
1062.19
1064.01
1065.22
1065.83
794.36
808.42
822.35
836.13
849.74
863.16
876.36
889.33
902.04
914.47
926.61
938.43
949.91
961.03
971.77
982.12
992.05
1001.55
1010.59
1019.16
1027.25
1034.84
1041.90
1048.43
1054.42
1059.85
1064.70
1068.97
1072.65
1075.73
1078.20
1080.06
1081.30
1081.92
805.23
819.52
833.68
847.70
861.53
875.18
888.60
901.79
914.72
927.37
939.71
951.74
963.42
974.74
985.68
996.21
1006.32
1015.99
1025.21
1033.94
1042.19
1049.92
1057.12
1063.79
1069.89
1075.43
1080.38
1084.74
1088.50
1091.64
1094.16
1096.06
1097.33
1097.96
815.98
830.51
844.91
859.15
873.21
887.08
900.73
914.13
927.28
940.14
952.70
964.93
976.82
988.33
999.46
1010.19
1020.49
1030.34
1039.72
1048.63
1057.03
1064.91
1072.26
1079.05
1085.28
1090.93
1095.99
1100.44
1104.27
1107.48
1110.06
1112.00
1113.29
1113.94
826.61
841.37
856.00
870.46
884.75
898.84
912.71
926.34
939.70
952.78
965.55
977.99
990.08
1001.79
1013.12
1024.04
1034.52
1044.56
1054.12
1063.19
1071.75
1079.79
1087.28
1094.21
1100.57
1106.34
1111.50
1116.04
1119.96
1123.24
1125.87
1127.85
1129.17
1129.83
837.10
852.08
866.94
881.63
896.14
910.46
924.55
938.39
951.97
965.26
978.24
990.89
1003.18
1015.10
1026.63
1037.74
1048.41
1058.63
1068.37
1077.62
1086.35
1094.54
1102.18
1109.26
1115.74
1121.63
1126.90
1131.54
1135.54
1138.89
1141.58
1143.61
1144.96
1145.63
847.42
862.63
877.71
892.63
907.36
921.90
936.21
950.27
964.06
977.57
990.76
1003.61
1016.12
1028.24
1039.97
1051.28
1062.14
1072.55
1082.47
1091.89
1100.79
1109.14
1116.94
1124.16
1130.78
1136.79
1142.17
1146.92
1151.00
1154.43
1157.18
1159.25
1160.63
1161.32
857.57
873.00
888.30
903.44
918.39
933.15
947.67
961.95
975.96
989.68
1003.08
1016.15
1028.86
1041.19
1053.12
1064.63
1075.69
1086.28
1096.39
1105.99
1115.06
1123.59
1131.54
1138.91
1145.67
1151.81
1157.31
1162.15
1166.33
1169.83
1172.65
1174.76
1176.18
1176.88
867.52
883.17
898.69
914.04
929.22
944.19
958.93
973.43
987.65
1001.58
1015.20
1028.48
1041.40
1053.93
1066.07
1077.78
1089.03
1099.82
1110.12
1119.91
1129.15
1137.85
1145.96
1153.48
1160.39
1166.66
1172.28
1177.24
1181.51
1185.10
1187.97
1190.14
1191.59
1192.31
877.26
893.13
908.86
924.43
939.82
955.01
969.97
984.68
999.12
1013.26
1027.09
1040.58
1053.71
1066.45
1078.79
1090.70
1102.16
1113.15
1123.64
1133.61
1143.04
1151.91
1160.20
1167.88
1174.93
1181.34
1187.09
1192.16
1196.53
1200.20
1203.14
1205.36
1206.84
1207.58
886.77
902.86
918.80
934.59
950.19
965.59
980.76
995.68
1010.33
1024.69
1038.73
1052.43
1065.77
1078.73
1091.28
1103.39
1115.06
1126.24
1136.93
1147.10
1156.71
1165.76
1174.22
1182.06
1189.27
1195.83
1201.71
1206.89
1211.37
1215.13
1218.15
1220.42
1221.94
1222.70
896.05
912.34
928.50
944.49
960.31
975.91
991.30
1006.43
1021.29
1035.86
1050.11
1064.02
1077.58
1090.74
1103.50
1115.83
1127.70
1139.09
1149.98
1160.34
1170.15
1179.38
1188.02
1196.04
1203.41
1210.11
1216.13
1221.44
1226.03
1229.87
1232.97
1235.30
1236.86
1237.63
905.08
921.57
937.93
954.13
970.15
985.97
1001.56
1016.90
1031.97
1046.75
1061.21
1075.34
1089.10
1102.48
1115.45
1127.99
1140.07
1151.67
1162.76
1173.32
1183.33
1192.76
1201.58
1209.77
1217.31
1224.17
1230.33
1235.77
1240.48
1244.42
1247.60
1249.99
1251.59
1252.39
913.83
930.53
947.09
963.49
979.72
995.73
1011.53
1027.08
1042.36
1057.35
1072.02
1086.36
1100.33
1113.92
1127.11
1139.86
1152.15
1163.96
1175.27
1186.04
1196.25
1205.87
1214.88
1223.26
1230.97
1238.00
1244.31
1249.89
1254.71
1258.76
1262.02
1264.48
1266.12
1266.94
922.31
939.20
955.96
972.56
988.98
1005.20
1021.20
1036.95
1052.43
1067.63
1082.51
1097.06
1111.25
1125.05
1138.45
1151.42
1163.93
1175.95
1187.47
1198.45
1208.87
1218.70
1227.91
1236.48
1244.38
1251.57
1258.05
1263.77
1268.72
1272.88
1276.23
1278.76
1280.44
1281.29
930.49
947.57
964.52
981.31
997.93
1014.35
1030.54
1046.50
1062.18
1077.58
1092.68
1107.43
1121.83
1135.85
1149.47
1162.65
1175.38
1187.62
1199.36
1210.56
1221.19
1231.23
1240.65
1249.42
1257.50
1264.88
1271.52
1277.40
1282.49
1286.76
1290.21
1292.81
1294.55
1295.42
938.37
955.63
972.77
989.75
1006.55
1023.16
1039.55
1055.70
1071.59
1087.20
1102.49
1117.46
1132.07
1146.30
1160.13
1173.54
1186.48
1198.95
1210.91
1222.33
1233.19
1243.45
1253.08
1262.05
1270.34
1277.91
1284.72
1290.76
1295.99
1300.40
1303.95
1306.62
1308.41
1309.31
945.92
963.36
980.68
997.84
1014.83
1031.63
1048.21
1064.56
1080.64
1096.44
1111.94
1127.12
1141.94
1156.38
1170.43
1184.06
1197.23
1209.92
1222.11
1233.75
1244.84
1255.32
1265.18
1274.37
1282.86
1290.63
1297.63
1303.84
1309.23
1313.76
1317.42
1320.19
1322.04
1322.96
953.14
970.76
988.25
1005.59
1022.76
1039.74
1056.51
1073.04
1089.32
1105.32
1121.02
1136.39
1151.42
1166.08
1180.35
1194.19
1207.59
1220.51
1232.92
1244.80
1256.12
1266.84
1276.92
1286.34
1295.05
1303.03
1310.23
1316.62
1322.17
1326.85
1330.63
1333.48
1335.40
1336.35
960.02
977.81
995.46
1012.97
1030.32
1047.47
1064.42
1081.14
1097.60
1113.79
1129.69
1145.27
1160.50
1175.37
1189.85
1203.92
1217.54
1230.69
1243.34
1255.46
1267.01
1277.97
1288.29
1297.94
1306.89
1315.08
1322.50
1329.08
1334.81
1339.64
1343.55
1346.50
1348.48
1349.47
966.55
984.49
1002.31
1019.98
1037.49
1054.82
1071.94
1088.84
1105.48
1121.86
1137.95
1153.72
1169.16
1184.24
1198.94
1213.22
1227.07
1240.45
1253.34
1265.69
1277.49
1288.69
1299.26
1309.16
1318.34
1326.77
1334.40
1341.20
1347.11
1352.11
1356.15
1359.21
1361.27
1362.29
972.71
990.80
1008.77
1026.60
1044.28
1061.77
1079.05
1096.12
1112.94
1129.50
1145.78
1161.75
1177.38
1192.67
1207.57
1222.08
1236.15
1249.76
1262.88
1275.49
1287.53
1298.99
1309.81
1319.96
1329.39
1338.06
1345.93
1352.95
1359.06
1364.24
1368.43
1371.60
1373.74
1374.80
978.49
996.73
1014.85
1032.83
1050.65
1068.30
1085.74
1102.98
1119.97
1136.70
1153.16
1169.31
1185.14
1200.63
1215.74
1230.46
1244.75
1258.60
1271.96
1284.81
1297.10
1308.81
1319.90
1330.31
1340.00
1348.93
1357.04
1364.29
1370.62
1375.99
1380.34
1383.65
1385.86
1386.98
983.89
1002.26
1020.52
1038.64
1056.61
1074.40
1092.00
1109.39
1126.54
1143.45
1160.08
1176.41
1192.43
1208.11
1223.42
1238.35
1252.87
1266.94
1280.54
1293.63
1306.18
1318.15
1329.50
1340.18
1350.14
1359.34
1367.71
1375.21
1381.77
1387.34
1391.87
1395.31
1397.62
1398.78
988.89
1007.39
1025.77
1044.03
1062.13
1080.06
1097.81
1115.35
1132.66
1149.72
1166.51
1183.02
1199.22
1215.08
1230.59
1245.73
1260.46
1274.75
1288.58
1301.92
1314.72
1326.95
1338.57
1349.53
1359.77
1369.24
1377.89
1385.65
1392.45
1398.25
1402.96
1406.55
1408.97
1410.18
993.49
1012.10
1030.61
1048.99
1067.22
1085.28
1103.16
1120.83
1138.29
1155.50
1172.45
1189.12
1205.49
1221.53
1237.23
1252.57
1267.50
1282.01
1296.07
1309.65
1322.70
1335.20
1347.08
1358.32
1368.84
1378.61
1387.54
1395.57
1402.64
1408.66
1413.58
1417.34
1419.87
1421.14
997.68
1016.40
1035.01
1053.50
1071.85
1090.03
1108.04
1125.84
1143.43
1160.78
1177.88
1194.70
1211.23
1227.44
1243.32
1258.84
1273.97
1288.70
1302.98
1316.79
1330.08
1342.84
1354.99
1366.51
1377.32
1387.37
1396.60
1404.92
1412.26
1418.53
1423.67
1427.60
1430.25
1431.59
1001.45
1020.26
1038.98
1057.57
1076.02
1094.32
1112.43
1130.36
1148.07
1165.55
1182.78
1199.74
1216.42
1232.79
1248.84
1264.53
1279.85
1294.77
1309.26
1323.29
1336.83
1349.83
1362.25
1374.04
1385.14
1395.49
1405.01
1413.63
1421.25
1427.79
1433.16
1437.27
1440.06
1441.46
1004.79
1023.69
1042.49
1061.18
1079.73
1098.12
1116.34
1134.37
1152.19
1169.78
1187.14
1204.23
1221.05
1237.56
1253.76
1269.61
1285.11
1300.21
1314.90
1329.14
1342.90
1356.14
1368.82
1380.87
1392.25
1402.89
1412.71
1421.63
1429.54
1436.35
1441.97
1446.28
1449.21
1450.69
1007.69
1026.68
1045.56
1064.32
1082.95
1101.43
1119.74
1137.86
1155.78
1173.48
1190.95
1208.15
1225.09
1241.73
1258.07
1274.07
1289.72
1304.99
1319.86
1334.29
1348.26
1361.72
1374.64
1386.95
1398.60
1409.52
1419.63
1428.84
1437.04
1444.13
1449.99
1454.51
1457.59
1459.15
1010.16
1029.21
1048.16
1066.99
1085.69
1104.25
1122.63
1140.84
1158.84
1176.63
1194.19
1211.49
1228.54
1245.29
1261.75
1277.88
1293.66
1309.08
1324.11
1338.72
1352.87
1366.54
1379.67
1392.21
1404.11
1415.29
1425.67
1435.17
1443.65
1451.02
1457.13
1461.86
1465.09
1466.72
1012.19
1031.29
1050.29
1069.19
1087.95
1106.56
1125.01
1143.28
1161.36
1179.22
1196.85
1214.24
1231.37
1248.22
1264.78
1281.02
1296.92
1312.47
1327.63
1342.39
1356.70
1370.54
1383.86
1396.60
1408.72
1420.14
1430.77
1440.53
1449.28
1456.90
1463.25
1468.17
1471.55
1473.26
1013.77
1032.91
1051.96
1070.90
1089.70
1108.37
1126.87
1145.19
1163.32
1181.24
1198.94
1216.39
1233.59
1250.52
1267.15
1283.48
1299.47
1315.12
1330.40
1345.27
1359.71
1373.69
1387.17
1400.08
1412.38
1424.00
1434.85
1444.82
1453.80
1461.64
1468.20
1473.32
1476.83
1478.61
1014.90
1034.07
1053.15
1072.12
1090.96
1109.66
1128.19
1146.56
1164.73
1182.69
1200.43
1217.93
1235.18
1252.16
1268.86
1285.24
1301.31
1317.03
1332.38
1347.35
1361.89
1375.97
1389.56
1402.60
1415.04
1426.81
1437.81
1447.96
1457.11
1465.14
1471.87
1477.13
1480.75
1482.60
1015.58
1034.77
1053.87
1072.86
1091.72
1110.43
1128.99
1147.38
1165.57
1183.56
1201.33
1218.86
1236.14
1253.15
1269.88
1286.31
1302.41
1318.18
1333.58
1348.60
1363.20
1377.35
1391.00
1404.12
1416.65
1428.51
1439.62
1449.87
1459.14
1467.28
1474.12
1479.48
1483.17
1485.06
1015.81
1035.00
1054.11
1073.10
1091.97
1110.69
1129.26
1147.65
1165.85
1183.85
1201.63
1219.17
1236.46
1253.48
1270.22
1286.66
1302.78
1318.56
1333.98
1349.01
1363.63
1377.80
1391.49
1404.63
1417.19
1429.08
1440.22
1450.51
1459.82
1468.00
1474.88
1480.27
1483.99
1485.90
1015.58
1034.77
1053.87
1072.85
1091.71
1110.43
1128.99
1147.37
1165.57
1183.56
1201.33
1218.86
1236.14
1253.15
1269.88
1286.30
1302.41
1318.18
1333.58
1348.59
1363.19
1377.34
1391.00
1404.12
1416.65
1428.51
1439.61
1449.87
1459.14
1467.28
1474.12
1479.47
1483.17
1485.06
1014.90
1034.07
1053.15
1072.12
1090.96
1109.65
1128.19
1146.55
1164.72
1182.69
1200.43
1217.93
1235.18
1252.16
1268.85
1285.24
1301.30
1317.02
1332.38
1347.34
1361.88
1375.96
1389.55
1402.59
1415.03
1426.80
1437.80
1447.95
1457.10
1465.13
1471.86
1477.12
1480.74
1482.59
1013.77
1032.91
1051.96
1070.89
1089.70
1108.36
1126.86
1145.18
1163.31
1181.23
1198.93
1216.39
1233.59
1250.51
1267.14
1283.47
1299.47
1315.11
1330.39
1345.26
1359.70
1373.68
1387.15
1400.07
1412.37
1423.99
1434.83
1444.80
1453.78
1461.63
1468.19
1473.30
1476.81
1478.60
1012.19
1031.28
1050.29
1069.18
1087.94
1106.55
1125.00
1143.27
1161.35
1179.21
1196.85
1214.24
1231.36
1248.21
1264.77
1281.01
1296.91
1312.46
1327.62
1342.38
1356.69
1370.52
1383.84
1396.59
1408.71
1420.12
1430.76
1440.51
1449.26
1456.88
1463.23
1468.15
1471.53
1473.24
1010.16
1029.20
1048.15
1066.98
1085.69
1104.24
1122.62
1140.83
1158.83
1176.62
1194.18
1211.48
1228.52
1245.28
1261.73
1277.86
1293.65
1309.07
1324.10
1338.70
1352.86
1366.52
1379.65
1392.19
1404.09
1415.27
1425.65
1435.14
1443.63
1451.00
1457.11
1461.83
1465.06
1466.70
1007.68
1026.67
1045.55
1064.31
1082.94
1101.42
1119.73
1137.85
1155.77
1173.47
1190.93
1208.14
1225.07
1241.72
1258.05
1274.05
1289.70
1304.97
1319.84
1334.28
1348.24
1361.70
1374.62
1386.93
1398.57
1409.49
1419.60
1428.81
1437.01
1444.11
1449.97
1454.49
1457.56
1459.12
1004.78
1023.68
1042.48
1061.17
1079.71
1098.10
1116.32
1134.35
1152.17
1169.77
1187.12
1204.22
1221.03
1237.54
1253.74
1269.60
1285.09
1300.19
1314.88
1329.12
1342.88
1356.12
1368.79
1380.85
1392.23
1402.87
1412.68
1421.60
1429.51
1436.32
1441.94
1446.25
1449.18
1450.65
1001.43
1020.25
1038.96
1057.56
1076.01
1094.30
1112.42
1130.34
1148.05
1165.53
1182.76
1199.73
1216.40
1232.77
1248.82
1264.51
1279.83
1294.75
1309.24
1323.27
1336.81
1349.81
1362.23
1374.01
1385.11
1395.46
1404.98
1413.59
1421.22
1427.76
1433.13
1437.24
1440.02
1441.43
997.66
1016.38
1035.00
1053.49
1071.83
1090.02
1108.02
1125.82
1143.41
1160.76
1177.86
1194.68
1211.21
1227.42
1243.30
1258.82
1273.95
1288.67
1302.95
1316.76
1330.06
1342.81
1354.96
1366.48
1377.29
1387.34
1396.56
1404.88
1412.22
1418.50
1423.63
1427.56
1430.21
1431.55
993.48
1012.09
1030.59
1048.97
1067.20
1085.26
1103.14
1120.81
1138.27
1155.48
1172.43
1189.10
1205.47
1221.51
1237.21
1252.54
1267.47
1281.99
1296.05
1309.62
1322.67
1335.17
1347.05
1358.29
1368.81
1378.57
1387.50
1395.53
1402.60
1408.62
1413.54
1417.29
1419.82
1421.10
988.88
1007.37
1025.76
1044.01
1062.11
1080.04
1097.79
1115.32
1132.63
1149.69
1166.49
1182.99
1199.19
1215.06
1230.57
1245.70
1260.43
1274.72
1288.55
1301.89
1314.69
1326.92
1338.54
1349.49
1359.73
1369.21
1377.85
1385.61
1392.41
1398.21
1402.92
1406.51
1408.93
1410.14
983.87
1002.24
1020.50
1038.62
1056.58
1074.38
1091.98
1109.37
1126.52
1143.42
1160.05
1176.38
1192.40
1208.08
1223.40
1238.32
1252.84
1266.91
1280.50
1293.59
1306.14
1318.11
1329.46
1340.14
1350.10
1359.30
1367.67
1375.17
1381.73
1387.30
1391.82
1395.26
1397.58
1398.74
978.47
996.71
1014.82
1032.80
1050.63
1068.27
1085.72
1102.95
1119.94
1136.68
1153.13
1169.29
1185.12
1200.60
1215.71
1230.43
1244.72
1258.57
1271.93
1284.77
1297.07
1308.78
1319.86
1330.27
1339.96
1348.89
1357.00
1364.25
1370.58
1375.95
1380.30
1383.60
1385.82
1386.93
972.69
990.78
1008.75
1026.58
1044.25
1061.74
1079.03
1096.09
1112.92
1129.48
1145.75
1161.72
1177.35
1192.64
1207.54
1222.04
1236.11
1249.73
1262.85
1275.45
1287.49
1298.95
1309.77
1319.92
1329.35
1338.02
1345.89
1352.90
1359.02
1364.19
1368.38
1371.56
1373.69
1374.76
966.53
984.47
1002.28
1019.96
1037.47
1054.79
1071.91
1088.81
1105.45
1121.83
1137.92
1153.69
1169.13
1184.21
1198.90
1213.19
1227.03
1240.41
1253.30
1265.66
1277.45
1288.65
1299.22
1309.12
1318.30
1326.73
1334.36
1341.15
1347.07
1352.06
1356.11
1359.17
1361.22
1362.24
960.00
977.78
995.44
1012.95
1030.29
1047.45
1064.39
1081.11
1097.57
1113.76
1129.66
1145.23
1160.47
1175.34
1189.82
1203.88
1217.50
1230.65
1243.30
1255.42
1266.97
1277.93
1288.25
1297.90
1306.84
1315.04
1322.45
1329.04
1334.76
1339.59
1343.50
1346.45
1348.43
1349.42
953.12
970.73
988.22
1005.56
1022.73
1039.71
1056.48
1073.01
1089.28
1105.28
1120.98
1136.36
1151.39
1166.05
1180.31
1194.15
1207.55
1220.47
1232.88
1244.76
1256.08
1266.79
1276.88
1286.29
1295.01
1302.98
1310.18
1316.57
1322.12
1326.80
1330.58
1333.43
1335.34
1336.30
945.89
963.34
980.65
997.81
1014.80
1031.60
1048.18
1064.52
1080.61
1096.41
1111.91
1127.08
1141.90
1156.35
1170.39
1184.02
1197.19
1209.88
1222.06
1233.71
1244.79
1255.28
1265.13
1274.32
1282.81
1290.58
1297.58
1303.79
1309.18
1313.71
1317.37
1320.13
1321.98
1322.91
938.34
955.60
972.74
989.72
1006.52
1023.13
1039.52
1055.67
1071.56
1087.16
1102.45
1117.42
1132.03
1146.26
1160.09
1173.49
1186.44
1198.91
1210.87
1222.29
1233.14
1243.40
1253.03
1262.01
1270.29
1277.86
1284.67
1290.71
1295.94
1300.34
1303.89
1306.57
1308.36
1309.26
930.46
947.54
964.49
981.28
997.90
1014.31
1030.51
1046.46
1062.15
1077.55
1092.64
1107.39
1121.79
1135.81
1149.42
1162.61
1175.33
1187.58
1199.31
1210.51
1221.15
1231.19
1240.60
1249.37
1257.45
1264.83
1271.47
1277.35
1282.43
1286.71
1290.16
1292.75
1294.49
1295.36
922.28
939.17
955.93
972.52
988.95
1005.16
1021.16
1036.91
1052.40
1067.59
1082.47
1097.02
1111.21
1125.01
1138.41
1151.37
1163.88
1175.91
1187.42
1198.40
1208.82
1218.65
1227.86
1236.43
1244.32
1251.52
1257.99
1263.72
1268.67
1272.83
1276.18
1278.70
1280.39
1281.23
913.80
930.50
947.06
963.46
979.68
995.70
1011.49
1027.04
1042.32
1057.31
1071.98
1086.31
1100.29
1113.88
1127.06
1139.81
1152.10
1163.91
1175.22
1185.99
1196.20
1205.82
1214.83
1223.21
1230.92
1237.94
1244.26
1249.83
1254.66
1258.71
1261.97
1264.42
1266.06
1266.88
905.04
921.54
937.90
954.10
970.12
985.93
1001.52
1016.86
1031.93
1046.71
1061.17
1075.30
1089.06
1102.44
1115.40
1127.94
1140.02
1151.62
1162.71
1173.27
1183.28
1192.71
1201.53
1209.72
1217.26
1224.12
1230.28
1235.72
1240.42
1244.37
1247.54
1249.93
1251.53
1252.33
896.02
912.31
928.46
944.46
960.27
975.88
991.26
1006.39
1021.25
1035.82
1050.07
1063.98
1077.53
1090.70
1103.45
1115.78
1127.65
1139.04
1149.93
1160.29
1170.10
1179.33
1187.97
1195.98
1203.35
1210.05
1216.07
1221.38
1225.97
1229.82
1232.91
1235.24
1236.80
1237.57
886.74
902.82
918.77
934.55
950.15
965.55
980.72
995.64
1010.29
1024.65
1038.69
1052.39
1065.73
1078.68
1091.23
1103.34
1115.01
1126.19
1136.88
1147.04
1156.66
1165.71
1174.16
1182.01
1189.22
1195.77
1201.65
1206.84
1211.31
1215.07
1218.09
1220.36
1221.88
1222.63
877.22
893.09
908.82
924.40
939.78
954.97
969.93
984.63
999.07
1013.21
1027.04
1040.53
1053.66
1066.40
1078.74
1090.65
1102.11
1113.10
1123.59
1133.56
1142.99
1151.86
1160.14
1167.82
1174.87
1181.28
1187.03
1192.10
1196.47
1200.14
1203.08
1205.30
1206.78
1207.52
867.48
883.13
898.65
914.00
929.18
944.15
958.89
973.38
987.61
1001.54
1015.15
1028.43
1041.35
1053.88
1066.02
1077.72
1088.98
1099.77
1110.07
1119.85
1129.10
1137.79
1145.91
1153.43
1160.33
1166.60
1172.22
1177.18
1181.45
1185.03
1187.91
1190.08
1191.52
1192.25
857.53
872.96
888.26
903.40
918.35
933.10
947.63
961.91
975.92
989.63
1003.04
1016.10
1028.81
1041.14
1053.07
1064.57
1075.63
1086.23
1096.34
1105.94
1115.01
1123.53
1131.48
1138.85
1145.61
1151.75
1157.25
1162.09
1166.27
1169.77
1172.58
1174.70
1176.11
1176.82
847.38
862.59
877.67
892.58
907.32
921.85
936.16
950.22
964.02
977.52
990.71
1003.56
1016.07
1028.19
1039.92
1051.22
1062.09
1072.49
1082.41
1091.83
1100.73
1109.09
1116.88
1124.10
1130.72
1136.73
1142.11
1146.85
1150.94
1154.37
1157.12
1159.18
1160.57
1161.26
837.06
852.04
866.89
881.59
896.10
910.41
924.50
938.34
951.92
965.21
978.19
990.84
1003.13
1015.05
1026.58
1037.69
1048.36
1058.58
1068.31
1077.56
1086.29
1094.48
1102.12
1109.19
1115.68
1121.57
1126.84
1131.48
1135.48
1138.83
1141.52
1143.54
1144.89
1145.57
826.57
841.33
855.95
870.42
884.71
898.80
912.67
926.29
939.65
952.73
965.50
977.93
990.02
1001.74
1013.07
1023.98
1034.47
1044.50
1054.06
1063.13
1071.69
1079.73
1087.22
1094.15
1100.51
1106.27
1111.43
1115.98
1119.89
1123.17
1125.81
1127.79
1129.11
1129.77
815.94
830.47
844.86
859.10
873.17
887.03
900.68
914.09
927.23
940.09
952.65
964.88
976.76
988.28
999.41
1010.13
1020.43
1030.28
1039.66
1048.57
1056.97
1064.85
1072.19
1078.99
1085.22
1090.87
1095.92
1100.37
1104.21
1107.42
1109.99
1111.93
1113.22
1113.87
805.19
819.48
833.64
847.65
861.49
875.13
888.55
901.74
914.67
927.32
939.66
951.68
963.36
974.68
985.62
996.15
1006.26
1015.93
1025.15
1033.88
1042.12
1049.86
1057.06
1063.72
1069.83
1075.36
1080.32
1084.68
1088.43
1091.57
1094.10
1095.99
1097.26
1097.89
794.32
808.37
822.30
836.08
849.69
863.11
876.31
889.28
901.99
914.42
926.56
938.37
949.85
960.97
971.72
982.06
991.99
1001.49
1010.53
1019.10
1027.19
1034.77
1041.84
1048.37
1054.35
1059.78
1064.63
1068.90
1072.58
1075.66
1078.13
1079.99
1081.23
1081.85
783.36
797.18
810.87
824.42
837.80
850.99
863.97
876.72
889.21
901.43
913.36
924.97
936.25
947.17
957.72
967.88
977.63
986.95
995.83
1004.24
1012.17
1019.61
1026.54
1032.95
1038.82
1044.13
1048.89
1053.08
1056.68
1059.70
1062.12
1063.94
1065.15
1065.76
772.33
785.91
799.36
812.68
825.83
838.79
851.55
864.07
876.35
888.36
900.08
911.49
922.57
933.30
943.66
953.63
963.20
972.35
981.07
989.32
997.10
1004.40
1011.20
1017.48
1023.23
1028.45
1033.11
1037.21
1040.74
1043.70
1046.07
1047.85
1049.04
1049.64
761.24
774.58
787.80
800.88
813.80
826.54
839.07
851.38
863.44
875.23
886.74
897.95
908.83
919.37
929.54
939.34
948.73
957.71
966.26
974.36
982.00
989.16
995.82
1001.98
1007.62
1012.74
1017.31
1021.33
1024.79
1027.69
1030.01
1031.76
1032.92
1033.50
750.12
763.22
776.20
789.05
801.73
814.24
826.55
838.64
850.49
862.07
873.37
884.38
895.06
905.41
915.40
925.01
934.23
943.05
951.44
959.39
966.88
973.90
980.44
986.48
992.01
997.02
1001.50
1005.45
1008.84
1011.68
1013.96
1015.67
1016.81
1017.38
738.98
751.84
764.58
777.20
789.65
801.93
814.02
825.89
837.52
848.89
859.99
870.80
881.29
891.44
901.25
910.68
919.74
928.39
936.62
944.42
951.77
958.65
965.07
970.99
976.41
981.33
985.72
989.59
992.91
995.70
997.93
999.61
1000.73
1001.29
727.85
740.47
752.97
765.35
777.58
789.63
801.49
813.14
824.56
835.73
846.62
857.23
867.52
877.49
887.11
896.38
905.26
913.75
921.82
929.47
936.68
943.44
949.73
955.54
960.86
965.68
969.99
973.77
977.04
979.76
981.95
983.60
984.69
985.24
716.75
729.12
741.39
753.53
765.53
777.36
789.00
800.43
811.64
822.59
833.29
843.69
853.80
863.58
873.02
882.11
890.83
899.15
907.08
914.58
921.66
928.28
934.45
940.15
945.37
950.09
954.32
958.03
961.23
963.90
966.05
967.66
968.74
969.27
705.69
717.83
729.86
741.77
753.53
765.14
776.56
787.77
798.77
809.52
820.01
830.22
840.13
849.73
859.00
867.91
876.47
884.63
892.41
899.77
906.71
913.21
919.26
924.85
929.97
934.60
938.74
942.38
945.52
948.14
950.24
951.82
952.88
953.41
694.71
706.60
718.40
730.07
741.61
752.99
764.19
775.19
785.98
796.52
806.81
816.83
826.56
835.97
845.06
853.81
862.20
870.22
877.84
885.06
891.87
898.24
904.18
909.66
914.68
919.22
923.28
926.85
929.93
932.50
934.56
936.11
937.15
937.66
683.83
695.48
707.04
718.48
729.79
740.95
751.93
762.72
773.29
783.64
793.73
803.56
813.10
822.33
831.25
839.83
848.06
855.92
863.40
870.49
877.16
883.41
889.24
894.61
899.53
903.99
907.97
911.47
914.49
917.01
919.03
920.55
921.57
922.07
673.06
684.47
695.80
707.01
718.09
729.03
739.79
750.37
760.74
770.88
780.78
790.42
799.78
808.84
817.58
826.00
834.07
841.78
849.12
856.07
862.62
868.75
874.46
879.73
884.56
888.93
892.83
896.27
899.22
901.70
903.68
905.17
906.17
906.66
662.43
673.61
684.70
695.69
706.55
717.26
727.82
738.18
748.35
758.30
768.00
777.45
786.63
795.51
804.09
812.35
820.26
827.83
835.02
841.84
848.26
854.28
859.88
865.05
869.78
874.07
877.90
881.27
884.17
886.59
888.54
890.00
890.97
891.46
651.98
662.92
673.78
684.54
695.18
705.68
716.02
726.18
736.15
745.90
755.41
764.68
773.68
782.39
790.80
798.90
806.66
814.08
821.14
827.83
834.13
840.03
845.52
850.59
855.24
859.44
863.20
866.50
869.35
871.73
873.63
875.07
876.02
876.50
641.71
652.42
663.06
673.59
684.02
694.30
704.43
714.39
724.16
733.72
743.05
752.13
760.96
769.50
777.75
785.69
793.31
800.58
807.51
814.07
820.24
826.03
831.42
836.40
840.95
845.08
848.76
852.01
854.80
857.13
859.00
860.41
861.35
861.82
631.66
642.15
652.56
662.88
673.08
683.16
693.09
702.85
712.42
721.79
730.93
739.84
748.49
756.87
764.96
772.75
780.22
787.36
794.15
800.59
806.65
812.33
817.61
822.50
826.97
831.01
834.63
837.81
840.55
842.84
844.67
846.05
846.97
847.43
621.86
632.12
642.31
652.42
662.41
672.28
682.01
691.57
700.95
710.14
719.10
727.84
736.32
744.54
752.48
760.12
767.44
774.45
781.11
787.42
793.37
798.94
804.13
808.92
813.31
817.28
820.83
823.95
826.64
828.88
830.68
832.04
832.94
833.39
612.33
622.37
632.35
642.24
652.03
661.70
671.23
680.60
689.80
698.80
707.59
716.16
724.48
732.54
740.32
747.82
755.01
761.88
768.42
774.61
780.45
785.92
791.01
795.71
800.01
803.91
807.39
810.46
813.09
815.30
817.07
818.40
819.29
819.73
603.09
612.92
622.69
632.37
641.96
651.44
660.77
669.96
678.97
687.80
696.42
704.82
712.98
720.89
728.53
735.88
742.94
749.68
756.10
762.18
767.91
773.28
778.28
782.89
787.12
790.94
794.36
797.37
799.96
802.13
803.86
805.17
806.04
806.48
594.18
603.80
613.36
622.85
632.24
641.53
650.68
659.68
668.52
677.18
685.64
693.88
701.88
709.64
717.14
724.36
731.28
737.90
744.20
750.17
755.80
761.07
765.98
770.51
774.66
778.42
781.78
784.73
787.27
789.40
791.11
792.39
793.24
793.67
585.62
595.04
604.40
613.70
622.90
632.00
640.97
649.80
658.47
666.96
675.26
683.35
691.20
698.82
706.18
713.27
720.07
726.57
732.75
738.62
744.14
749.32
754.14
758.60
762.67
766.37
769.67
772.57
775.07
777.16
778.83
780.09
780.93
781.35
577.43
586.66
595.83
604.94
613.96
622.89
631.69
640.35
648.85
657.19
665.33
673.27
680.98
688.46
695.69
702.65
709.33
715.72
721.80
727.56
732.99
738.08
742.81
747.19
751.20
754.83
758.07
760.93
763.38
765.44
767.08
768.32
769.15
769.56
569.65
578.69
587.68
596.61
605.46
614.21
622.85
631.35
639.70
647.88
655.88
663.67
671.25
678.60
685.70
692.54
699.11
705.38
711.36
717.02
722.36
727.37
732.03
736.33
740.27
743.84
747.03
749.84
752.25
754.27
755.90
757.11
757.93
758.33
562.29
571.16
579.98
588.74
597.42
606.01
614.49
622.84
631.04
639.07
646.93
654.59
662.04
669.27
676.25
682.98
689.43
695.61
701.48
707.06
712.31
717.23
721.82
726.05
729.93
733.44
736.58
739.34
741.72
743.71
745.31
746.51
747.31
747.71
555.39
564.09
572.74
581.35
589.87
598.31
606.64
614.84
622.90
630.80
638.53
646.07
653.39
660.50
667.37
673.99
680.34
686.42
692.20
697.69
702.86
707.71
712.22
716.39
720.21
723.67
726.76
729.48
731.82
733.78
735.36
736.54
737.32
737.72
548.97
557.51
566.01
574.46
582.84
591.14
599.33
607.39
615.32
623.10
630.70
638.12
645.33
652.33
659.09
665.61
671.87
677.85
683.55
688.96
694.05
698.83
703.28
707.39
711.15
714.56
717.61
720.29
722.60
724.53
726.08
727.24
728.02
728.41
543.04
551.44
559.80
568.11
576.36
584.52
592.58
600.52
608.33
615.99
623.48
630.78
637.89
644.78
651.45
657.87
664.04
669.95
675.57
680.89
685.92
690.63
695.02
699.07
702.78
706.15
709.15
711.80
714.08
715.98
717.51
718.66
719.43
719.81
