547.95
556.34
564.68
572.97
581.18
589.31
597.33
605.23
613.00
620.61
628.05
635.30
642.36
649.20
655.81
662.18
668.30
674.14
679.71
684.99
689.96
694.63
698.97
702.98
706.66
709.98
712.96
715.58
717.83
719.71
721.22
722.36
723.12
723.50
553.78
562.30
570.77
579.20
587.54
595.80
603.94
611.96
619.84
627.56
635.11
642.47
649.63
656.57
663.27
669.73
675.93
681.86
687.50
692.85
697.90
702.62
707.02
711.09
714.81
718.18
721.20
723.85
726.13
728.04
729.57
730.72
731.49
731.87
560.09
568.76
577.39
585.95
594.44
602.83
611.11
619.26
627.26
635.10
642.77
650.24
657.51
664.55
671.36
677.91
684.20
690.22
695.95
701.37
706.49
711.28
715.74
719.87
723.64
727.06
730.12
732.81
735.12
737.05
738.61
739.77
740.55
740.94
566.88
575.71
584.49
593.20
601.84
610.38
618.80
627.09
635.22
643.20
650.99
658.58
665.97
673.12
680.03
686.69
693.08
699.19
705.00
710.51
715.71
720.57
725.10
729.29
733.12
736.59
739.69
742.42
744.77
746.73
748.30
749.49
750.28
750.67
574.11
583.11
592.05
600.93
609.73
618.42
626.99
635.42
643.70
651.82
659.74
667.46
674.97
682.24
689.27
696.04
702.53
708.74
714.64
720.24
725.52
730.46
735.06
739.31
743.20
746.73
749.88
752.65
755.03
757.03
758.63
759.83
760.63
761.03
581.76
590.94
600.06
609.11
618.07
626.92
635.65
644.24
652.67
660.93
668.99
676.85
684.49
691.89
699.03
705.91
712.52
718.83
724.83
730.52
735.89
740.91
745.59
749.91
753.86
757.44
760.65
763.46
765.88
767.91
769.53
770.76
771.57
771.98
589.81
599.17
608.47
617.70
626.84
635.86
644.76
653.51
662.09
670.50
678.71
686.71
694.48
702.01
709.29
716.29
723.01
729.43
735.54
741.33
746.78
751.89
756.65
761.04
765.06
768.70
771.96
774.82
777.28
779.34
780.99
782.24
783.06
783.48
598.23
607.78
617.28
626.69
636.00
645.20
654.27
663.19
671.94
680.50
688.87
697.02
704.93
712.60
720.00
727.13
733.97
740.50
746.72
752.61
758.16
763.36
768.20
772.67
776.76
780.46
783.77
786.68
789.19
791.28
792.97
794.23
795.07
795.49
606.99
616.75
626.44
636.04
645.54
654.93
664.17
673.26
682.18
690.91
699.43
707.73
715.79
723.60
731.14
738.40
745.36
752.02
758.35
764.34
769.99
775.28
780.21
784.76
788.92
792.69
796.06
799.02
801.57
803.70
805.41
806.70
807.56
807.99
616.08
626.04
635.92
645.73
655.42
664.99
674.42
683.69
692.78
701.68
710.37
718.83
727.04
735.00
742.68
750.07
757.16
763.94
770.38
776.49
782.24
787.63
792.64
797.27
801.51
805.35
808.78
811.79
814.39
816.56
818.30
819.61
820.48
820.92
625.45
635.62
645.72
655.72
665.61
675.38
685.00
694.45
703.72
712.79
721.64
730.27
738.64
746.74
754.57
762.10
769.33
776.23
782.79
789.01
794.87
800.36
805.46
810.18
814.49
818.40
821.90
824.97
827.61
829.82
831.59
832.92
833.81
834.26
635.09
645.48
655.79
666.00
676.09
686.05
695.86
705.51
714.96
724.21
733.23
742.02
750.55
758.82
766.79
774.47
781.82
788.86
795.54
801.88
807.85
813.44
818.64
823.44
827.84
831.82
835.37
838.50
841.19
843.45
845.25
846.61
847.51
847.97
644.98
655.58
666.10
676.52
686.83
696.99
707.00
716.83
726.47
735.90
745.10
754.06
762.76
771.18
779.30
787.13
794.63
801.79
808.60
815.06
821.14
826.83
832.13
837.02
841.50
845.56
849.18
852.37
855.11
857.40
859.24
860.63
861.55
862.01
655.08
665.90
676.64
687.28
697.79
708.16
718.37
728.39
738.22
747.84
757.22
766.35
775.22
783.80
792.08
800.05
807.69
814.99
821.94
828.51
834.71
840.51
845.91
850.90
855.46
859.59
863.29
866.53
869.33
871.66
873.54
874.94
875.88
876.35
665.36
676.41
687.38
698.23
708.95
719.53
729.94
740.17
750.19
759.99
769.56
778.87
787.90
796.65
805.09
813.21
821.00
828.44
835.52
842.22
848.53
854.44
859.95
865.03
869.68
873.89
877.65
880.96
883.81
886.19
888.10
889.53
890.49
890.97
675.82
687.10
698.28
709.35
720.29
731.08
741.70
752.13
762.35
772.34
782.09
791.58
800.79
809.70
818.30
826.58
834.52
842.10
849.31
856.14
862.57
868.60
874.21
879.38
884.12
888.41
892.25
895.62
898.52
900.95
902.89
904.36
905.33
905.82
686.41
697.92
709.33
720.63
731.78
742.78
753.61
764.24
774.66
784.84
794.78
804.45
813.84
822.92
831.69
840.13
848.21
855.94
863.29
870.25
876.80
882.94
888.66
893.93
898.76
903.14
907.05
910.48
913.44
915.91
917.90
919.39
920.38
920.88
697.12
708.86
720.50
732.02
743.40
754.61
765.65
776.48
787.10
797.48
807.61
817.46
827.03
836.29
845.22
853.82
862.06
869.93
877.42
884.51
891.19
897.45
903.28
908.65
913.58
918.03
922.02
925.52
928.53
931.05
933.08
934.60
935.61
936.12
707.93
719.90
731.77
743.51
755.11
766.54
777.79
788.83
799.65
810.23
820.55
830.59
840.34
849.77
858.87
867.63
876.03
884.05
891.68
898.91
905.72
912.09
918.03
923.51
928.53
933.07
937.13
940.70
943.77
946.34
948.41
949.96
950.99
951.51
718.81
731.01
743.11
755.08
766.90
778.55
790.01
801.26
812.28
823.06
833.57
843.80
853.73
863.34
872.62
881.54
890.10
898.27
906.04
913.41
920.35
926.84
932.89
938.48
943.59
948.22
952.36
956.00
959.14
961.76
963.86
965.44
966.49
967.02
729.73
742.17
754.50
766.70
778.74
790.60
802.28
813.74
824.97
835.95
846.65
857.07
867.19
876.98
886.42
895.51
904.23
912.56
920.48
927.98
935.05
941.68
947.84
953.54
958.75
963.47
967.69
971.40
974.59
977.26
979.41
981.02
982.09
982.63
740.69
753.36
765.92
778.34
790.60
802.69
814.58
826.25
837.69
848.87
859.77
870.38
880.68
890.65
900.28
909.54
918.41
926.90
934.97
942.61
949.82
956.57
962.85
968.65
973.97
978.78
983.08
986.86
990.12
992.84
995.03
996.67
997.77
998.31
751.65
764.56
777.34
789.99
802.48
814.78
826.89
838.77
850.41
861.80
872.90
883.70
894.19
904.34
914.14
923.58
932.62
941.26
949.48
957.27
964.61
971.49
977.89
983.81
989.22
994.13
998.52
1002.37
1005.69
1008.47
1010.70
1012.37
1013.49
1014.05
762.60
775.74
788.75
801.63
814.34
826.86
839.18
851.28
863.13
874.72
886.02
897.02
907.69
918.03
928.01
937.61
946.82
955.63
964.00
971.94
979.42
986.42
992.95
998.98
1004.50
1009.50
1013.97
1017.91
1021.29
1024.12
1026.40
1028.10
1029.24
1029.81
773.51
786.88
800.13
813.23
826.16
838.91
851.44
863.75
875.81
887.60
899.10
910.30
921.16
931.69
941.85
951.63
961.01
969.97
978.50
986.58
994.20
1001.35
1008.00
1014.14
1019.77
1024.87
1029.43
1033.44
1036.89
1039.78
1042.10
1043.84
1045.01
1045.59
784.37
797.98
811.45
824.78
837.93
850.89
863.65
876.17
888.43
900.43
912.13
923.52
934.58
945.29
955.64
965.59
975.14
984.27
992.96
1001.20
1008.96
1016.24
1023.01
1029.28
1035.02
1040.22
1044.86
1048.96
1052.48
1055.42
1057.79
1059.57
1060.75
1061.35
795.16
808.99
822.70
836.25
849.62
862.81
875.77
888.51
900.98
913.18
925.09
936.68
947.93
958.83
969.36
979.49
989.21
998.51
1007.36
1015.75
1023.66
1031.07
1037.98
1044.37
1050.22
1055.52
1060.26
1064.43
1068.03
1071.03
1073.44
1075.26
1076.47
1077.07
805.86
819.92
833.85
847.62
861.22
874.62
887.80
900.75
913.44
925.84
937.95
949.74
961.19
972.28
982.99
993.30
1003.20
1012.66
1021.68
1030.22
1038.28
1045.84
1052.88
1059.39
1065.35
1070.76
1075.60
1079.85
1083.52
1086.59
1089.05
1090.90
1092.13
1092.75
816.45
830.74
844.89
858.89
872.70
886.32
899.72
912.88
925.77
938.39
950.70
962.68
974.33
985.61
996.51
1007.00
1017.08
1026.72
1035.90
1044.60
1052.81
1060.51
1067.69
1074.32
1080.41
1085.92
1090.85
1095.20
1098.94
1102.07
1104.58
1106.47
1107.73
1108.36
826.92
841.43
855.80
870.02
884.05
897.89
911.50
924.87
937.97
950.79
963.31
975.50
987.34
998.81
1009.90
1020.58
1030.84
1040.65
1049.99
1058.86
1067.22
1075.07
1082.39
1089.15
1095.36
1100.98
1106.02
1110.45
1114.27
1117.46
1120.03
1121.96
1123.24
1123.89
837.24
851.98
866.57
881.00
895.25
909.30
923.13
936.71
950.02
963.05
975.77
988.16
1000.20
1011.87
1023.14
1034.01
1044.45
1054.44
1063.95
1072.98
1081.51
1089.51
1096.96
1103.86
1110.19
1115.93
1121.07
1125.59
1129.49
1132.75
1135.37
1137.34
1138.66
1139.31
847.41
862.36
877.17
891.82
906.29
920.55
934.59
948.38
961.90
975.14
988.06
1000.65
1012.89
1024.75
1036.22
1047.28
1057.90
1068.07
1077.76
1086.96
1095.64
1103.79
1111.40
1118.43
1124.89
1130.74
1135.99
1140.60
1144.59
1147.92
1150.59
1152.61
1153.95
1154.62
857.40
872.57
887.59
902.46
917.14
931.61
945.86
959.86
973.59
987.03
1000.16
1012.95
1025.39
1037.45
1049.12
1060.37
1071.17
1081.52
1091.39
1100.76
1109.61
1117.92
1125.67
1132.85
1139.43
1145.41
1150.76
1155.48
1159.54
1162.95
1165.68
1167.74
1169.12
1169.80
867.20
882.58
897.82
912.89
927.79
942.47
956.93
971.14
985.08
998.72
1012.05
1025.05
1037.69
1049.95
1061.81
1073.25
1084.25
1094.78
1104.83
1114.37
1123.39
1131.86
1139.77
1147.09
1153.81
1159.91
1165.38
1170.20
1174.35
1177.83
1180.63
1182.73
1184.13
1184.84
876.79
892.38
907.83
923.12
938.22
953.11
967.78
982.19
996.34
1010.19
1023.73
1036.92
1049.77
1062.23
1074.28
1085.92
1097.11
1107.83
1118.06
1127.78
1136.97
1145.61
1153.67
1161.14
1168.00
1174.23
1179.82
1184.74
1188.99
1192.55
1195.40
1197.56
1198.99
1199.71
886.17
901.96
917.62
933.11
948.42
963.52
978.39
993.01
1007.36
1021.42
1035.16
1048.56
1061.60
1074.26
1086.52
1098.35
1109.73
1120.65
1131.06
1140.97
1150.33
1159.14
1167.36
1174.99
1181.99
1188.36
1194.06
1199.10
1203.44
1207.08
1210.00
1212.21
1213.68
1214.41
895.31
911.31
927.16
942.86
958.37
973.67
988.75
1003.57
1018.12
1032.38
1046.33
1059.93
1073.18
1086.04
1098.50
1110.53
1122.11
1133.22
1143.82
1153.91
1163.46
1172.44
1180.83
1188.61
1195.77
1202.27
1208.10
1213.25
1217.69
1221.42
1224.41
1226.67
1228.17
1228.92
904.20
920.39
936.45
952.34
968.05
983.56
998.83
1013.86
1028.62
1043.08
1057.23
1071.04
1084.49
1097.55
1110.21
1122.44
1134.22
1145.52
1156.32
1166.60
1176.33
1185.49
1194.05
1202.00
1209.31
1215.96
1221.92
1227.19
1231.73
1235.55
1238.61
1240.92
1242.47
1243.24
912.82
929.21
945.47
961.56
977.46
993.16
1008.64
1023.86
1038.82
1053.48
1067.83
1081.85
1095.50
1108.77
1121.63
1134.06
1146.04
1157.54
1168.54
1179.01
1188.93
1198.27
1207.01
1215.13
1222.60
1229.40
1235.50
1240.89
1245.54
1249.45
1252.59
1254.96
1256.54
1257.33
921.17
937.75
954.20
970.48
986.58
1002.47
1018.14
1033.57
1048.72
1063.58
1078.13
1092.35
1106.20
1119.67
1132.74
1145.38
1157.56
1169.26
1180.46
1191.13
1201.24
1210.77
1219.70
1227.99
1235.62
1242.57
1248.82
1254.34
1259.11
1263.11
1266.34
1268.76
1270.39
1271.20
929.23
946.00
962.63
979.09
995.38
1011.47
1027.33
1042.95
1058.30
1073.36
1088.11
1102.52
1116.58
1130.25
1143.53
1156.37
1168.75
1180.66
1192.06
1202.93
1213.24
1222.97
1232.08
1240.55
1248.36
1255.47
1261.86
1267.52
1272.41
1276.52
1279.82
1282.32
1283.98
1284.82
936.99
953.94
970.74
987.39
1003.87
1020.14
1036.19
1052.00
1067.54
1082.79
1097.74
1112.35
1126.61
1140.49
1153.97
1167.01
1179.61
1191.72
1203.33
1214.40
1224.92
1234.84
1244.14
1252.80
1260.79
1268.07
1274.62
1280.41
1285.43
1289.65
1293.04
1295.60
1297.31
1298.17
944.43
961.55
978.54
995.36
1012.02
1028.47
1044.70
1060.70
1076.43
1091.88
1107.02
1121.83
1136.28
1150.36
1164.04
1177.30
1190.10
1202.42
1214.24
1225.52
1236.24
1246.37
1255.87
1264.72
1272.89
1280.34
1287.06
1293.00
1298.15
1302.48
1305.97
1308.60
1310.36
1311.24
951.55
968.84
985.99
1002.99
1019.82
1036.44
1052.86
1069.03
1084.95
1100.58
1115.92
1130.92
1145.58
1159.86
1173.74
1187.20
1200.21
1212.74
1224.77
1236.26
1247.19
1257.53
1267.23
1276.28
1284.64
1292.28
1299.16
1305.26
1310.55
1315.00
1318.59
1321.29
1323.11
1324.01
958.33
975.78
993.09
1010.26
1027.25
1044.05
1060.64
1076.99
1093.09
1108.91
1124.42
1139.62
1154.47
1168.95
1183.03
1196.70
1209.92
1222.66
1234.90
1246.61
1257.75
1268.30
1278.21
1287.47
1296.02
1303.85
1310.91
1317.17
1322.60
1327.18
1330.87
1333.66
1335.52
1336.46
964.76
982.36
999.83
1017.16
1034.31
1051.28
1068.03
1084.56
1100.83
1116.82
1132.53
1147.91
1162.95
1177.62
1191.91
1205.78
1219.20
1232.16
1244.61
1256.53
1267.89
1278.65
1288.78
1298.25
1307.01
1315.03
1322.27
1328.70
1334.28
1338.99
1342.79
1345.66
1347.59
1348.55
970.83
988.58
1006.20
1023.68
1040.99
1058.11
1075.02
1091.71
1108.15
1124.32
1140.20
1155.77
1170.99
1185.86
1200.34
1214.41
1228.04
1241.21
1253.87
1266.01
1277.59
1288.57
1298.92
1308.59
1317.56
1325.78
1333.21
1339.82
1345.56
1350.41
1354.32
1357.28
1359.27
1360.26
976.53
994.42
1012.18
1029.80
1047.26
1064.53
1081.60
1098.45
1115.05
1131.39
1147.44
1163.18
1178.59
1193.64
1208.32
1222.58
1236.42
1249.79
1262.67
1275.02
1286.82
1298.01
1308.58
1318.48
1327.66
1336.08
1343.71
1350.50
1356.41
1361.40
1365.44
1368.49
1370.54
1371.56
981.85
999.87
1017.76
1035.52
1053.12
1070.53
1087.75
1104.75
1121.51
1138.00
1154.22
1170.13
1185.71
1200.95
1215.81
1230.27
1244.30
1257.87
1270.96
1283.53
1295.54
1306.96
1317.75
1327.86
1337.26
1345.90
1353.73
1360.70
1366.78
1371.92
1376.09
1379.24
1381.35
1382.41
986.78
1004.92
1022.94
1040.83
1058.55
1076.11
1093.46
1110.60
1127.51
1144.15
1160.52
1176.60
1192.35
1207.76
1222.80
1237.44
1251.67
1265.44
1278.73
1291.51
1303.74
1315.38
1326.39
1336.72
1346.34
1355.19
1363.22
1370.39
1376.65
1381.94
1386.23
1389.49
1391.67
1392.76
991.31
1009.57
1027.70
1045.71
1063.56
1081.23
1098.72
1115.99
1133.03
1149.82
1166.34
1182.57
1198.48
1214.05
1229.26
1244.09
1258.50
1272.47
1285.96
1298.94
1311.38
1323.23
1334.46
1345.01
1354.84
1363.91
1372.15
1379.51
1385.95
1391.40
1395.83
1399.19
1401.44
1402.57
995.44
1013.80
1032.04
1050.16
1068.12
1085.91
1103.51
1120.91
1138.08
1155.00
1171.66
1188.03
1204.09
1219.82
1235.19
1250.18
1264.77
1278.92
1292.60
1305.78
1318.42
1330.48
1341.92
1352.69
1362.74
1372.02
1380.46
1388.02
1394.64
1400.25
1404.82
1408.28
1410.61
1411.78
999.15
1017.61
1035.95
1054.16
1072.22
1090.12
1107.83
1125.34
1142.63
1159.68
1176.46
1192.96
1209.16
1225.03
1240.55
1255.71
1270.46
1284.78
1298.64
1312.01
1324.84
1337.10
1348.75
1359.72
1369.98
1379.47
1388.12
1395.87
1402.66
1408.44
1413.14
1416.71
1419.12
1420.32
1002.45
1020.98
1039.41
1057.71
1075.87
1093.86
1111.67
1129.28
1146.67
1163.83
1180.73
1197.35
1213.67
1229.68
1245.34
1260.63
1275.54
1290.02
1304.04
1317.58
1330.60
1343.05
1354.89
1366.06
1376.52
1386.21
1395.05
1402.99
1409.96
1415.89
1420.73
1424.41
1426.88
1428.13
1005.31
1023.92
1042.43
1060.81
1079.04
1097.12
1115.02
1132.72
1150.20
1167.45
1184.45
1201.18
1217.62
1233.74
1249.52
1264.95
1279.99
1294.61
1308.79
1322.49
1335.67
1348.29
1360.31
1371.67
1382.31
1392.18
1401.21
1409.33
1416.47
1422.55
1427.52
1431.30
1433.84
1435.13
1007.75
1026.42
1044.99
1063.44
1081.74
1099.89
1117.86
1135.64
1153.20
1170.54
1187.63
1204.45
1220.98
1237.20
1253.10
1268.63
1283.79
1298.54
1312.86
1326.69
1340.02
1352.80
1364.97
1376.50
1387.31
1397.35
1406.55
1414.83
1422.12
1428.34
1433.43
1437.30
1439.92
1441.23
1009.74
1028.47
1047.09
1065.59
1083.96
1102.16
1120.20
1138.04
1155.67
1173.08
1190.24
1207.13
1223.75
1240.05
1256.04
1271.67
1286.93
1301.79
1316.21
1330.17
1343.63
1356.53
1368.84
1380.51
1391.47
1401.66
1411.00
1419.42
1426.85
1433.20
1438.39
1442.35
1445.02
1446.37
1011.30
1030.07
1048.73
1067.28
1085.69
1103.94
1122.02
1139.91
1157.60
1175.06
1192.27
1209.23
1225.91
1242.29
1258.34
1274.05
1289.39
1304.33
1318.85
1332.90
1346.45
1359.47
1371.89
1383.67
1394.75
1405.06
1414.52
1423.06
1430.60
1437.05
1442.33
1446.36
1449.09
1450.46
1012.42
1031.21
1049.91
1068.48
1086.92
1105.21
1123.32
1141.25
1158.97
1176.47
1193.73
1210.74
1227.46
1243.88
1259.99
1275.76
1291.15
1306.16
1320.74
1334.86
1348.49
1361.58
1374.09
1385.95
1397.12
1407.51
1417.07
1425.70
1433.32
1439.85
1445.20
1449.28
1452.05
1453.44
1013.09
1031.90
1050.61
1069.21
1087.67
1105.97
1124.11
1142.06
1159.80
1177.33
1194.61
1211.64
1228.39
1244.85
1260.98
1276.78
1292.22
1307.26
1321.88
1336.04
1349.72
1362.86
1375.41
1387.33
1398.55
1409.00
1418.61
1427.29
1434.97
1441.54
1446.93
1451.06
1453.84
1455.25
1013.31
1032.13
1050.85
1069.45
1087.91
1106.23
1124.37
1142.33
1160.08
1177.61
1194.90
1211.94
1228.70
1245.17
1261.32
1277.12
1292.57
1307.62
1322.26
1336.44
1350.13
1363.28
1375.85
1387.79
1399.03
1409.50
1419.12
1427.83
1435.52
1442.11
1447.52
1451.65
1454.44
1455.85
1013.09
1031.90
1050.61
1069.21
1087.66
1105.97
1124.11
1142.06
1159.80
1177.33
1194.61
1211.64
1228.39
1244.84
1260.98
1276.78
1292.21
1307.26
1321.88
1336.04
1349.72
1362.85
1375.41
1387.33
1398.54
1409.00
1418.61
1427.29
1434.97
1441.54
1446.93
1451.05
1453.84
1455.24
1012.41
1031.21
1049.90
1068.48
1086.92
1105.21
1123.32
1141.25
1158.97
1176.47
1193.73
1210.73
1227.45
1243.88
1259.99
1275.75
1291.15
1306.15
1320.73
1334.86
1348.48
1361.58
1374.08
1385.95
1397.11
1407.51
1417.06
1425.69
1433.31
1439.84
1445.19
1449.27
1452.04
1453.43
1011.30
1030.06
1048.73
1067.27
1085.68
1103.93
1122.01
1139.90
1157.59
1175.05
1192.27
1209.22
1225.90
1242.28
1258.33
1274.04
1289.38
1304.32
1318.84
1332.89
1346.45
1359.46
1371.88
1383.66
1394.74
1405.04
1414.51
1423.05
1430.59
1437.04
1442.32
1446.35
1449.08
1450.45
1009.74
1028.46
1047.09
1065.59
1083.95
1102.16
1120.19
1138.03
1155.66
1173.07
1190.23
1207.12
1223.74
1240.05
1256.03
1271.66
1286.92
1301.78
1316.20
1330.16
1343.61
1356.52
1368.83
1380.50
1391.45
1401.64
1410.98
1419.41
1426.83
1433.18
1438.37
1442.33
1445.01
1446.35
1007.74
1026.41
1044.98
1063.43
1081.73
1099.88
1117.85
1135.63
1153.19
1170.53
1187.62
1204.44
1220.97
1237.19
1253.08
1268.62
1283.78
1298.53
1312.84
1326.68
1340.01
1352.78
1364.96
1376.48
1387.29
1397.33
1406.53
1414.81
1422.10
1428.32
1433.41
1437.28
1439.90
1441.21
1005.30
1023.91
1042.42
1060.80
1079.03
1097.11
1115.01
1132.70
1150.19
1167.44
1184.44
1201.17
1217.60
1233.72
1249.51
1264.93
1279.97
1294.60
1308.78
1322.47
1335.65
1348.28
1360.29
1371.65
1382.29
1392.16
1401.19
1409.31
1416.45
1422.53
1427.49
1431.27
1433.82
1435.10
1002.43
1020.97
1039.40
1057.70
1075.86
1093.85
1111.66
1129.27
1146.66
1163.82
1180.71
1197.33
1213.66
1229.66
1245.32
1260.62
1275.52
1290.00
1304.03
1317.57
1330.58
1343.03
1354.87
1366.04
1376.50
1386.18
1395.03
1402.97
1409.94
1415.87
1420.70
1424.38
1426.86
1428.10
999.14
1017.59
1035.93
1054.15
1072.21
1090.11
1107.82
1125.33
1142.61
1159.66
1176.44
1192.94
1209.14
1225.01
1240.54
1255.69
1270.44
1284.76
1298.62
1311.98
1324.82
1337.08
1348.72
1359.70
1369.96
1379.44
1388.09
1395.84
1402.64
1408.41
1413.11
1416.68
1419.08
1420.29
995.43
1013.78
1032.03
1050.14
1068.10
1085.89
1103.50
1120.89
1138.06
1154.98
1171.64
1188.01
1204.07
1219.80
1235.17
1250.16
1264.75
1278.90
1292.58
1305.76
1318.40
1330.46
1341.90
1352.66
1362.71
1371.99
1380.43
1387.99
1394.61
1400.22
1404.78
1408.25
1410.58
1411.75
991.30
1009.55
1027.69
1045.69
1063.54
1081.22
1098.70
1115.97
1133.01
1149.80
1166.32
1182.55
1198.46
1214.03
1229.24
1244.07
1258.47
1272.44
1285.93
1298.91
1311.35
1323.20
1334.43
1344.98
1354.81
1363.88
1372.12
1379.48
1385.91
1391.37
1395.79
1399.15
1401.41
1402.54
986.76
1004.90
1022.92
1040.81
1058.54
1076.09
1093.44
1110.58
1127.48
1144.13
1160.50
1176.57
1192.33
1207.73
1222.77
1237.42
1251.64
1265.41
1278.71
1291.48
1303.71
1315.35
1326.35
1336.69
1346.30
1355.15
1363.19
1370.35
1376.61
1381.90
1386.20
1389.45
1391.63
1392.73
981.83
999.85
1017.75
1035.50
1053.10
1070.51
1087.73
1104.73
1121.48
1137.98
1154.19
1170.10
1185.69
1200.92
1215.78
1230.24
1244.27
1257.85
1270.93
1283.50
1295.51
1306.93
1317.72
1327.83
1337.23
1345.86
1353.69
1360.67
1366.74
1371.88
1376.05
1379.20
1381.31
1382.37
976.51
994.40
1012.16
1029.78
1047.24
1064.51
1081.58
1098.42
1115.03
1131.36
1147.41
1163.15
1178.56
1193.61
1208.29
1222.55
1236.39
1249.76
1262.63
1274.99
1286.78
1297.98
1308.55
1318.44
1327.62
1336.05
1343.67
1350.46
1356.37
1361.36
1365.39
1368.45
1370.49
1371.52
970.81
988.56
1006.18
1023.65
1040.96
1058.08
1075.00
1091.69
1108.13
1124.30
1140.17
1155.74
1170.97
1185.83
1200.31
1214.38
1228.01
1241.17
1253.84
1265.98
1277.55
1288.53
1298.88
1308.55
1317.52
1325.74
1333.17
1339.78
1345.52
1350.37
1354.28
1357.24
1359.22
1360.22
964.74
982.34
999.81
1017.13
1034.29
1051.25
1068.01
1084.53
1100.80
1116.80
1132.50
1147.88
1162.92
1177.59
1191.88
1205.74
1219.17
1232.12
1244.58
1256.50
1267.85
1278.61
1288.74
1298.21
1306.96
1314.98
1322.23
1328.66
1334.24
1338.95
1342.75
1345.62
1347.54
1348.50
958.31
975.75
993.07
1010.23
1027.23
1044.03
1060.61
1076.96
1093.06
1108.88
1124.39
1139.59
1154.44
1168.92
1183.00
1196.67
1209.88
1222.62
1234.86
1246.57
1257.71
1268.26
1278.17
1287.43
1295.98
1303.80
1310.86
1317.12
1322.56
1327.13
1330.82
1333.61
1335.47
1336.41
951.53
968.81
985.96
1002.96
1019.79
1036.42
1052.83
1069.00
1084.92
1100.55
1115.88
1130.89
1145.54
1159.82
1173.70
1187.16
1200.17
1212.70
1224.73
1236.22
1247.15
1257.48
1267.19
1276.24
1284.60
1292.23
1299.12
1305.22
1310.50
1314.95
1318.54
1321.25
1323.06
1323.96
944.41
961.53
978.51
995.34
1011.99
1028.44
1044.67
1060.67
1076.40
1091.84
1106.98
1121.79
1136.25
1150.33
1164.01
1177.26
1190.06
1202.38
1214.20
1225.48
1236.20
1246.32
1255.82
1264.68
1272.84
1280.30
1287.01
1292.95
1298.10
1302.43
1305.92
1308.55
1310.31
1311.19
936.96
953.91
970.72
987.37
1003.84
1020.11
1036.16
1051.96
1067.51
1082.76
1097.70
1112.32
1126.57
1140.45
1153.93
1166.97
1179.57
1191.68
1203.29
1214.36
1224.87
1234.79
1244.10
1252.76
1260.74
1268.02
1274.57
1280.36
1285.38
1289.60
1292.99
1295.55
1297.26
1298.12
929.20
945.97
962.60
979.06
995.35
1011.44
1027.30
1042.91
1058.26
1073.32
1088.07
1102.48
1116.54
1130.21
1143.48
1156.33
1168.71
1180.62
1192.02
1202.89
1213.20
1222.92
1232.03
1240.50
1248.31
1255.42
1261.81
1267.47
1272.36
1276.47
1279.77
1282.26
1283.93
1284.76
921.14
937.72
954.16
970.44
986.54
1002.44
1018.11
1033.53
1048.68
1063.55
1078.09
1092.31
1106.16
1119.63
1132.70
1145.33
1157.52
1169.22
1180.41
1191.08
1201.19
1210.72
1219.65
1227.94
1235.57
1242.52
1248.77
1254.29
1259.06
1263.06
1266.28
1268.71
1270.33
1271.14
912.79
929.18
945.43
961.52
977.43
993.13
1008.60
1023.83
1038.78
1053.45
1067.79
1081.81
1095.46
1108.72
1121.59
1134.02
1146.00
1157.50
1168.49
1178.96
1188.88
1198.22
1206.96
1215.08
1222.55
1229.34
1235.45
1240.83
1245.49
1249.40
1252.54
1254.91
1256.49
1257.28
904.16
920.36
936.42
952.31
968.02
983.52
998.80
1013.82
1028.58
1043.04
1057.19
1070.99
1084.44
1097.51
1110.17
1122.40
1134.17
1145.47
1156.27
1166.55
1176.28
1185.44
1194.00
1201.95
1209.26
1215.90
1221.87
1227.13
1231.68
1235.49
1238.56
1240.87
1242.41
1243.18
895.27
911.27
927.13
942.82
958.33
973.63
988.71
1003.53
1018.08
1032.34
1046.29
1059.89
1073.14
1086.00
1098.46
1110.48
1122.06
1133.17
1143.77
1153.86
1163.41
1172.39
1180.78
1188.56
1195.71
1202.22
1208.05
1213.20
1217.64
1221.36
1224.36
1226.61
1228.12
1228.87
886.13
901.93
917.58
933.07
948.38
963.48
978.35
992.97
1007.32
1021.37
1035.11
1048.51
1061.56
1074.22
1086.47
1098.30
1109.69
1120.60
1131.01
1140.92
1150.28
1159.09
1167.31
1174.94
1181.94
1188.30
1194.01
1199.04
1203.38
1207.02
1209.95
1212.15
1213.62
1214.35
876.76
892.35
907.80
923.08
938.18
953.07
967.74
982.15
996.30
1010.15
1023.68
1036.88
1049.72
1062.18
1074.24
1085.87
1097.06
1107.78
1118.01
1127.73
1136.92
1145.55
1153.62
1161.09
1167.95
1174.18
1179.76
1184.68
1188.93
1192.49
1195.35
1197.50
1198.93
1199.65
867.16
882.54
897.78
912.86
927.75
942.43
956.89
971.10
985.03
998.68
1012.01
1025.00
1037.64
1049.90
1061.76
1073.20
1084.20
1094.73
1104.78
1114.32
1123.34
1131.81
1139.71
1147.03
1153.75
1159.85
1165.32
1170.14
1174.29
1177.77
1180.57
1182.67
1184.07
1184.78
857.36
872.53
887.55
902.42
917.10
931.57
945.82
959.82
973.55
986.99
1000.11
1012.90
1025.34
1037.40
1049.07
1060.31
1071.12
1081.47
1091.34
1100.70
1109.55
1117.86
1125.61
1132.79
1139.38
1145.35
1150.70
1155.42
1159.48
1162.89
1165.62
1167.68
1169.05
1169.74
847.37
862.32
877.13
891.78
906.25
920.51
934.55
948.33
961.86
975.09
988.01
1000.60
1012.84
1024.70
1036.17
1047.23
1057.85
1068.01
1077.70
1086.90
1095.58
1103.74
1111.34
1118.38
1124.83
1130.68
1135.93
1140.54
1144.52
1147.86
1150.53
1152.55
1153.89
1154.56
837.21
851.94
866.53
880.96
895.21
909.26
923.08
936.66
949.98
963.00
975.72
988.11
1000.15
1011.81
1023.09
1033.96
1044.40
1054.38
1063.90
1072.93
1081.45
1089.45
1096.91
1103.80
1110.13
1115.87
1121.00
1125.53
1129.42
1132.69
1135.31
1137.28
1138.59
1139.25
826.88
841.39
855.76
869.98
884.01
897.84
911.45
924.82
937.93
950.75
963.26
975.45
987.29
998.76
1009.85
1020.53
1030.78
1040.59
1049.94
1058.80
1067.17
1075.01
1082.33
1089.09
1095.30
1100.92
1105.95
1110.38
1114.20
1117.40
1119.96
1121.89
1123.18
1123.82
816.41
830.70
844.85
858.84
872.66
886.28
899.67
912.83
925.72
938.34
950.65
962.63
974.27
985.56
996.45
1006.95
1017.02
1026.66
1035.84
1044.54
1052.75
1060.45
1067.63
1074.26
1080.34
1085.86
1090.79
1095.13
1098.87
1102.00
1104.52
1106.41
1107.67
1108.30
805.82
819.88
833.81
847.58
861.17
874.57
887.76
900.70
913.39
925.79
937.90
949.68
961.13
972.22
982.93
993.24
1003.14
1012.61
1021.62
1030.16
1038.22
1045.78
1052.82
1059.33
1065.29
1070.70
1075.53
1079.79
1083.45
1086.52
1088.98
1090.83
1092.07
1092.69
795.12
808.95
822.65
836.20
849.58
862.76
875.73
888.46
900.93
913.13
925.04
936.62
947.88
958.78
969.30
979.43
989.16
998.45
1007.30
1015.69
1023.60
1031.01
1037.92
1044.30
1050.15
1055.45
1060.20
1064.37
1067.96
1070.97
1073.38
1075.19
1076.40
1077.01
784.33
797.93
811.41
824.73
837.88
850.85
863.60
876.12
888.38
900.38
912.08
923.47
934.53
945.24
955.58
965.53
975.08
984.21
992.90
1001.13
1008.90
1016.17
1022.95
1029.21
1034.95
1040.15
1044.80
1048.89
1052.41
1055.36
1057.72
1059.50
1060.69
1061.28
773.47
786.84
800.08
813.18
826.12
838.86
851.39
863.70
875.76
887.55
899.05
910.24
921.11
931.63
941.79
951.57
960.95
969.91
978.44
986.52
994.14
1001.28
1007.93
1014.08
1019.70
1024.80
1029.36
1033.37
1036.83
1039.71
1042.03
1043.77
1044.94
1045.52
762.55
775.69
788.71
801.58
814.29
826.81
839.13
851.23
863.08
874.66
885.96
896.96
907.64
917.97
927.95
937.55
946.76
955.56
963.94
971.87
979.35
986.36
992.88
998.91
1004.43
1009.43
1013.91
1017.84
1021.22
1024.06
1026.33
1028.04
1029.18
1029.75
751.61
764.51
777.30
789.94
802.43
814.73
826.84
838.72
850.36
861.74
872.84
883.65
894.13
904.29
914.09
923.52
932.56
941.20
949.42
957.21
964.55
971.43
977.83
983.74
989.16
994.06
998.45
1002.30
1005.62
1008.40
1010.63
1012.30
1013.42
1013.98
740.64
753.32
765.87
778.29
790.55
802.64
814.53
826.20
837.63
848.81
859.71
870.33
880.62
890.59
900.22
909.47
918.35
926.83
934.91
942.55
949.75
956.50
962.78
968.59
973.90
978.71
983.01
986.79
990.05
992.77
994.96
996.60
997.70
998.24
729.69
742.13
754.45
766.65
778.69
790.55
802.23
813.69
824.91
835.89
846.60
857.02
867.13
876.92
886.36
895.45
904.17
912.50
920.42
927.92
934.99
941.61
947.77
953.47
958.68
963.40
967.62
971.33
974.52
977.19
979.34
980.95
982.02
982.56
718.76
730.97
743.06
755.03
766.85
778.49
789.95
801.20
812.23
823.00
833.51
843.74
853.67
863.28
872.55
881.48
890.03
898.20
905.98
913.34
920.28
926.78
932.83
938.41
943.52
948.15
952.29
955.93
959.07
961.69
963.79
965.37
966.42
966.95
707.88
719.86
731.72
743.46
755.06
766.49
777.73
788.78
799.60
810.17
820.49
830.53
840.28
849.71
858.81
867.57
875.97
883.99
891.62
898.84
905.65
912.03
917.96
923.44
928.46
933.00
937.06
940.63
943.70
946.27
948.33
949.88
950.92
951.43
697.08
708.82
720.45
731.97
743.35
754.56
765.59
776.43
787.05
797.43
807.55
817.41
826.97
836.23
845.16
853.76
862.00
869.87
877.36
884.45
891.13
897.38
903.21
908.58
913.51
917.96
921.95
925.45
928.46
930.98
933.00
934.52
935.54
936.04
686.36
697.87
709.28
720.58
731.73
742.73
753.56
764.18
774.60
784.79
794.72
804.39
813.78
822.86
831.63
840.06
848.15
855.87
863.22
870.18
876.74
882.88
888.59
893.86
898.69
903.07
906.97
910.41
913.37
915.84
917.82
919.31
920.31
920.81
675.77
687.05
698.23
709.30
720.24
731.03
741.64
752.07
762.29
772.28
782.03
791.52
800.72
809.64
818.24
826.52
834.45
842.03
849.24
856.07
862.50
868.53
874.14
879.31
884.05
888.34
892.18
895.55
898.45
900.87
902.82
904.28
905.26
905.75
665.32
676.37
687.33
698.18
708.90
719.48
729.89
740.11
750.13
759.94
769.50
778.81
787.84
796.59
805.03
813.15
820.94
828.38
835.45
842.15
848.46
854.38
859.88
864.96
869.61
873.82
877.58
880.89
883.73
886.11
888.02
889.46
890.42
890.89
655.03
665.85
676.59
687.23
697.74
708.10
718.31
728.34
738.17
747.78
757.16
766.29
775.15
783.74
792.02
799.99
807.63
814.93
821.87
828.45
834.64
840.44
845.84
850.83
855.39
859.52
863.21
866.46
869.25
871.59
873.46
874.87
875.81
876.28
644.93
655.53
666.05
676.47
686.77
696.94
706.94
716.77
726.41
735.84
745.04
754.00
762.69
771.11
779.24
787.06
794.56
801.72
808.54
814.99
821.07
826.76
832.06
836.95
841.43
845.49
849.11
852.29
855.04
857.33
859.17
860.55
861.47
861.93
635.05
645.43
655.74
665.95
676.04
686.00
695.81
705.45
714.90
724.15
733.17
741.96
750.49
758.75
766.73
774.40
781.76
788.79
795.48
801.81
807.78
813.36
818.57
823.37
827.76
831.74
835.30
838.43
841.12
843.37
845.18
846.53
847.44
847.89
625.41
635.57
645.67
655.67
665.56
675.33
684.94
694.39
703.66
712.73
721.58
730.20
738.57
746.68
754.51
762.04
769.26
776.16
782.72
788.94
794.80
800.28
805.39
810.11
814.42
818.33
821.82
824.89
827.53
829.74
831.52
832.85
833.74
834.18
616.03
625.99
635.87
645.67
655.37
664.94
674.37
683.63
692.73
701.62
710.31
718.76
726.98
734.93
742.61
750.00
757.09
763.87
770.31
776.42
782.17
787.55
792.57
797.20
801.44
805.27
808.70
811.72
814.31
816.48
818.22
819.53
820.41
820.84
606.95
616.70
626.38
635.99
645.49
654.87
664.12
673.20
682.12
690.85
699.37
707.67
715.73
723.54
731.08
738.34
745.30
751.95
758.28
764.27
769.92
775.21
780.13
784.68
788.85
792.61
795.98
798.95
801.50
803.63
805.34
806.62
807.48
807.91
598.18
607.73
617.23
626.64
635.95
645.15
654.22
663.13
671.88
680.44
688.81
696.95
704.87
712.53
719.94
727.06
733.90
740.43
746.65
752.54
758.09
763.29
768.12
772.59
776.68
780.39
783.70
786.61
789.11
791.21
792.89
794.15
794.99
795.42
589.76
599.12
608.42
617.65
626.78
635.81
644.70
653.45
662.03
670.44
678.65
686.65
694.42
701.95
709.22
716.22
722.94
729.36
735.47
741.25
746.71
751.82
756.57
760.96
764.98
768.63
771.88
774.74
777.20
779.26
780.92
782.16
782.99
783.40
581.71
590.89
600.01
609.06
618.01
626.87
635.60
644.18
652.61
660.87
668.93
676.79
684.42
691.82
698.97
705.85
712.45
718.76
724.76
730.45
735.81
740.84
745.51
749.83
753.79
757.37
760.57
763.38
765.81
767.83
769.46
770.68
771.49
771.90
574.06
583.06
592.00
600.88
609.67
618.36
626.93
635.37
643.65
651.76
659.68
667.40
674.91
682.18
689.20
695.97
702.46
708.67
714.57
720.17
725.45
730.39
734.99
739.24
743.13
746.65
749.80
752.57
754.96
756.95
758.55
759.75
760.55
760.95
566.83
575.66
584.44
593.15
601.79
610.32
618.74
627.03
635.17
643.14
650.93
658.52
665.90
673.06
679.97
686.62
693.01
699.12
704.93
710.44
715.63
720.50
725.03
729.21
733.04
736.51
739.61
742.34
744.69
746.65
748.23
749.41
750.20
750.60
560.04
568.71
577.34
585.90
594.38
602.77
611.05
619.20
627.20
635.04
642.71
650.18
657.45
664.49
671.29
677.85
684.14
690.15
695.88
701.30
706.41
711.21
715.67
719.79
723.57
726.98
730.04
732.73
735.04
736.98
738.53
739.70
740.47
740.86
553.73
562.25
570.72
579.14
587.49
595.74
603.89
611.91
619.78
627.50
635.05
642.41
649.57
656.50
663.21
669.66
675.86
681.79
687.43
692.78
697.82
702.55
706.95
711.01
714.73
718.11
721.12
723.77
726.05
727.96
729.49
730.64
731.41
731.79
547.91
556.29
564.63
572.91
581.13
589.26
597.28
605.18
612.94
620.55
627.99
635.24
642.29
649.13
655.74
662.11
668.23
674.07
679.64
684.92
689.89
694.55
698.90
702.91
706.58
709.91
712.88
715.50
717.75
719.63
721.14
722.28
723.04
723.42
546.99
555.37
563.72
572.02
580.24
588.37
596.40
604.31
612.09
619.71
627.16
634.42
641.49
648.34
654.96
661.34
667.47
673.33
678.91
684.20
689.18
693.86
698.21
702.23
705.91
709.24
712.23
714.85
717.10
718.99
720.51
721.65
722.41
722.79
552.83
561.36
569.84
578.27
586.62
594.89
603.04
611.07
618.96
626.69
634.25
641.63
648.79
655.74
662.46
668.93
675.14
681.08
686.74
692.10
697.15
701.89
706.30
710.37
714.10
717.48
720.50
723.16
725.45
727.36
728.90
730.05
730.82
731.20
559.17
567.85
576.48
585.05
593.54
601.95
610.23
618.40
626.41
634.27
641.95
649.43
656.71
663.77
670.58
677.15
683.46
689.48
695.22
700.66
705.79
710.59
715.06
719.20
722.98
726.41
729.47
732.17
734.49
736.43
737.98
739.15
739.93
740.32
565.98
574.81
583.60
592.33
600.98
609.52
617.96
626.26
634.41
642.40
650.20
657.81
665.21
672.37
679.30
685.97
692.38
698.50
704.32
709.85
715.05
719.93
724.47
728.66
732.51
735.98
739.09
741.83
744.18
746.15
747.73
748.92
749.71
750.11
573.24
582.24
591.20
600.09
608.89
617.60
626.18
634.63
642.92
651.05
658.99
666.73
674.25
681.54
688.58
695.36
701.87
708.09
714.01
719.62
724.91
729.87
734.48
738.74
742.64
746.17
749.33
752.11
754.50
756.50
758.10
759.31
760.11
760.52
580.91
590.10
599.23
608.29
617.27
626.14
634.88
643.48
651.93
660.20
668.28
676.16
683.81
691.22
698.39
705.28
711.90
718.23
724.25
729.95
735.33
740.37
745.06
749.39
753.35
756.94
760.15
762.98
765.41
767.44
769.07
770.29
771.11
771.52
588.99
598.36
607.68
616.92
626.07
635.11
644.02
652.79
661.39
669.81
678.04
686.06
693.85
701.40
708.69
715.71
722.44
728.88
735.00
740.81
746.27
751.40
756.17
760.57
764.61
768.26
771.52
774.39
776.86
778.93
780.58
781.83
782.66
783.08
597.44
607.01
616.51
625.94
635.27
644.49
653.57
662.51
671.28
679.86
688.24
696.41
704.34
712.03
719.45
726.60
733.45
740.00
746.24
752.14
757.71
762.92
767.78
772.26
776.36
780.08
783.40
786.32
788.83
790.93
792.62
793.88
794.73
795.15
606.23
616.00
625.71
635.33
644.85
654.25
663.51
672.62
681.56
690.31
698.85
707.17
715.25
723.08
730.64
737.92
744.90
751.57
757.92
763.93
769.60
774.90
779.84
784.40
788.58
792.36
795.74
798.71
801.27
803.41
805.13
806.41
807.27
807.70
615.35
625.32
635.23
645.05
654.76
664.35
673.80
683.09
692.21
701.13
709.83
718.31
726.55
734.53
742.23
749.64
756.75
763.55
770.01
776.13
781.90
787.31
792.34
796.98
801.23
805.08
808.52
811.55
814.15
816.33
818.08
819.39
820.26
820.70
624.75
634.94
645.06
655.08
664.99
674.78
684.42
693.89
703.19
712.28
721.16
729.80
738.20
746.32
754.17
761.73
768.97
775.89
782.48
788.71
794.59
800.09
805.22
809.95
814.28
818.20
821.70
824.78
827.43
829.65
831.43
832.77
833.66
834.10
634.43
644.83
655.16
665.39
675.51
685.50
695.33
704.99
714.47
723.74
732.79
741.60
750.16
758.45
766.45
774.14
781.52
788.58
795.29
801.64
807.63
813.23
818.45
823.27
827.68
831.68
835.25
838.38
841.08
843.34
845.15
846.52
847.42
847.88
644.34
654.97
665.51
675.96
686.28
696.47
706.50
716.36
726.03
735.48
744.71
753.69
762.42
770.86
779.01
786.86
794.38
801.57
808.40
814.88
820.98
826.69
832.01
836.92
841.41
845.48
849.12
852.32
855.07
857.37
859.21
860.60
861.53
861.99
654.47
665.32
676.09
686.75
697.29
707.68
717.92
727.97
737.83
747.47
756.88
766.04
774.93
783.54
791.85
799.84
807.51
814.83
821.80
828.40
834.61
840.43
845.85
850.85
855.43
859.58
863.29
866.54
869.35
871.69
873.57
874.99
875.93
876.40
664.80
675.87
686.86
697.74
708.49
719.10
729.54
739.79
749.84
759.67
769.27
778.60
787.67
796.44
804.91
813.06
820.87
828.34
835.44
842.16
848.50
854.43
859.95
865.05
869.72
873.94
877.72
881.04
883.90
886.29
888.20
889.64
890.60
891.08
675.28
686.59
697.80
708.90
719.87
730.69
741.34
751.79
762.04
772.07
781.85
791.36
800.60
809.55
818.18
826.48
834.45
842.05
849.29
856.14
862.60
868.65
874.27
879.47
884.23
888.53
892.38
895.77
898.68
901.11
903.07
904.54
905.52
906.00
685.91
697.45
708.89
720.22
731.40
742.43
753.29
763.95
774.40
784.62
794.59
804.29
813.71
822.82
831.62
840.08
848.20
855.95
863.33
870.31
876.89
883.05
888.79
894.09
898.93
903.32
907.25
910.70
913.67
916.15
918.14
919.64
920.63
921.13
696.66
708.43
720.10
731.65
743.06
754.31
765.37
776.24
786.89
797.31
807.47
817.36
826.95
836.24
845.21
853.83
862.11
870.01
877.52
884.64
891.34
897.63
903.47
908.87
913.81
918.29
922.29
925.80
928.83
931.36
933.39
934.91
935.93
936.44
707.50
719.50
731.41
743.18
754.81
766.28
777.56
788.64
799.49
810.10
820.46
830.53
840.31
849.78
858.91
867.70
876.13
884.18
891.84
899.10
905.93
912.33
918.29
923.79
928.83
933.39
937.47
941.05
944.14
946.72
948.79
950.34
951.38
951.90
718.41
730.65
742.78
754.79
766.64
778.33
789.82
801.11
812.17
822.98
833.53
843.80
853.76
863.40
872.71
881.67
890.26
898.46
906.27
913.66
920.62
927.15
933.22
938.83
943.96
948.61
952.77
956.42
959.57
962.20
964.31
965.90
966.95
967.48
729.37
741.85
754.21
766.44
778.52
790.43
802.14
813.64
824.90
835.92
846.66
857.12
867.27
877.09
886.58
895.70
904.45
912.81
920.76
928.30
935.39
942.04
948.23
953.95
959.18
963.92
968.16
971.89
975.09
977.78
979.93
981.55
982.63
983.16
740.36
753.07
765.67
778.13
790.43
802.56
814.48
826.20
837.67
848.89
859.83
870.48
880.82
890.83
900.48
909.78
918.69
927.21
935.31
942.99
950.22
957.00
963.31
969.13
974.47
979.30
983.62
987.42
990.69
993.43
995.62
997.27
998.37
998.92
751.36
764.31
777.13
789.82
802.35
814.69
826.84
838.76
850.44
861.87
873.01
883.85
894.38
904.57
914.41
923.88
932.96
941.63
949.89
957.71
965.08
971.98
978.41
984.35
989.79
994.72
999.12
1003.00
1006.33
1009.12
1011.36
1013.04
1014.17
1014.73
762.34
775.52
788.58
801.50
814.25
826.81
839.18
851.31
863.21
874.83
886.18
897.22
907.94
918.31
928.33
937.97
947.22
956.06
964.47
972.43
979.94
986.98
993.54
999.59
1005.14
1010.16
1014.65
1018.60
1022.00
1024.85
1027.13
1028.85
1029.99
1030.56
773.29
786.70
799.99
813.14
826.11
838.90
851.48
863.83
875.93
887.77
899.31
910.55
921.46
932.02
942.22
952.04
961.46
970.46
979.03
987.14
994.80
1001.97
1008.65
1014.82
1020.47
1025.60
1030.18
1034.20
1037.67
1040.58
1042.90
1044.65
1045.82
1046.41
784.19
797.83
811.35
824.72
837.92
850.93
863.73
876.29
888.60
900.64
912.39
923.83
934.93
945.68
956.07
966.06
975.65
984.82
993.55
1001.82
1009.61
1016.92
1023.73
1030.02
1035.79
1041.01
1045.68
1049.79
1053.33
1056.29
1058.66
1060.45
1061.64
1062.24
795.01
808.89
822.63
836.23
849.65
862.88
875.90
888.67
901.20
913.45
925.40
937.03
948.33
959.27
969.84
980.02
989.78
999.12
1008.00
1016.43
1024.37
1031.82
1038.76
1045.18
1051.05
1056.38
1061.14
1065.34
1068.95
1071.97
1074.39
1076.21
1077.43
1078.04
805.74
819.85
833.82
847.64
861.29
874.74
887.97
900.96
913.70
926.15
938.31
950.14
961.63
972.77
983.53
993.88
1003.82
1013.33
1022.38
1030.96
1039.06
1046.65
1053.73
1060.26
1066.26
1071.69
1076.55
1080.83
1084.51
1087.59
1090.07
1091.93
1093.17
1093.79
816.37
830.70
844.90
858.94
872.81
886.48
899.93
913.13
926.08
938.74
951.10
963.13
974.83
986.15
997.10
1007.64
1017.76
1027.44
1036.66
1045.40
1053.65
1061.39
1068.60
1075.27
1081.38
1086.92
1091.88
1096.24
1100.00
1103.15
1105.67
1107.57
1108.84
1109.47
826.87
841.43
855.85
870.11
884.20
898.08
911.75
925.17
938.32
951.19
963.76
976.00
987.89
999.41
1010.54
1021.27
1031.57
1041.43
1050.82
1059.72
1068.13
1076.01
1083.36
1090.16
1096.40
1102.05
1107.11
1111.56
1115.40
1118.61
1121.19
1123.13
1124.42
1125.07
837.22
852.00
866.65
881.13
895.44
909.54
923.42
937.05
950.42
963.49
976.26
988.71
1000.80
1012.51
1023.84
1034.76
1045.24
1055.27
1064.84
1073.91
1082.47
1090.51
1098.00
1104.94
1111.30
1117.06
1122.23
1126.77
1130.69
1133.97
1136.61
1138.59
1139.91
1140.57
847.42
862.42
877.28
891.99
906.51
920.83
934.92
948.76
962.34
975.62
988.60
1001.24
1013.53
1025.45
1036.97
1048.08
1058.75
1068.96
1078.70
1087.94
1096.67
1104.86
1112.50
1119.58
1126.06
1131.95
1137.22
1141.86
1145.86
1149.22
1151.91
1153.93
1155.28
1155.96
857.44
872.66
887.74
902.66
917.39
931.92
946.23
960.28
974.07
987.56
1000.75
1013.59
1026.09
1038.20
1049.92
1061.22
1072.08
1082.47
1092.39
1101.80
1110.70
1119.05
1126.84
1134.06
1140.68
1146.69
1152.07
1156.81
1160.90
1164.32
1167.07
1169.14
1170.52
1171.21
867.27
882.70
898.00
913.13
928.08
942.82
957.33
971.60
985.59
999.30
1012.69
1025.74
1038.43
1050.75
1062.66
1074.16
1085.20
1095.79
1105.89
1115.48
1124.54
1133.06
1141.00
1148.37
1155.12
1161.26
1166.76
1171.60
1175.78
1179.28
1182.09
1184.21
1185.62
1186.32
876.89
892.54
908.04
923.39
938.54
953.50
968.22
982.69
996.90
1010.81
1024.40
1037.66
1050.56
1063.07
1075.19
1086.88
1098.12
1108.89
1119.17
1128.95
1138.18
1146.87
1154.97
1162.49
1169.38
1175.65
1181.27
1186.22
1190.49
1194.07
1196.95
1199.11
1200.56
1201.28
886.30
902.15
917.86
933.41
948.78
963.94
978.87
993.55
1007.96
1022.07
1035.87
1049.34
1062.44
1075.16
1087.47
1099.36
1110.80
1121.76
1132.24
1142.19
1151.61
1160.46
1168.73
1176.40
1183.45
1189.85
1195.59
1200.65
1205.02
1208.69
1211.63
1213.84
1215.32
1216.06
895.46
911.52
927.44
943.19
958.76
974.12
989.26
1004.15
1018.76
1033.08
1047.09
1060.76
1074.06
1086.98
1099.50
1111.59
1123.23
1134.39
1145.05
1155.20
1164.80
1173.83
1182.27
1190.10
1197.29
1203.84
1209.71
1214.89
1219.36
1223.11
1226.12
1228.39
1229.91
1230.66
904.38
920.64
936.75
952.71
968.48
984.04
999.38
1014.47
1029.29
1043.82
1058.03
1071.90
1085.41
1098.54
1111.26
1123.55
1135.39
1146.75
1157.61
1167.94
1177.73
1186.94
1195.56
1203.55
1210.91
1217.60
1223.60
1228.90
1233.48
1237.32
1240.41
1242.73
1244.29
1245.06
913.03
929.48
945.80
961.95
977.92
993.68
1009.22
1024.51
1039.53
1054.26
1068.67
1082.75
1096.47
1109.80
1122.73
1135.22
1147.26
1158.83
1169.89
1180.42
1190.39
1199.79
1208.59
1216.76
1224.27
1231.11
1237.26
1242.69
1247.38
1251.31
1254.48
1256.86
1258.46
1259.25
921.41
938.05
954.55
970.90
987.06
1003.02
1018.76
1034.25
1049.47
1064.40
1079.01
1093.29
1107.21
1120.75
1133.88
1146.59
1158.83
1170.60
1181.86
1192.59
1202.77
1212.36
1221.34
1229.69
1237.37
1244.37
1250.66
1256.22
1261.03
1265.07
1268.31
1270.76
1272.40
1273.21
929.49
946.32
963.01
979.54
995.90
1012.05
1027.98
1043.66
1059.08
1074.21
1089.02
1103.51
1117.63
1131.38
1144.72
1157.63
1170.08
1182.06
1193.52
1204.46
1214.83
1224.62
1233.80
1242.33
1250.19
1257.35
1263.80
1269.50
1274.43
1278.57
1281.90
1284.41
1286.10
1286.94
937.27
954.28
971.16
987.87
1004.41
1020.75
1036.87
1052.74
1068.35
1083.68
1098.69
1113.38
1127.71
1141.66
1155.20
1168.32
1180.99
1193.17
1204.85
1215.99
1226.57
1236.56
1245.93
1254.66
1262.70
1270.04
1276.64
1282.48
1287.54
1291.80
1295.22
1297.81
1299.53
1300.40
944.74
961.92
978.97
995.87
1012.59
1029.11
1045.41
1061.47
1077.28
1092.79
1108.01
1122.89
1137.42
1151.57
1165.33
1178.65
1191.53
1203.93
1215.82
1227.17
1237.96
1248.16
1257.73
1266.65
1274.89
1282.40
1289.18
1295.17
1300.37
1304.74
1308.26
1310.92
1312.70
1313.59
951.88
969.23
986.45
1003.52
1020.41
1037.11
1053.59
1069.84
1085.83
1101.54
1116.94
1132.02
1146.75
1161.11
1175.07
1188.60
1201.69
1214.30
1226.41
1237.98
1248.98
1259.39
1269.18
1278.30
1286.73
1294.43
1301.38
1307.54
1312.88
1317.37
1321.00
1323.73
1325.56
1326.48
958.68
976.19
993.57
1010.81
1027.87
1044.74
1061.40
1077.83
1094.00
1109.89
1125.48
1140.76
1155.68
1170.24
1184.41
1198.15
1211.45
1224.27
1236.60
1248.39
1259.61
1270.24
1280.24
1289.57
1298.20
1306.10
1313.23
1319.56
1325.05
1329.67
1333.41
1336.23
1338.11
1339.06
965.13
982.79
1000.34
1017.73
1034.96
1051.99
1068.82
1085.42
1101.76
1117.84
1133.62
1149.08
1164.20
1178.95
1193.32
1207.27
1220.78
1233.82
1246.36
1258.37
1269.82
1280.67
1290.89
1300.44
1309.28
1317.38
1324.70
1331.20
1336.85
1341.62
1345.46
1348.37
1350.32
1351.30
971.21
989.03
1006.72
1024.27
1041.65
1058.85
1075.84
1092.60
1109.12
1125.37
1141.32
1156.97
1172.28
1187.23
1201.80
1215.95
1229.67
1242.93
1255.69
1267.92
1279.59
1290.66
1301.10
1310.88
1319.94
1328.24
1335.76
1342.45
1348.26
1353.17
1357.14
1360.14
1362.16
1363.16
976.93
994.89
1012.72
1030.41
1047.94
1065.29
1082.44
1099.36
1116.04
1132.46
1148.59
1164.41
1179.91
1195.05
1209.81
1224.17
1238.10
1251.56
1264.54
1276.99
1288.88
1300.19
1310.86
1320.85
1330.14
1338.66
1346.38
1353.26
1359.25
1364.31
1368.41
1371.51
1373.59
1374.63
982.27
1000.35
1018.32
1036.15
1053.82
1071.32
1088.61
1105.68
1122.52
1139.10
1155.40
1171.39
1187.07
1202.39
1217.34
1231.90
1246.02
1259.70
1272.89
1285.56
1297.68
1309.21
1320.11
1330.34
1339.85
1348.59
1356.53
1363.60
1369.77
1375.00
1379.23
1382.43
1384.58
1385.66
987.21
1005.42
1023.52
1041.48
1059.28
1076.91
1094.34
1111.56
1128.54
1145.27
1161.73
1177.89
1193.73
1209.23
1224.37
1239.11
1253.44
1267.32
1280.72
1293.61
1305.95
1317.71
1328.84
1339.29
1349.03
1358.00
1366.15
1373.44
1379.79
1385.18
1389.55
1392.87
1395.10
1396.21
991.76
1010.08
1028.29
1046.37
1064.30
1082.05
1099.62
1116.97
1134.09
1150.97
1167.57
1183.89
1199.89
1215.56
1230.87
1245.80
1260.31
1274.39
1288.00
1301.10
1313.66
1325.64
1336.99
1347.68
1357.65
1366.85
1375.22
1382.71
1389.26
1394.82
1399.34
1402.77
1405.07
1406.23
995.90
1014.33
1032.65
1050.83
1068.87
1086.74
1104.43
1121.91
1139.16
1156.17
1172.91
1189.37
1205.53
1221.36
1236.83
1251.93
1266.63
1280.89
1294.69
1308.00
1320.77
1332.97
1344.55
1355.46
1365.66
1375.08
1383.68
1391.38
1398.13
1403.86
1408.53
1412.07
1414.46
1415.66
999.62
1018.15
1036.56
1054.85
1072.99
1090.97
1108.76
1126.36
1143.73
1160.86
1177.73
1194.33
1210.62
1226.60
1242.23
1257.49
1272.35
1286.79
1300.78
1314.28
1327.26
1339.66
1351.46
1362.59
1373.01
1382.66
1391.47
1399.38
1406.33
1412.24
1417.06
1420.72
1423.19
1424.43
1002.92
1021.53
1040.04
1058.41
1076.65
1094.72
1112.61
1130.31
1147.79
1165.03
1182.02
1198.74
1215.16
1231.27
1247.04
1262.45
1277.47
1292.08
1306.24
1319.92
1333.08
1345.68
1357.68
1369.03
1379.66
1389.53
1398.55
1406.67
1413.80
1419.89
1424.86
1428.64
1431.19
1432.48
1005.80
1024.48
1043.06
1061.52
1079.83
1097.99
1115.97
1133.76
1151.33
1168.67
1185.76
1202.59
1219.13
1235.35
1251.25
1266.79
1281.95
1296.71
1311.03
1324.87
1338.21
1351.00
1363.18
1374.73
1385.56
1395.62
1404.85
1413.16
1420.48
1426.74
1431.85
1435.75
1438.39
1439.71
1008.24
1026.99
1045.63
1064.16
1082.54
1100.77
1118.82
1136.69
1154.34
1171.77
1188.95
1205.87
1222.51
1238.84
1254.84
1270.50
1285.79
1300.67
1315.13
1329.12
1342.61
1355.56
1367.92
1379.64
1390.65
1400.90
1410.31
1418.80
1426.30
1432.71
1437.96
1441.97
1444.68
1446.04
1010.24
1029.04
1047.74
1066.32
1084.76
1103.05
1121.17
1139.10
1156.82
1174.32
1191.57
1208.57
1225.29
1241.71
1257.81
1273.56
1288.95
1303.95
1318.52
1332.64
1346.26
1359.35
1371.85
1383.72
1394.90
1405.30
1414.88
1423.53
1431.18
1437.73
1443.10
1447.21
1449.99
1451.39
1011.81
1030.65
1049.39
1068.01
1086.50
1104.83
1123.00
1140.98
1158.75
1176.31
1193.62
1210.68
1227.46
1243.95
1260.12
1275.96
1291.43
1306.51
1321.18
1335.40
1349.13
1362.33
1374.95
1386.94
1398.25
1408.79
1418.49
1427.28
1435.05
1441.72
1447.20
1451.39
1454.23
1455.66
1012.92
1031.80
1050.57
1069.22
1087.74
1106.11
1124.31
1142.32
1160.14
1177.73
1195.09
1212.19
1229.02
1245.56
1261.78
1277.68
1293.21
1308.36
1323.09
1337.38
1351.19
1364.47
1377.18
1389.27
1400.67
1411.31
1421.11
1430.00
1437.87
1444.63
1450.18
1454.44
1457.33
1458.78
1013.60
1032.48
1051.27
1069.95
1088.49
1106.87
1125.10
1143.13
1160.97
1178.59
1195.97
1213.10
1229.96
1246.53
1262.78
1278.71
1294.28
1309.47
1324.24
1338.58
1352.43
1365.77
1378.53
1390.67
1402.13
1412.83
1422.70
1431.65
1439.58
1446.39
1452.00
1456.30
1459.21
1460.68
1013.82
1032.71
1051.51
1070.19
1088.73
1107.13
1125.36
1143.40
1161.25
1178.87
1196.26
1213.40
1230.27
1246.85
1263.12
1279.05
1294.64
1309.84
1324.63
1338.98
1352.85
1366.20
1378.98
1391.14
1402.62
1413.34
1423.23
1432.20
1440.15
1446.98
1452.61
1456.92
1459.84
1461.31
1013.59
1032.48
1051.27
1069.94
1088.48
1106.87
1125.09
1143.13
1160.97
1178.59
1195.97
1213.10
1229.96
1246.52
1262.78
1278.71
1294.28
1309.46
1324.24
1338.57
1352.43
1365.76
1378.53
1390.67
1402.13
1412.83
1422.70
1431.64
1439.57
1446.39
1451.99
1456.29
1459.20
1460.67
1012.92
1031.79
1050.56
1069.22
1087.74
1106.11
1124.31
1142.32
1160.13
1177.73
1195.08
1212.19
1229.02
1245.55
1261.78
1277.67
1293.20
1308.35
1323.09
1337.38
1351.18
1364.46
1377.18
1389.26
1400.66
1411.30
1421.11
1429.99
1437.86
1444.62
1450.18
1454.43
1457.32
1458.77
1011.80
1030.64
1049.38
1068.01
1086.49
1104.83
1122.99
1140.97
1158.75
1176.30
1193.61
1210.67
1227.46
1243.94
1260.12
1275.95
1291.42
1306.51
1321.17
1335.39
1349.12
1362.32
1374.94
1386.93
1398.23
1408.78
1418.48
1427.27
1435.04
1441.71
1447.19
1451.38
1454.22
1455.65
1010.24
1029.04
1047.74
1066.32
1084.76
1103.05
1121.16
1139.09
1156.81
1174.31
1191.56
1208.56
1225.28
1241.70
1257.80
1273.55
1288.94
1303.94
1318.51
1332.62
1346.25
1359.33
1371.84
1383.71
1394.88
1405.29
1414.86
1423.51
1431.16
1437.71
1443.09
1447.20
1449.98
1451.37
1008.23
1026.98
1045.62
1064.15
1082.53
1100.76
1118.82
1136.68
1154.33
1171.76
1188.94
1205.86
1222.49
1238.83
1254.83
1270.49
1285.78
1300.66
1315.11
1329.11
1342.60
1355.54
1367.90
1379.62
1390.63
1400.88
1410.29
1418.78
1426.28
1432.69
1437.94
1441.95
1444.66
1446.02
1005.79
1024.47
1043.05
1061.51
1079.82
1097.98
1115.96
1133.74
1151.32
1168.66
1185.75
1202.58
1219.11
1235.34
1251.24
1266.78
1281.94
1296.69
1311.01
1324.85
1338.19
1350.98
1363.17
1374.71
1385.54
1395.60
1404.83
1413.14
1420.46
1426.71
1431.83
1435.73
1438.36
1439.68
1002.91
1021.52
1040.02
1058.40
1076.64
1094.71
1112.60
1130.30
1147.77
1165.02
1182.01
1198.72
1215.15
1231.25
1247.02
1262.43
1277.45
1292.06
1306.22
1319.90
1333.06
1345.66
1357.66
1369.01
1379.64
1389.50
1398.52
1406.64
1413.78
1419.86
1424.83
1428.61
1431.16
1432.45
999.61
1018.13
1036.55
1054.84
1072.98
1090.95
1108.75
1126.34
1143.71
1160.84
1177.72
1194.31
1210.61
1226.58
1242.21
1257.47
1272.33
1286.77
1300.76
1314.26
1327.23
1339.64
1351.43
1362.57
1372.99
1382.63
1391.44
1399.35
1406.30
1412.21
1417.03
1420.69
1423.16
1424.40
995.88
1014.31
1032.63
1050.82
1068.86
1086.73
1104.41
1121.89
1139.14
1156.15
1172.90
1189.36
1205.51
1221.34
1236.81
1251.91
1266.60
1280.87
1294.67
1307.97
1320.74
1332.94
1344.52
1355.44
1365.63
1375.05
1383.65
1391.35
1398.09
1403.83
1408.49
1412.04
1414.43
1415.62
991.74
1010.07
1028.28
1046.36
1064.28
1082.03
1099.60
1116.95
1134.07
1150.95
1167.55
1183.87
1199.87
1215.54
1230.85
1245.77
1260.29
1274.37
1287.97
1301.07
1313.63
1325.61
1336.97
1347.65
1357.62
1366.82
1375.19
1382.68
1389.23
1394.79
1399.30
1402.73
1405.04
1406.19
987.19
1005.40
1023.50
1041.46
1059.26
1076.89
1094.32
1111.54
1128.52
1145.25
1161.71
1177.87
1193.71
1209.21
1224.34
1239.09
1253.41
1267.29
1280.69
1293.58
1305.92
1317.68
1328.80
1339.26
1349.00
1357.97
1366.12
1373.40
1379.76
1385.14
1389.52
1392.83
1395.06
1396.17
982.25
1000.34
1018.30
1036.13
1053.80
1071.29
1088.59
1105.66
1122.50
1139.08
1155.37
1171.37
1187.04
1202.36
1217.31
1231.87
1246.00
1259.67
1272.86
1285.53
1297.65
1309.18
1320.08
1330.30
1339.81
1348.56
1356.49
1363.56
1369.74
1374.96
1379.19
1382.39
1384.54
1385.62
976.91
994.87
1012.70
1030.39
1047.92
1065.27
1082.41
1099.34
1116.02
1132.43
1148.56
1164.39
1179.88
1195.02
1209.78
1224.14
1238.06
1251.53
1264.50
1276.96
1288.85
1300.15
1310.82
1320.82
1330.10
1338.62
1346.34
1353.22
1359.21
1364.27
1368.37
1371.47
1373.55
1374.59
971.19
989.01
1006.70
1024.25
1041.63
1058.82
1075.81
1092.58
1109.09
1125.34
1141.30
1156.94
1172.25
1187.20
1201.77
1215.92
1229.64
1242.89
1255.65
1267.88
1279.55
1290.63
1301.07
1310.84
1319.90
1328.20
1335.72
1342.41
1348.22
1353.13
1357.10
1360.10
1362.11
1363.12
965.10
982.77
1000.31
1017.71
1034.93
1051.97
1068.79
1085.39
1101.74
1117.81
1133.59
1149.05
1164.17
1178.92
1193.29
1207.24
1220.75
1233.79
1246.33
1258.34
1269.78
1280.63
1290.85
1300.40
1309.24
1317.34
1324.66
1331.16
1336.81
1341.57
1345.42
1348.33
1350.27
1351.25
958.65
976.17
993.55
1010.78
1027.84
1044.72
1061.37
1077.80
1093.97
1109.86
1125.45
1140.72
1155.65
1170.21
1184.37
1198.12
1211.41
1224.24
1236.56
1248.35
1259.57
1270.20
1280.20
1289.53
1298.16
1306.06
1313.19
1319.51
1325.00
1329.63
1333.36
1336.18
1338.07
1339.01
951.85
969.20
986.42
1003.49
1020.38
1037.08
1053.56
1069.81
1085.80
1101.50
1116.91
1131.99
1146.72
1161.07
1175.03
1188.57
1201.65
1214.26
1226.37
1237.94
1248.94
1259.35
1269.13
1278.26
1286.68
1294.39
1301.33
1307.49
1312.83
1317.32
1320.95
1323.68
1325.52
1326.43
944.71
961.90
978.94
995.84
1012.56
1029.08
1045.38
1061.44
1077.24
1092.76
1107.97
1122.85
1137.38
1151.54
1165.29
1178.61
1191.49
1203.89
1215.78
1227.13
1237.92
1248.12
1257.69
1266.61
1274.84
1282.36
1289.13
1295.12
1300.32
1304.69
1308.21
1310.87
1312.65
1313.54
937.25
954.25
971.13
987.84
1004.38
1020.72
1036.84
1052.71
1068.32
1083.64
1098.66
1113.34
1127.67
1141.62
1155.16
1168.28
1180.94
1193.13
1204.81
1215.95
1226.53
1236.52
1245.89
1254.61
1262.65
1269.99
1276.59
1282.44
1287.49
1291.75
1295.17
1297.76
1299.48
1300.35
929.46
946.29
962.98
979.51
995.87
1012.02
1027.94
1043.63
1059.04
1074.17
1088.99
1103.47
1117.59
1131.34
1144.68
1157.58
1170.04
1182.01
1193.48
1204.41
1214.79
1224.58
1233.75
1242.28
1250.14
1257.30
1263.75
1269.44
1274.37
1278.51
1281.85
1284.36
1286.04
1286.88
921.38
938.02
954.52
970.87
987.03
1002.99
1018.72
1034.21
1049.43
1064.36
1078.97
1093.25
1107.17
1120.71
1133.84
1146.54
1158.79
1170.56
1181.82
1192.55
1202.72
1212.31
1221.29
1229.64
1237.32
1244.32
1250.61
1256.17
1260.98
1265.01
1268.26
1270.71
1272.34
1273.16
913.00
929.45
945.76
961.92
977.88
993.65
1009.18
1024.47
1039.49
1054.22
1068.63
1082.71
1096.43
1109.76
1122.68
1135.18
1147.22
1158.78
1169.84
1180.37
1190.34
1199.74
1208.54
1216.71
1224.22
1231.06
1237.21
1242.63
1247.32
1251.26
1254.42
1256.81
1258.40
1259.20
904.35
920.60
936.72
952.67
968.44
984.01
999.35
1014.43
1029.25
1043.78
1057.99
1071.86
1085.37
1098.49
1111.22
1123.51
1135.34
1146.70
1157.56
1167.90
1177.68
1186.89
1195.51
1203.50
1210.86
1217.54
1223.55
1228.85
1233.42
1237.26
1240.35
1242.68
1244.23
1245.01
895.43
911.49
927.40
943.15
958.72
974.09
989.22
1004.11
1018.72
1033.04
1047.05
1060.71
1074.02
1086.94
1099.46
1111.54
1123.18
1134.34
1145.00
1155.15
1164.74
1173.77
1182.21
1190.04
1197.24
1203.78
1209.65
1214.83
1219.30
1223.05
1226.06
1228.33
1229.85
1230.61
886.26
902.11
917.83
933.38
948.74
963.90
978.83
993.51
1007.92
1022.03
1035.83
1049.29
1062.39
1075.11
1087.43
1099.31
1110.75
1121.72
1132.19
1142.14
1151.55
1160.41
1168.68
1176.35
1183.39
1189.79
1195.53
1200.60
1204.97
1208.63
1211.57
1213.79
1215.27
1216.01
876.86
892.50
908.01
923.35
938.51
953.46
968.18
982.65
996.85
1010.76
1024.36
1037.61
1050.51
1063.02
1075.14
1086.83
1098.07
1108.84
1119.12
1128.89
1138.13
1146.81
1154.92
1162.43
1169.33
1175.59
1181.21
1186.16
1190.43
1194.01
1196.89
1199.05
1200.50
1201.22
867.23
882.67
897.96
913.09
928.04
942.78
957.29
971.56
985.55
999.25
1012.64
1025.69
1038.38
1050.70
1062.61
1074.11
1085.15
1095.74
1105.83
1115.42
1124.49
1133.00
1140.95
1148.31
1155.07
1161.20
1166.70
1171.54
1175.72
1179.22
1182.03
1184.15
1185.56
1186.26
857.40
872.62
887.70
902.62
917.35
931.88
946.19
960.24
974.02
987.52
1000.70
1013.55
1026.04
1038.15
1049.87
1061.17
1072.02
1082.42
1092.33
1101.75
1110.64
1118.99
1126.78
1134.00
1140.62
1146.63
1152.01
1156.75
1160.84
1164.26
1167.01
1169.08
1170.46
1171.15
847.38
862.38
877.24
891.95
906.47
920.78
934.87
948.72
962.29
975.58
988.55
1001.20
1013.48
1025.40
1036.92
1048.03
1058.70
1068.91
1078.64
1087.89
1096.61
1104.80
1112.44
1119.52
1126.00
1131.89
1137.16
1141.80
1145.80
1149.15
1151.84
1153.87
1155.22
1155.89
837.18
851.96
866.61
881.09
895.39
909.50
923.37
937.00
950.37
963.45
976.22
988.66
1000.74
1012.46
1023.79
1034.70
1045.19
1055.22
1064.78
1073.85
1082.41
1090.45
1097.95
1104.88
1111.24
1117.00
1122.17
1126.71
1130.63
1133.91
1136.54
1138.53
1139.85
1140.51
826.83
841.38
855.81
870.07
884.16
898.04
911.70
925.12
938.28
951.15
963.71
975.95
987.83
999.36
1010.49
1021.22
1031.52
1041.37
1050.76
1059.67
1068.07
1075.95
1083.30
1090.10
1096.33
1101.99
1107.05
1111.50
1115.34
1118.55
1121.13
1123.07
1124.36
1125.01
816.33
830.66
844.86
858.90
872.77
886.43
899.88
913.08
926.03
938.69
951.05
963.08
974.77
986.10
997.04
1007.59
1017.70
1027.38
1036.60
1045.34
1053.59
1061.33
1068.54
1075.20
1081.31
1086.86
1091.81
1096.18
1099.94
1103.08
1105.61
1107.51
1108.77
1109.41
805.70
819.81
833.78
847.60
861.24
874.69
887.92
900.91
913.65
926.10
938.25
950.09
961.58
972.71
983.47
993.83
1003.77
1013.27
1022.32
1030.91
1039.00
1046.59
1053.66
1060.20
1066.19
1071.63
1076.48
1080.76
1084.44
1087.53
1090.00
1091.86
1093.10
1093.72
794.97
808.84
822.59
836.18
849.61
862.83
875.85
888.63
901.15
913.39
925.34
936.98
948.27
959.22
969.78
979.96
989.72
999.06
1007.94
1016.37
1024.31
1031.76
1038.70
1045.11
1050.99
1056.32
1061.08
1065.27
1068.88
1071.90
1074.33
1076.15
1077.36
1077.97
784.14
797.79
811.31
824.67
837.87
850.88
863.68
876.24
888.55
900.59
912.34
923.77
934.88
945.63
956.01
966.00
975.59
984.76
993.49
1001.75
1009.55
1016.86
1023.67
1029.96
1035.72
1040.94
1045.61
1049.72
1053.26
1056.22
1058.60
1060.38
1061.58
1062.17
773.25
786.66
799.95
813.09
826.06
838.85
851.43
863.78
875.88
887.71
899.26
910.49
921.40
931.97
942.16
951.98
961.40
970.40
978.96
987.08
994.73
1001.91
1008.58
1014.76
1020.41
1025.53
1030.11
1034.14
1037.61
1040.51
1042.84
1044.59
1045.75
1046.34
762.30
775.48
788.53
801.45
814.20
826.77
839.13
851.26
863.15
874.78
886.12
897.16
907.88
918.25
928.27
937.91
947.16
955.99
964.40
972.37
979.88
986.92
993.47
999.53
1005.07
1010.09
1014.58
1018.53
1021.93
1024.78
1027.06
1028.78
1029.92
1030.49
751.32
764.26
777.09
789.77
802.30
814.64
826.79
838.71
850.39
861.81
872.95
883.80
894.32
904.51
914.35
923.82
932.90
941.57
949.82
957.64
965.01
971.92
978.35
984.29
989.73
994.65
999.06
1002.93
1006.27
1009.05
1011.29
1012.97
1014.10
1014.66
740.32
753.03
765.62
778.08
790.38
802.51
814.43
826.14
837.62
848.83
859.77
870.42
880.76
890.77
900.42
909.72
918.63
927.15
935.25
942.92
950.16
956.93
963.24
969.07
974.40
979.23
983.55
987.35
990.62
993.36
995.55
997.20
998.30
998.85
729.33
741.80
754.17
766.39
778.47
790.38
802.09
813.58
824.85
835.86
846.61
857.06
867.21
877.03
886.52
895.64
904.39
912.75
920.70
928.23
935.33
941.98
948.17
953.88
959.11
963.85
968.09
971.82
975.02
977.71
979.86
981.48
982.55
983.09
718.37
730.61
742.74
754.74
766.59
778.27
789.77
801.06
812.11
822.93
833.47
843.74
853.70
863.34
872.65
881.61
890.19
898.40
906.20
913.59
920.56
927.08
933.15
938.76
943.89
948.54
952.70
956.35
959.50
962.13
964.24
965.82
966.88
967.41
707.45
719.46
731.36
743.13
754.76
766.23
777.51
788.58
799.44
810.05
820.40
830.47
840.25
849.72
858.85
867.64
876.07
884.12
891.78
899.03
905.86
912.26
918.22
923.72
928.76
933.32
937.40
940.98
944.07
946.65
948.72
950.27
951.31
951.83
696.61
708.38
720.05
731.60
743.01
754.25
765.32
776.19
786.84
797.25
807.41
817.30
826.89
836.18
845.15
853.77
862.04
869.94
877.46
884.57
891.28
897.56
903.40
908.80
913.74
918.21
922.21
925.73
928.76
931.29
933.32
934.84
935.86
936.37
685.87
697.40
708.84
720.17
731.35
742.38
753.24
763.90
774.35
784.56
794.53
804.23
813.65
822.76
831.56
840.02
848.14
855.89
863.26
870.24
876.82
882.99
888.72
894.02
898.86
903.25
907.18
910.62
913.59
916.08
918.07
919.56
920.56
921.06
675.24
686.54
697.75
708.85
719.82
730.64
741.28
751.74
761.99
772.01
781.79
791.30
800.54
809.48
818.11
826.42
834.38
841.99
849.22
856.08
862.53
868.58
874.20
879.40
884.15
888.46
892.31
895.69
898.61
901.04
902.99
904.46
905.44
905.93
664.75
675.82
686.81
697.69
708.44
719.04
729.48
739.73
749.78
759.61
769.21
778.54
787.60
796.38
804.85
812.99
820.81
828.27
835.37
842.09
848.43
854.36
859.88
864.98
869.64
873.87
877.64
880.96
883.82
886.21
888.13
889.57
890.53
891.01
654.43
665.28
676.04
686.70
697.23
707.63
717.86
727.91
737.77
747.41
756.82
765.97
774.87
783.47
791.78
799.78
807.44
814.76
821.73
828.33
834.54
840.36
845.78
850.78
855.36
859.51
863.21
866.47
869.27
871.62
873.50
874.91
875.86
876.33
644.30
654.92
665.46
675.91
686.23
696.42
706.45
716.31
725.97
735.42
744.65
753.63
762.35
770.80
778.95
786.79
794.31
801.50
808.34
814.81
820.91
826.62
831.94
836.85
841.34
845.41
849.04
852.24
854.99
857.29
859.14
860.53
861.45
861.91
634.38
644.78
655.11
665.34
675.46
685.44
695.27
704.94
714.41
723.68
732.73
741.54
750.10
758.38
766.38
774.08
781.46
788.51
795.22
801.57
807.56
813.16
818.38
823.20
827.61
831.60
835.17
838.31
841.01
843.27
845.08
846.44
847.35
847.80
624.71
634.89
645.01
655.03
664.94
674.73
684.36
693.84
703.13
712.22
721.10
729.74
738.13
746.26
754.11
761.66
768.90
775.82
782.41
788.64
794.52
800.02
805.14
809.87
814.20
818.12
821.63
824.71
827.36
829.58
831.35
832.69
833.58
834.03
615.30
625.27
635.18
645.00
654.71
664.30
673.75
683.04
692.15
701.07
709.77
718.25
726.49
734.46
742.16
749.57
756.68
763.48
769.94
776.06
781.83
787.23
792.26
796.91
801.16
805.01
808.45
811.47
814.08
816.25
818.00
819.31
820.19
820.62
606.19
615.95
625.65
635.27
644.79
654.19
663.46
672.56
681.50
690.25
698.79
707.11
715.19
723.02
730.58
737.85
744.83
751.50
757.85
763.86
769.52
774.83
779.77
784.33
788.51
792.29
795.67
798.64
801.19
803.33
805.05
806.34
807.20
807.63
597.39
606.96
616.46
625.89
635.22
644.43
653.52
662.45
671.22
679.80
688.18
696.35
704.28
711.96
719.39
726.53
733.39
739.94
746.17
752.07
757.64
762.85
767.70
772.18
776.29
780.00
783.32
786.24
788.75
790.85
792.54
793.81
794.65
795.07
588.94
598.31
607.63
616.87
626.02
635.05
643.96
652.73
661.33
669.75
677.98
686.00
693.79
701.33
708.62
715.64
722.37
728.81
734.93
740.74
746.20
751.33
756.09
760.50
764.53
768.18
771.45
774.32
776.79
778.85
780.51
781.75
782.58
783.00
580.87
590.05
599.18
608.24
617.21
626.08
634.82
643.42
651.87
660.14
668.22
676.09
683.74
691.16
698.32
705.22
711.83
718.16
724.18
729.88
735.26
740.29
744.98
749.31
753.28
756.87
760.08
762.90
765.33
767.36
768.99
770.22
771.03
771.44
573.19
582.19
591.15
600.04
608.84
617.54
626.13
634.57
642.87
650.99
658.93
666.66
674.18
681.47
688.51
695.29
701.80
708.02
713.94
719.55
724.84
729.79
734.40
738.67
742.57
746.10
749.26
752.03
754.42
756.42
758.03
759.23
760.04
760.44
565.93
574.77
583.55
592.28
600.92
609.47
617.90
626.20
634.35
642.34
650.14
657.75
665.14
672.31
679.23
685.91
692.31
698.43
704.25
709.77
714.98
719.86
724.40
728.59
732.43
735.91
739.02
741.75
744.10
746.07
747.65
748.84
749.63
750.03
559.12
567.80
576.43
585.00
593.49
601.89
610.18
618.34
626.35
634.21
641.88
649.37
656.65
663.70
670.52
677.08
683.39
689.41
695.15
700.59
705.71
710.52
714.99
719.12
722.91
726.33
729.40
732.09
734.41
736.35
737.90
739.07
739.85
740.24
552.79
561.31
569.79
578.22
586.57
594.83
602.98
611.01
618.90
626.63
634.19
641.56
648.73
655.68
662.39
668.86
675.08
681.01
686.67
692.03
697.08
701.82
706.22
710.30
714.03
717.41
720.43
723.08
725.37
727.28
728.82
729.97
730.74
731.13
546.94
555.33
563.67
571.96
580.18
588.32
596.35
604.26
612.03
619.65
627.09
634.36
641.42
648.27
654.90
661.28
667.40
673.26
678.84
684.12
689.11
693.78
698.13
702.15
705.83
709.17
712.15
714.77
717.03
718.91
720.43
721.57
722.33
722.71
