523.55
531.97
540.38
548.76
557.10
565.37
573.55
581.64
589.60
597.43
605.10
612.59
619.90
626.99
633.87
640.50
646.87
652.98
658.80
664.33
669.55
674.44
679.01
683.23
687.09
690.60
693.74
696.50
698.87
700.86
702.46
703.66
704.46
704.86
529.85
538.44
547.02
555.57
564.07
572.50
580.84
589.07
597.18
605.15
612.96
620.58
628.02
635.23
642.22
648.97
655.45
661.66
667.58
673.20
678.50
683.47
688.11
692.40
696.33
699.89
703.07
705.88
708.29
710.31
711.93
713.15
713.97
714.37
536.69
545.46
554.22
562.95
571.62
580.22
588.73
597.13
605.39
613.51
621.47
629.24
636.80
644.15
651.27
658.14
664.73
671.05
677.08
682.79
688.18
693.24
697.96
702.32
706.32
709.94
713.18
716.03
718.48
720.54
722.18
723.42
724.25
724.67
544.03
553.00
561.96
570.87
579.73
588.51
597.19
605.76
614.20
622.48
630.59
638.51
646.23
653.72
660.97
667.96
674.69
681.12
687.25
693.07
698.56
703.72
708.52
712.95
717.02
720.71
724.00
726.90
729.40
731.49
733.17
734.43
735.27
735.69
551.86
561.04
570.19
579.31
588.36
597.33
606.21
614.96
623.57
632.02
640.30
648.38
656.25
663.89
671.28
678.41
685.27
691.83
698.08
704.01
709.60
714.85
719.74
724.26
728.40
732.16
735.51
738.47
741.01
743.14
744.85
746.13
746.99
747.42
560.13
569.53
578.90
588.23
597.49
606.66
615.73
624.67
633.47
642.10
650.55
658.80
666.84
674.63
682.18
689.45
696.44
703.13
709.50
715.55
721.25
726.60
731.59
736.19
740.42
744.24
747.66
750.67
753.27
755.44
757.18
758.48
759.36
759.79
568.84
578.46
588.06
597.60
607.08
616.46
625.73
634.87
643.86
652.69
661.32
669.75
677.95
685.91
693.61
701.03
708.16
714.99
721.49
727.66
733.48
738.93
744.02
748.72
753.02
756.92
760.41
763.48
766.12
768.33
770.11
771.44
772.33
772.78
577.94
587.80
597.63
607.40
617.10
626.70
636.18
645.53
654.72
663.74
672.56
681.17
689.55
697.68
705.54
713.12
720.40
727.37
734.00
740.30
746.23
751.80
756.99
761.78
766.17
770.15
773.71
776.84
779.54
781.79
783.60
784.96
785.87
786.33
587.41
597.52
607.58
617.59
627.51
637.34
647.04
656.60
666.00
675.22
684.24
693.04
701.60
709.90
717.93
725.67
733.11
740.22
747.00
753.42
759.48
765.17
770.46
775.35
779.83
783.89
787.53
790.72
793.47
795.77
797.62
799.01
799.93
800.40
597.22
607.58
617.89
628.14
638.30
648.35
658.28
668.06
677.68
687.10
696.32
705.31
714.06
722.55
730.75
738.66
746.25
753.52
760.44
767.00
773.18
778.99
784.39
789.38
793.96
798.10
801.81
805.07
807.88
810.23
812.11
813.53
814.47
814.95
607.35
617.96
628.52
639.02
649.42
659.71
669.87
679.88
689.71
699.34
708.77
717.96
726.90
735.57
743.96
752.03
759.79
767.21
774.28
780.98
787.30
793.22
798.74
803.84
808.51
812.74
816.52
819.85
822.72
825.12
827.04
828.49
829.45
829.93
617.76
628.64
639.45
650.20
660.85
671.38
681.77
692.01
702.06
711.92
721.55
730.95
740.08
748.94
757.51
765.76
773.69
781.27
788.49
795.33
801.78
807.83
813.47
818.67
823.44
827.76
831.63
835.03
837.95
840.40
842.37
843.84
844.83
845.32
628.43
639.57
650.65
661.65
672.55
683.32
693.96
704.42
714.71
724.78
734.63
744.23
753.57
762.63
771.38
779.81
787.91
795.65
803.02
810.01
816.60
822.78
828.54
833.85
838.73
843.14
847.08
850.56
853.54
856.04
858.05
859.56
860.56
861.07
639.33
650.74
662.08
673.34
684.49
695.52
706.39
717.10
727.61
737.91
747.98
757.79
767.33
776.59
785.53
794.14
802.41
810.32
817.85
824.99
831.72
838.03
843.91
849.34
854.32
858.82
862.86
866.40
869.45
872.01
874.05
875.59
876.62
877.14
650.44
662.11
673.72
685.24
696.65
707.93
719.05
729.99
740.74
751.27
761.55
771.58
781.33
790.79
799.92
808.72
817.17
825.25
832.94
840.23
847.11
853.55
859.56
865.10
870.18
874.79
878.90
882.53
885.64
888.25
890.34
891.92
892.97
893.49
661.72
673.67
685.54
697.33
709.00
720.53
731.89
743.08
754.06
764.82
775.33
785.58
795.54
805.20
814.53
823.52
832.14
840.39
848.25
855.70
862.72
869.30
875.44
881.10
886.29
890.99
895.20
898.90
902.08
904.74
906.88
908.49
909.56
910.10
673.14
685.37
697.52
709.57
721.50
733.28
744.90
756.33
767.55
778.54
789.28
799.75
809.92
819.78
829.31
838.49
847.31
855.73
863.75
871.36
878.53
885.26
891.52
897.30
902.60
907.41
911.70
915.48
918.73
921.45
923.64
925.28
926.37
926.92
684.70
697.20
709.62
721.94
734.13
746.17
758.04
769.72
781.18
792.41
803.37
814.06
824.45
834.52
844.25
853.62
862.62
871.23
879.42
887.19
894.51
901.38
907.77
913.68
919.09
924.00
928.39
932.24
935.57
938.35
940.58
942.25
943.37
943.93
696.35
709.13
721.82
734.41
746.86
759.16
771.29
783.21
794.92
806.38
817.57
828.49
839.09
849.37
859.31
868.88
878.06
886.85
895.21
903.14
910.62
917.63
924.16
930.20
935.73
940.74
945.22
949.16
952.55
955.39
957.67
959.39
960.53
961.10
708.08
721.13
734.10
746.95
759.67
772.23
784.61
796.78
808.73
820.43
831.86
843.00
853.82
864.32
874.46
884.22
893.60
902.57
911.11
919.20
926.84
934.00
940.67
946.83
952.48
957.60
962.17
966.20
969.67
972.57
974.90
976.65
977.81
978.40
719.86
733.19
746.43
759.55
772.53
785.35
797.98
810.41
822.60
834.54
846.20
857.57
868.61
879.32
889.67
899.64
909.21
918.36
927.08
935.34
943.14
950.45
957.26
963.55
969.32
974.55
979.22
983.33
986.88
989.84
992.22
994.01
995.20
995.80
731.66
745.27
758.78
772.17
785.42
798.50
811.38
824.06
836.50
848.68
860.57
872.17
883.44
894.36
904.92
915.09
924.86
934.20
943.09
951.53
959.49
966.95
973.90
980.33
986.22
991.56
996.33
1000.54
1004.16
1007.18
1009.61
1011.44
1012.66
1013.27
743.47
757.36
771.14
784.80
798.31
811.65
824.79
837.71
850.40
862.82
874.95
886.77
898.27
909.41
920.18
930.56
940.52
950.05
959.13
967.74
975.86
983.48
990.58
997.15
1003.16
1008.61
1013.49
1017.78
1021.48
1024.58
1027.06
1028.93
1030.17
1030.80
755.27
769.42
783.48
797.40
811.18
824.77
838.17
851.35
864.28
876.94
889.31
901.36
913.08
924.44
935.43
946.01
956.18
965.90
975.16
983.95
992.24
1000.02
1007.27
1013.97
1020.12
1025.69
1030.67
1035.06
1038.83
1042.00
1044.53
1046.44
1047.72
1048.35
767.02
781.45
795.77
809.96
824.00
837.86
851.51
864.94
878.11
891.01
903.62
915.91
927.86
939.44
950.64
961.43
971.80
981.72
991.17
1000.14
1008.60
1016.54
1023.94
1030.79
1037.06
1042.75
1047.84
1052.33
1056.19
1059.42
1062.01
1063.96
1065.27
1065.92
778.72
793.42
808.01
822.46
836.76
850.87
864.78
878.46
891.88
905.03
917.87
930.39
942.57
954.37
965.79
976.80
987.37
997.48
1007.13
1016.28
1024.91
1033.02
1040.58
1047.57
1053.98
1059.79
1064.99
1069.57
1073.52
1076.83
1079.48
1081.47
1082.81
1083.47
790.33
805.30
820.16
834.87
849.43
863.80
877.96
891.89
905.56
918.95
932.03
944.79
957.19
969.22
980.86
992.08
1002.86
1013.18
1023.01
1032.35
1041.17
1049.44
1057.16
1064.30
1070.84
1076.78
1082.10
1086.78
1090.82
1094.20
1096.91
1098.95
1100.31
1100.99
801.85
817.08
832.20
847.18
862.00
876.62
891.04
905.21
919.13
932.76
946.08
959.07
971.71
983.97
995.82
1007.26
1018.25
1028.77
1038.81
1048.33
1057.33
1065.78
1073.66
1080.95
1087.64
1093.71
1099.15
1103.93
1108.06
1111.52
1114.29
1116.38
1117.77
1118.47
813.25
828.75
844.12
859.36
874.43
889.31
903.98
918.40
932.56
946.44
960.00
973.23
986.10
998.58
1010.66
1022.32
1033.52
1044.25
1054.49
1064.21
1073.39
1082.01
1090.06
1097.51
1104.35
1110.55
1116.11
1121.01
1125.23
1128.77
1131.61
1133.75
1135.17
1135.88
824.51
840.27
855.90
871.40
886.72
901.85
916.77
931.44
945.85
959.97
973.77
987.23
1000.34
1013.05
1025.36
1037.23
1048.65
1059.60
1070.04
1079.95
1089.33
1098.13
1106.35
1113.97
1120.95
1127.30
1132.98
1137.99
1142.31
1145.93
1148.84
1151.03
1152.49
1153.22
835.61
851.63
867.52
883.27
898.84
914.23
929.39
944.31
958.96
973.32
987.36
1001.07
1014.40
1027.35
1039.89
1051.99
1063.63
1074.78
1085.43
1095.55
1105.12
1114.11
1122.51
1130.29
1137.44
1143.93
1149.74
1154.87
1159.29
1163.00
1165.98
1168.22
1169.72
1170.47
846.54
862.81
878.96
894.95
910.78
926.41
941.82
956.99
971.88
986.49
1000.77
1014.71
1028.28
1041.47
1054.23
1066.56
1078.42
1089.80
1100.66
1110.98
1120.75
1129.94
1138.52
1146.47
1153.78
1160.42
1166.38
1171.63
1176.16
1179.96
1183.01
1185.31
1186.84
1187.61
857.28
873.80
890.19
906.44
922.51
938.39
954.05
969.46
984.60
999.44
1013.96
1028.14
1041.96
1055.37
1068.37
1080.93
1093.02
1104.62
1115.70
1126.23
1136.21
1145.59
1154.36
1162.50
1169.97
1176.77
1182.87
1188.25
1192.89
1196.79
1199.92
1202.28
1203.85
1204.64
867.82
884.58
901.22
917.71
934.03
950.15
966.05
981.70
997.08
1012.16
1026.93
1041.35
1055.40
1069.05
1082.29
1095.08
1107.40
1119.22
1130.53
1141.28
1151.47
1161.06
1170.02
1178.35
1186.00
1192.96
1199.21
1204.73
1209.49
1213.49
1216.70
1219.12
1220.74
1221.55
878.12
895.13
912.01
928.74
945.30
961.66
977.80
993.69
1009.32
1024.64
1039.65
1054.31
1068.60
1082.49
1095.97
1108.99
1121.55
1133.60
1145.13
1156.11
1166.52
1176.32
1185.49
1194.01
1201.84
1208.98
1215.39
1221.05
1225.94
1230.04
1233.34
1235.83
1237.49
1238.32
888.19
905.43
922.55
939.52
956.31
972.91
989.29
1005.42
1021.29
1036.85
1052.10
1067.00
1081.53
1095.67
1109.38
1122.65
1135.44
1147.73
1159.50
1170.71
1181.34
1191.36
1200.74
1209.46
1217.49
1224.81
1231.39
1237.20
1242.22
1246.44
1249.84
1252.40
1254.11
1254.96
898.00
915.47
932.82
950.03
967.06
983.89
1000.51
1016.88
1032.97
1048.78
1064.27
1079.41
1094.18
1108.56
1122.52
1136.03
1149.06
1161.59
1173.60
1185.05
1195.91
1206.16
1215.77
1224.70
1232.94
1240.45
1247.20
1253.17
1258.34
1262.68
1266.18
1268.82
1270.58
1271.46
907.54
925.24
942.82
960.25
977.51
994.58
1011.42
1028.03
1044.36
1060.41
1076.13
1091.51
1106.53
1121.15
1135.35
1149.11
1162.39
1175.17
1187.43
1199.12
1210.22
1220.71
1230.55
1239.71
1248.16
1255.87
1262.81
1268.96
1274.28
1278.76
1282.36
1285.08
1286.90
1287.81
916.80
934.72
952.52
970.17
987.66
1004.95
1022.03
1038.86
1055.43
1071.71
1087.68
1103.30
1118.56
1133.43
1147.88
1161.88
1175.42
1188.45
1200.96
1212.90
1224.26
1234.99
1245.08
1254.47
1263.15
1271.08
1278.22
1284.55
1290.04
1294.66
1298.38
1301.19
1303.08
1304.02
925.76
943.89
961.91
979.78
997.49
1015.00
1032.31
1049.37
1066.17
1082.68
1098.88
1114.75
1130.25
1145.36
1160.06
1174.32
1188.11
1201.41
1214.17
1226.38
1238.00
1248.99
1259.33
1268.97
1277.89
1286.05
1293.41
1299.94
1305.61
1310.39
1314.24
1317.15
1319.10
1320.07
934.40
952.74
970.97
989.06
1006.98
1024.72
1042.24
1059.52
1076.55
1093.30
1109.73
1125.83
1141.58
1156.94
1171.90
1186.41
1200.46
1214.02
1227.05
1239.53
1251.42
1262.68
1273.29
1283.20
1292.38
1300.78
1308.38
1315.12
1320.99
1325.93
1329.93
1332.95
1334.98
1335.99
942.71
961.26
979.69
997.99
1016.12
1034.07
1051.81
1069.32
1086.57
1103.54
1120.21
1136.55
1152.54
1168.15
1183.36
1198.13
1212.45
1226.27
1239.58
1252.34
1264.51
1276.05
1286.94
1297.13
1306.58
1315.25
1323.10
1330.09
1336.17
1341.30
1345.46
1348.60
1350.71
1351.76
950.69
969.43
988.06
1006.56
1024.90
1043.05
1061.00
1078.72
1096.20
1113.39
1130.29
1146.87
1163.10
1178.96
1194.42
1209.46
1224.04
1238.14
1251.73
1264.78
1277.24
1289.08
1300.27
1310.76
1320.50
1329.46
1337.58
1344.83
1351.14
1356.49
1360.82
1364.10
1366.30
1367.40
958.31
977.24
996.07
1014.76
1033.29
1051.65
1069.80
1087.74
1105.42
1122.84
1139.97
1156.78
1173.25
1189.35
1205.07
1220.37
1235.23
1249.61
1263.49
1276.83
1289.59
1301.75
1313.25
1324.05
1334.11
1343.38
1351.81
1359.34
1365.92
1371.49
1376.02
1379.46
1381.77
1382.93
965.57
984.68
1003.69
1022.57
1041.29
1059.84
1078.20
1096.34
1114.23
1131.87
1149.21
1166.25
1182.96
1199.31
1215.29
1230.85
1245.98
1260.65
1274.82
1288.47
1301.55
1314.03
1325.86
1337.00
1347.40
1357.01
1365.76
1373.61
1380.48
1386.32
1391.07
1394.69
1397.12
1398.34
972.45
991.74
1010.92
1029.98
1048.89
1067.63
1086.17
1104.51
1122.61
1140.45
1158.02
1175.28
1192.22
1208.82
1225.04
1240.87
1256.28
1271.24
1285.71
1299.67
1313.08
1325.89
1338.08
1349.58
1360.34
1370.31
1379.43
1387.62
1394.83
1400.97
1405.98
1409.80
1412.38
1413.68
978.94
998.39
1017.75
1036.97
1056.06
1074.98
1093.71
1112.24
1130.53
1148.58
1166.36
1183.84
1201.01
1217.85
1234.32
1250.42
1266.10
1281.35
1296.13
1310.41
1324.15
1337.32
1349.87
1361.75
1372.91
1383.28
1392.79
1401.38
1408.96
1415.45
1420.76
1424.82
1427.57
1428.95
985.03
1004.64
1024.15
1043.55
1062.80
1081.89
1100.80
1119.51
1137.99
1156.23
1174.22
1191.91
1209.31
1226.38
1243.10
1259.46
1275.41
1290.95
1306.04
1320.65
1334.74
1348.27
1361.21
1373.50
1385.07
1395.88
1405.84
1414.86
1422.87
1429.75
1435.42
1439.77
1442.72
1444.21
990.72
1010.48
1030.14
1049.68
1069.09
1088.34
1107.42
1126.30
1144.97
1163.40
1181.58
1199.48
1217.09
1234.39
1251.36
1267.97
1284.20
1300.03
1315.42
1330.36
1344.80
1358.72
1372.06
1384.77
1396.80
1408.08
1418.52
1428.04
1436.54
1443.89
1449.97
1454.67
1457.87
1459.49
995.99
1015.88
1035.68
1055.37
1074.93
1094.33
1113.57
1132.61
1151.45
1170.06
1188.43
1206.53
1224.35
1241.86
1259.06
1275.92
1292.42
1308.54
1324.24
1339.51
1354.31
1368.61
1382.37
1395.53
1408.04
1419.83
1430.82
1440.90
1449.96
1457.85
1464.44
1469.57
1473.08
1474.87
1000.83
1020.85
1040.78
1060.60
1080.30
1099.84
1119.23
1138.43
1157.42
1176.20
1194.74
1213.03
1231.05
1248.78
1266.20
1283.30
1300.06
1316.45
1332.46
1348.06
1363.22
1377.92
1392.10
1405.73
1418.76
1431.10
1442.68
1453.39
1463.10
1471.64
1478.85
1484.51
1488.43
1490.43
1005.23
1025.37
1045.42
1065.37
1085.19
1104.87
1124.38
1143.73
1162.87
1181.81
1200.51
1218.97
1237.18
1255.11
1272.74
1290.07
1307.08
1323.74
1340.05
1355.97
1371.49
1386.58
1401.20
1415.31
1428.87
1441.80
1454.03
1465.45
1475.91
1485.24
1493.21
1499.57
1504.02
1506.32
1009.20
1029.44
1049.60
1069.65
1089.59
1109.39
1129.03
1148.50
1167.78
1186.86
1205.72
1224.34
1242.72
1260.83
1278.67
1296.22
1313.46
1330.38
1346.97
1363.21
1379.07
1394.55
1409.60
1424.21
1438.31
1451.87
1464.80
1477.00
1488.33
1498.59
1507.53
1514.79
1519.98
1522.71
1012.71
1033.05
1053.30
1073.46
1093.50
1113.40
1133.16
1152.74
1172.15
1191.36
1210.35
1229.12
1247.66
1265.94
1283.96
1301.70
1319.16
1336.33
1353.18
1369.72
1385.92
1401.77
1417.25
1432.34
1447.00
1461.20
1474.87
1487.93
1500.25
1511.63
1521.78
1530.27
1536.47
1539.85
1015.77
1036.19
1056.52
1076.77
1096.90
1116.90
1136.75
1156.44
1175.95
1195.28
1214.39
1233.30
1251.97
1270.40
1288.59
1306.51
1324.17
1341.56
1358.66
1375.46
1391.97
1408.18
1424.06
1439.62
1454.84
1469.68
1484.11
1498.08
1511.49
1524.18
1535.88
1546.09
1553.55
1557.85
1018.37
1038.85
1059.26
1079.58
1099.79
1119.87
1139.80
1159.58
1179.19
1198.61
1217.84
1236.85
1255.65
1274.21
1292.54
1310.63
1328.46
1346.04
1363.35
1380.41
1397.20
1413.72
1429.98
1445.98
1461.71
1477.17
1492.36
1507.26
1521.83
1536.00
1549.72
1562.84
1570.92
1574.88
1020.50
1041.04
1061.51
1081.89
1102.16
1122.31
1142.31
1162.17
1181.85
1201.35
1220.67
1239.78
1258.67
1277.35
1295.80
1314.02
1332.00
1349.74
1367.24
1384.51
1401.54
1418.35
1434.94
1451.32
1467.52
1483.55
1499.44
1515.22
1530.93
1546.65
1562.91
1574.48
1581.57
1584.95
1022.16
1042.75
1063.26
1083.69
1104.01
1124.21
1144.27
1164.18
1183.93
1203.50
1222.88
1242.06
1261.04
1279.80
1298.35
1316.67
1334.77
1352.65
1370.30
1387.74
1404.97
1422.00
1438.86
1455.57
1472.16
1488.67
1505.16
1521.71
1538.42
1555.29
1571.53
1581.98
1588.28
1591.27
1023.35
1043.97
1064.52
1084.98
1105.34
1125.57
1145.67
1165.62
1185.41
1205.03
1224.46
1243.70
1262.74
1281.56
1300.18
1318.58
1336.77
1354.74
1372.50
1390.07
1407.44
1424.65
1441.71
1458.66
1475.54
1492.42
1509.37
1526.54
1544.16
1562.89
1577.12
1586.62
1592.40
1595.13
1024.06
1044.70
1065.27
1085.75
1106.13
1126.39
1146.51
1166.49
1186.31
1205.95
1225.41
1244.68
1263.75
1282.62
1301.28
1319.73
1337.97
1356.00
1373.83
1391.47
1408.93
1426.25
1443.43
1460.53
1477.60
1494.70
1511.94
1529.46
1547.53
1566.61
1580.12
1589.13
1594.63
1597.23
1024.30
1044.94
1065.52
1086.01
1106.40
1126.66
1146.79
1166.78
1186.60
1206.26
1225.73
1245.01
1264.09
1282.97
1301.65
1320.11
1338.37
1356.42
1374.27
1391.94
1409.43
1426.78
1444.01
1461.16
1478.29
1495.46
1512.80
1530.44
1548.62
1567.73
1581.05
1589.93
1595.33
1597.89
1024.06
1044.70
1065.27
1085.75
1106.13
1126.39
1146.51
1166.49
1186.30
1205.95
1225.41
1244.68
1263.75
1282.62
1301.28
1319.73
1337.96
1355.99
1373.83
1391.47
1408.93
1426.24
1443.43
1460.53
1477.59
1494.69
1511.93
1529.46
1547.52
1566.60
1580.11
1589.13
1594.62
1597.22
1023.34
1043.96
1064.51
1084.98
1105.33
1125.57
1145.67
1165.62
1185.41
1205.02
1224.46
1243.69
1262.73
1281.56
1300.17
1318.58
1336.76
1354.73
1372.49
1390.06
1407.43
1424.64
1441.70
1458.65
1475.53
1492.40
1509.36
1526.52
1544.14
1562.87
1577.10
1586.61
1592.39
1595.12
1022.15
1042.74
1063.26
1083.68
1104.01
1124.20
1144.26
1164.17
1183.92
1203.49
1222.87
1242.05
1261.03
1279.80
1298.34
1316.66
1334.76
1352.64
1370.29
1387.73
1404.96
1421.99
1438.85
1455.56
1472.14
1488.65
1505.14
1521.69
1538.39
1555.26
1571.50
1581.96
1588.26
1591.25
1020.49
1041.03
1061.50
1081.88
1102.15
1122.30
1142.30
1162.16
1181.84
1201.34
1220.66
1239.76
1258.66
1277.34
1295.79
1314.00
1331.99
1349.73
1367.23
1384.49
1401.53
1418.33
1434.92
1451.30
1467.50
1483.52
1499.41
1515.19
1530.89
1546.61
1562.87
1574.46
1581.55
1584.92
1018.36
1038.84
1059.25
1079.57
1099.78
1119.86
1139.79
1159.57
1179.18
1198.60
1217.82
1236.84
1255.63
1274.20
1292.53
1310.61
1328.44
1346.02
1363.33
1380.39
1397.18
1413.70
1429.96
1445.95
1461.68
1477.14
1492.33
1507.22
1521.79
1535.96
1549.68
1562.81
1570.90
1574.85
1015.76
1036.17
1056.51
1076.76
1096.88
1116.88
1136.74
1156.43
1175.94
1195.26
1214.38
1233.28
1251.95
1270.39
1288.57
1306.50
1324.15
1341.53
1358.63
1375.44
1391.95
1408.15
1424.04
1439.59
1454.80
1469.65
1484.08
1498.05
1511.45
1524.14
1535.84
1546.05
1553.51
1557.82
1012.70
1033.03
1053.29
1073.44
1093.48
1113.39
1133.14
1152.73
1172.13
1191.34
1210.33
1229.10
1247.64
1265.92
1283.94
1301.68
1319.14
1336.30
1353.16
1369.69
1385.89
1401.74
1417.22
1432.30
1446.97
1461.16
1474.83
1487.89
1500.20
1511.58
1521.73
1530.22
1536.43
1539.80
1009.18
1029.42
1049.58
1069.64
1089.57
1109.37
1129.01
1148.48
1167.76
1186.84
1205.70
1224.32
1242.70
1260.81
1278.64
1296.19
1313.43
1330.35
1346.94
1363.18
1379.04
1394.51
1409.57
1424.17
1438.28
1451.83
1464.76
1476.96
1488.29
1498.55
1507.48
1514.74
1519.93
1522.65
1005.22
1025.35
1045.40
1065.35
1085.17
1104.85
1124.36
1143.70
1162.85
1181.78
1200.49
1218.95
1237.15
1255.08
1272.72
1290.04
1307.05
1323.71
1340.02
1355.94
1371.46
1386.54
1401.16
1415.27
1428.83
1441.76
1453.99
1465.40
1475.86
1485.19
1493.16
1499.52
1503.97
1506.26
1000.81
1020.83
1040.76
1060.58
1080.28
1099.82
1119.20
1138.40
1157.40
1176.17
1194.72
1213.00
1231.02
1248.75
1266.17
1283.27
1300.03
1316.42
1332.43
1348.03
1363.19
1377.88
1392.06
1405.69
1418.71
1431.05
1442.63
1453.34
1463.05
1471.59
1478.80
1484.46
1488.38
1490.38
995.97
1015.86
1035.66
1055.35
1074.90
1094.31
1113.54
1132.59
1151.42
1170.03
1188.40
1206.50
1224.32
1241.83
1259.03
1275.89
1292.39
1308.50
1324.20
1339.47
1354.27
1368.57
1382.33
1395.49
1408.00
1419.79
1430.77
1440.85
1449.90
1457.80
1464.39
1469.51
1473.03
1474.81
990.70
1010.45
1030.11
1049.66
1069.07
1088.32
1107.39
1126.27
1144.94
1163.37
1181.55
1199.45
1217.06
1234.36
1251.32
1267.93
1284.16
1299.99
1315.38
1330.32
1344.76
1358.67
1372.01
1384.72
1396.75
1408.03
1418.47
1427.99
1436.48
1443.83
1449.92
1454.61
1457.81
1459.43
985.01
1004.62
1024.13
1043.52
1062.77
1081.86
1100.77
1119.47
1137.96
1156.20
1174.18
1191.88
1209.27
1226.34
1243.06
1259.42
1275.37
1290.91
1306.00
1320.60
1334.69
1348.23
1361.16
1373.44
1385.02
1395.82
1405.78
1414.81
1422.81
1429.69
1435.36
1439.71
1442.66
1444.15
978.91
998.37
1017.72
1036.95
1056.03
1074.95
1093.68
1112.20
1130.50
1148.54
1166.32
1183.80
1200.97
1217.81
1234.28
1250.38
1266.06
1281.30
1296.08
1310.36
1324.10
1337.27
1349.82
1361.70
1372.85
1383.22
1392.74
1401.32
1408.90
1415.39
1420.70
1424.76
1427.51
1428.89
972.42
991.71
1010.89
1029.95
1048.85
1067.59
1086.14
1104.47
1122.57
1140.41
1157.98
1175.24
1192.18
1208.78
1225.00
1240.83
1256.24
1271.19
1285.66
1299.62
1313.03
1325.84
1338.02
1349.52
1360.28
1370.25
1379.37
1387.56
1394.77
1400.91
1405.92
1409.74
1412.32
1413.61
965.54
984.65
1003.66
1022.53
1041.26
1059.81
1078.16
1096.30
1114.19
1131.83
1149.17
1166.21
1182.92
1199.27
1215.24
1230.81
1245.93
1260.60
1274.77
1288.42
1301.50
1313.97
1325.80
1336.94
1347.34
1356.95
1365.70
1373.54
1380.41
1386.26
1391.01
1394.62
1397.06
1398.28
958.28
977.21
996.03
1014.72
1033.26
1051.61
1069.77
1087.70
1105.38
1122.80
1139.92
1156.73
1173.20
1189.31
1205.02
1220.32
1235.18
1249.56
1263.44
1276.77
1289.54
1301.69
1313.19
1323.99
1334.05
1343.32
1351.74
1359.27
1365.85
1371.43
1375.96
1379.39
1381.70
1382.86
950.65
969.40
988.03
1006.52
1024.86
1043.01
1060.96
1078.68
1096.15
1113.35
1130.25
1146.82
1163.05
1178.91
1194.37
1209.41
1223.99
1238.09
1251.68
1264.72
1277.18
1289.02
1300.21
1310.69
1320.44
1329.40
1337.52
1344.76
1351.08
1356.42
1360.75
1364.03
1366.23
1367.33
942.68
961.23
979.66
997.95
1016.08
1034.03
1051.77
1069.27
1086.52
1103.49
1120.16
1136.50
1152.49
1168.10
1183.30
1198.08
1212.39
1226.22
1239.52
1252.28
1264.45
1275.99
1286.88
1297.07
1306.52
1315.19
1323.04
1330.02
1336.10
1341.23
1345.39
1348.53
1350.64
1351.69
934.36
952.71
970.93
989.02
1006.94
1024.67
1042.19
1059.48
1076.51
1093.25
1109.68
1125.79
1141.53
1156.89
1171.84
1186.36
1200.41
1213.96
1226.99
1239.47
1251.36
1262.62
1273.22
1283.13
1292.31
1300.71
1308.31
1315.05
1320.92
1325.86
1329.86
1332.88
1334.90
1335.92
925.72
943.85
961.87
979.74
997.45
1014.96
1032.26
1049.32
1066.12
1082.63
1098.83
1114.69
1130.20
1145.31
1160.01
1174.27
1188.06
1201.35
1214.11
1226.32
1237.93
1248.93
1259.26
1268.91
1277.82
1285.98
1293.34
1299.87
1305.54
1310.31
1314.17
1317.08
1319.03
1320.00
916.76
934.68
952.48
970.13
987.62
1004.91
1021.98
1038.82
1055.38
1071.66
1087.62
1103.25
1118.50
1133.37
1147.82
1161.82
1175.36
1188.39
1200.89
1212.84
1224.19
1234.93
1245.01
1254.40
1263.08
1271.01
1278.15
1284.48
1289.97
1294.58
1298.31
1301.12
1303.00
1303.94
907.50
925.20
942.78
960.21
977.47
994.53
1011.38
1027.98
1044.31
1060.35
1076.08
1091.46
1106.47
1121.09
1135.30
1149.05
1162.33
1175.11
1187.36
1199.05
1210.16
1220.64
1230.48
1239.64
1248.09
1255.80
1262.74
1268.88
1274.21
1278.68
1282.29
1285.01
1286.82
1287.73
897.96
915.43
932.78
949.98
967.01
983.84
1000.46
1016.82
1032.92
1048.73
1064.21
1079.35
1094.12
1108.50
1122.46
1135.96
1149.00
1161.53
1173.53
1184.98
1195.84
1206.09
1215.70
1224.63
1232.87
1240.37
1247.12
1253.10
1258.26
1262.60
1266.10
1268.74
1270.50
1271.38
888.15
905.39
922.50
939.47
956.27
972.86
989.24
1005.37
1021.23
1036.80
1052.04
1066.94
1081.47
1095.61
1109.32
1122.58
1135.37
1147.67
1159.43
1170.64
1181.27
1191.29
1200.67
1209.39
1217.42
1224.74
1231.31
1237.12
1242.14
1246.36
1249.76
1252.32
1254.03
1254.88
878.08
895.08
911.96
928.69
945.25
961.61
977.75
993.64
1009.26
1024.59
1039.59
1054.25
1068.54
1082.43
1095.90
1108.93
1121.48
1133.53
1145.06
1156.04
1166.45
1176.24
1185.42
1193.93
1201.77
1208.90
1215.31
1220.97
1225.86
1229.96
1233.26
1235.75
1237.41
1238.24
867.77
884.53
901.17
917.66
933.97
950.09
965.99
981.64
997.02
1012.11
1026.87
1041.29
1055.34
1068.99
1082.23
1095.01
1107.33
1119.15
1130.46
1141.21
1151.40
1160.98
1169.95
1178.27
1185.92
1192.88
1199.13
1204.65
1209.41
1213.41
1216.62
1219.04
1220.66
1221.46
857.24
873.75
890.14
906.39
922.46
938.34
953.99
969.40
984.54
999.38
1013.90
1028.08
1041.89
1055.31
1068.31
1080.86
1092.95
1104.55
1115.62
1126.16
1136.13
1145.52
1154.29
1162.42
1169.90
1176.69
1182.79
1188.17
1192.81
1196.71
1199.84
1202.19
1203.77
1204.56
846.50
862.76
878.91
894.90
910.73
926.36
941.77
956.93
971.83
986.43
1000.71
1014.65
1028.22
1041.40
1054.17
1066.49
1078.35
1089.72
1100.59
1110.91
1120.68
1129.86
1138.44
1146.40
1153.70
1160.34
1166.30
1171.55
1176.08
1179.87
1182.93
1185.22
1186.76
1187.53
835.57
851.58
867.47
883.21
898.79
914.17
929.33
944.25
958.90
973.26
987.30
1001.00
1014.34
1027.29
1039.82
1051.92
1063.56
1074.71
1085.36
1095.48
1105.04
1114.04
1122.43
1130.21
1137.36
1143.84
1149.66
1154.79
1159.21
1162.92
1165.90
1168.14
1169.63
1170.38
824.46
840.21
855.85
871.34
886.67
901.80
916.71
931.38
945.79
959.90
973.70
987.17
1000.27
1012.98
1025.29
1037.16
1048.58
1059.52
1069.96
1079.88
1089.25
1098.05
1106.27
1113.88
1120.87
1127.22
1132.90
1137.91
1142.23
1145.85
1148.76
1150.94
1152.40
1153.13
813.20
828.69
844.07
859.31
874.38
889.25
903.92
918.34
932.50
946.37
959.94
973.16
986.03
998.51
1010.59
1022.25
1033.45
1044.18
1054.41
1064.13
1073.31
1081.93
1089.98
1097.43
1104.27
1110.47
1116.03
1120.93
1125.15
1128.68
1131.52
1133.66
1135.08
1135.80
801.80
817.03
832.15
847.13
861.94
876.56
890.98
905.15
919.06
932.69
946.01
959.00
971.64
983.90
995.75
1007.19
1018.18
1028.70
1038.73
1048.26
1057.25
1065.70
1073.58
1080.87
1087.56
1093.63
1099.06
1103.85
1107.98
1111.43
1114.21
1116.29
1117.69
1118.38
790.28
805.25
820.10
834.82
849.37
863.74
877.90
891.83
905.49
918.88
931.96
944.72
957.12
969.15
980.79
992.00
1002.78
1013.10
1022.94
1032.27
1041.08
1049.36
1057.07
1064.21
1070.76
1076.70
1082.02
1086.70
1090.73
1094.11
1096.82
1098.86
1100.23
1100.91
778.67
793.36
807.95
822.41
836.70
850.81
864.72
878.39
891.82
904.96
917.80
930.32
942.50
954.30
965.72
976.72
987.29
997.41
1007.05
1016.20
1024.83
1032.94
1040.49
1047.48
1053.89
1059.70
1064.91
1069.49
1073.43
1076.74
1079.39
1081.39
1082.72
1083.38
766.97
781.40
795.72
809.91
823.94
837.80
851.45
864.87
878.05
890.95
903.55
915.84
927.78
939.37
950.56
961.36
971.72
981.64
991.09
1000.06
1008.52
1016.46
1023.86
1030.70
1036.97
1042.66
1047.76
1052.24
1056.10
1059.33
1061.92
1063.88
1065.18
1065.83
755.21
769.37
783.42
797.34
811.12
824.71
838.11
851.28
864.21
876.87
889.24
901.29
913.01
924.37
935.35
945.93
956.10
965.82
975.08
983.87
992.16
999.94
1007.18
1013.89
1020.03
1025.60
1030.58
1034.97
1038.74
1041.91
1044.44
1046.35
1047.63
1048.26
743.42
757.30
771.08
784.74
798.25
811.58
824.72
837.65
850.33
862.75
874.88
886.70
898.19
909.33
920.10
930.48
940.44
949.97
959.05
967.66
975.78
983.40
990.50
997.06
1003.07
1008.53
1013.40
1017.70
1021.39
1024.49
1026.97
1028.84
1030.08
1030.71
731.61
745.21
758.72
772.11
785.36
798.43
811.32
823.99
836.43
848.61
860.50
872.09
883.36
894.28
904.84
915.01
924.78
934.11
943.01
951.45
959.40
966.86
973.82
980.24
986.13
991.47
996.24
1000.45
1004.06
1007.09
1009.52
1011.35
1012.57
1013.18
719.80
733.13
746.37
759.49
772.47
785.29
797.92
810.34
822.53
834.47
846.13
857.49
868.54
879.24
889.59
899.56
909.13
918.28
926.99
935.26
943.05
950.36
957.17
963.46
969.23
974.46
979.13
983.24
986.78
989.75
992.13
993.91
995.11
995.70
708.02
721.08
734.04
746.89
759.61
772.17
784.54
796.72
808.66
820.36
831.79
842.92
853.75
864.24
874.38
884.14
893.52
902.49
911.02
919.12
926.75
933.91
940.58
946.74
952.39
957.51
962.08
966.11
969.57
972.47
974.80
976.55
977.72
978.30
696.30
709.07
721.76
734.35
746.80
759.10
771.22
783.14
794.85
806.31
817.50
828.41
839.02
849.30
859.23
868.80
877.98
886.76
895.13
903.06
910.53
917.55
924.07
930.11
935.64
940.65
945.13
949.07
952.46
955.30
957.58
959.29
960.44
961.01
684.64
697.14
709.56
721.88
734.06
746.11
757.97
769.65
781.11
792.33
803.30
813.99
824.37
834.44
844.17
853.54
862.54
871.14
879.33
887.10
894.42
901.29
907.68
913.59
919.00
923.91
928.29
932.15
935.47
938.25
940.48
942.16
943.28
943.84
673.09
685.31
697.46
709.51
721.43
733.22
744.83
756.26
767.48
778.47
789.21
799.67
809.85
819.71
829.23
838.41
847.22
855.65
863.67
871.27
878.44
885.17
891.43
897.21
902.51
907.32
911.61
915.39
918.64
921.36
923.54
925.18
926.28
926.83
661.66
673.61
685.48
697.27
708.93
720.46
731.83
743.01
753.99
764.75
775.26
785.51
795.46
805.12
814.45
823.43
832.06
840.31
848.17
855.61
862.63
869.22
875.35
881.01
886.20
890.90
895.10
898.80
901.99
904.65
906.79
908.39
909.47
910.00
650.38
662.06
673.66
685.18
696.59
707.86
718.98
729.92
740.67
751.19
761.48
771.51
781.26
790.71
799.84
808.64
817.09
825.16
832.85
840.14
847.02
853.46
859.47
865.01
870.09
874.70
878.81
882.43
885.55
888.16
890.25
891.82
892.87
893.39
639.28
650.68
662.02
673.28
684.43
695.45
706.33
717.03
727.54
737.84
747.90
757.72
767.26
776.51
785.45
794.06
802.33
810.24
817.77
824.90
831.63
837.94
843.82
849.25
854.23
858.73
862.76
866.31
869.36
871.91
873.96
875.50
876.53
877.04
628.38
639.51
650.59
661.59
672.48
683.26
693.89
704.36
714.64
724.71
734.56
744.16
753.49
762.55
771.30
779.73
787.82
795.56
802.94
809.92
816.51
822.69
828.45
833.76
838.63
843.05
846.99
850.46
853.45
855.95
857.95
859.46
860.47
860.97
617.71
628.58
639.39
650.14
660.78
671.31
681.71
691.94
701.99
711.84
721.48
730.87
740.01
748.86
757.43
765.68
773.60
781.18
788.40
795.24
801.69
807.74
813.38
818.58
823.35
827.67
831.53
834.93
837.86
840.31
842.27
843.75
844.73
845.22
607.29
617.90
628.47
638.96
649.36
659.65
669.80
679.81
689.64
699.27
708.69
717.88
726.82
735.49
743.87
751.95
759.71
767.13
774.19
780.89
787.21
793.13
798.65
803.75
808.42
812.65
816.43
819.76
822.62
825.02
826.94
828.39
829.36
829.84
597.17
607.52
617.83
628.08
638.24
648.29
658.22
667.99
677.61
687.03
696.25
705.24
713.98
722.47
730.67
738.58
746.17
753.43
760.35
766.91
773.09
778.90
784.30
789.29
793.87
798.01
801.72
804.98
807.78
810.13
812.01
813.43
814.38
814.85
587.35
597.46
607.52
617.53
627.45
637.27
646.97
656.53
665.93
675.15
684.16
692.96
701.52
709.82
717.85
725.59
733.02
740.14
746.91
753.34
759.39
765.08
770.37
775.26
779.74
783.80
787.43
790.63
793.38
795.68
797.52
798.91
799.84
800.30
577.88
587.74
597.57
607.34
617.03
626.63
636.11
645.46
654.65
663.66
672.48
681.09
689.47
697.60
705.46
713.04
720.32
727.28
733.92
740.21
746.15
751.71
756.90
761.69
766.08
770.06
773.62
776.75
779.44
781.70
783.51
784.87
785.77
786.23
568.78
578.40
588.00
597.54
607.01
616.39
625.66
634.80
643.79
652.61
661.24
669.67
677.87
685.83
693.53
700.95
708.08
714.90
721.41
727.57
733.39
738.84
743.93
748.62
752.93
756.83
760.32
763.38
766.03
768.24
770.01
771.35
772.24
772.68
560.08
569.47
578.84
588.17
597.43
606.60
615.66
624.60
633.40
642.03
650.48
658.73
666.76
674.55
682.10
689.37
696.36
703.04
709.42
715.46
721.16
726.51
731.50
736.10
740.32
744.15
747.57
750.58
753.17
755.34
757.08
758.39
759.26
759.70
551.80
560.98
570.13
579.25
588.30
597.27
606.14
614.89
623.50
631.95
640.23
648.31
656.17
663.81
671.20
678.33
685.18
691.74
697.99
703.92
709.51
714.76
719.65
724.17
728.31
732.06
735.42
738.37
740.92
743.04
744.75
746.04
746.89
747.32
543.98
552.95
561.90
570.81
579.67
588.45
597.13
605.70
614.13
622.41
630.52
638.44
646.15
653.64
660.89
667.88
674.60
681.04
687.17
692.99
698.48
703.63
708.43
712.86
716.93
720.61
723.91
726.81
729.31
731.40
733.07
734.33
735.18
735.60
536.64
545.41
554.17
562.89
571.56
580.16
588.66
597.06
605.32
613.44
621.39
629.16
636.73
644.08
651.19
658.05
664.65
670.97
676.99
682.70
688.09
693.15
697.87
702.23
706.22
709.84
713.08
715.93
718.39
720.44
722.09
723.33
724.15
724.57
529.80
538.39
546.96
555.51
564.01
572.43
580.77
589.01
597.11
605.08
612.88
620.51
627.94
635.16
642.14
648.89
655.37
661.58
667.49
673.11
678.41
683.38
688.02
692.30
696.23
699.79
702.98
705.78
708.20
710.22
711.84
713.06
713.87
714.28
523.50
531.91
540.32
548.70
557.03
565.30
573.49
581.57
589.53
597.36
605.03
612.52
619.82
626.92
633.79
640.42
646.79
652.90
658.72
664.24
669.46
674.35
678.92
683.13
687.00
690.51
693.64
696.40
698.78
700.77
702.36
703.56
704.36
704.76
522.48
530.89
539.30
547.69
556.03
564.30
572.49
580.59
588.56
596.39
604.07
611.57
618.89
625.99
632.88
639.52
645.90
652.02
657.86
663.39
668.62
673.53
678.10
682.33
686.20
689.71
692.86
695.62
698.01
700.00
701.60
702.80
703.61
704.01
528.80
537.39
545.97
554.52
563.02
571.46
579.81
588.05
596.17
604.15
611.96
619.60
627.04
634.27
641.27
648.03
654.52
660.74
666.67
672.30
677.62
682.60
687.25
691.54
695.48
699.05
702.24
705.06
707.48
709.50
711.13
712.35
713.16
713.57
535.66
544.43
553.20
561.93
570.61
579.21
587.73
596.13
604.41
612.54
620.51
628.29
635.87
643.23
650.36
657.24
663.85
670.18
676.22
681.94
687.35
692.42
697.15
701.52
705.52
709.15
712.40
715.26
717.72
719.78
721.43
722.67
723.50
723.92
543.02
552.00
560.96
569.88
578.74
587.53
596.23
604.81
613.25
621.55
629.67
637.61
645.34
652.84
660.11
667.11
673.85
680.30
686.45
692.28
697.78
702.95
707.76
712.21
716.28
719.98
723.28
726.19
728.70
730.79
732.48
733.74
734.58
735.01
550.87
560.05
569.22
578.34
587.41
596.39
605.27
614.04
622.66
631.13
639.42
647.52
655.40
663.06
670.47
677.61
684.48
691.05
697.32
703.26
708.87
714.13
719.04
723.57
727.72
731.49
734.85
737.82
740.37
742.50
744.21
745.50
746.36
746.79
559.17
568.58
577.96
587.29
596.57
605.75
614.83
623.79
632.60
641.25
649.72
657.99
666.04
673.85
681.41
688.70
695.71
702.41
708.80
714.86
720.58
725.95
730.94
735.56
739.80
743.63
747.06
750.08
752.68
754.86
756.60
757.92
758.79
759.23
567.90
577.54
587.14
596.70
606.19
615.59
624.87
634.03
643.04
651.88
660.53
668.97
677.19
685.17
692.89
700.33
707.48
714.33
720.85
727.03
732.87
738.34
743.43
748.15
752.46
756.38
759.88
762.95
765.61
767.82
769.60
770.94
771.83
772.28
577.03
586.90
596.74
606.53
616.24
625.86
635.36
644.73
653.94
662.97
671.82
680.45
688.84
696.99
704.88
712.48
719.78
726.76
733.42
739.73
745.68
751.27
756.47
761.28
765.68
769.67
773.24
776.38
779.09
781.35
783.17
784.53
785.44
785.90
586.53
596.65
606.73
616.76
626.70
636.54
646.26
655.85
665.27
674.51
683.54
692.36
700.95
709.27
717.32
725.09
732.54
739.68
746.47
752.92
759.00
764.70
770.01
774.91
779.41
783.48
787.13
790.33
793.09
795.40
797.25
798.64
799.57
800.04
596.37
606.75
617.08
627.34
637.52
647.60
657.55
667.35
676.99
686.43
695.68
704.69
713.46
721.97
730.20
738.13
745.75
753.03
759.97
766.55
772.76
778.58
784.00
789.01
793.60
797.76
801.48
804.75
807.57
809.92
811.82
813.24
814.19
814.66
606.53
617.16
627.75
638.26
648.68
659.00
669.18
679.21
689.06
698.73
708.18
717.39
726.36
735.05
743.46
751.56
759.34
766.79
773.88
780.60
786.94
792.88
798.42
803.53
808.22
812.47
816.26
819.61
822.48
824.89
826.82
828.27
829.24
829.72
616.98
627.87
638.71
649.48
660.15
670.71
681.13
691.39
701.47
711.35
721.01
730.43
739.60
748.48
757.07
765.35
773.30
780.91
788.15
795.01
801.49
807.56
813.22
818.44
823.23
827.56
831.44
834.85
837.79
840.25
842.22
843.70
844.69
845.18
627.68
638.84
649.94
660.97
671.89
682.70
693.36
703.85
714.16
724.26
734.14
743.77
753.14
762.22
771.00
779.46
787.58
795.35
802.75
809.76
816.38
822.58
828.35
833.69
838.58
843.01
846.97
850.45
853.45
855.96
857.98
859.49
860.50
861.01
638.61
650.04
661.41
672.70
683.88
694.93
705.84
716.57
727.11
737.44
747.54
757.39
766.96
776.24
785.21
793.85
802.15
810.09
817.65
824.81
831.57
837.90
843.80
849.25
854.25
858.77
862.82
866.37
869.44
872.00
874.06
875.60
876.64
877.15
649.75
661.45
673.09
684.64
696.08
707.39
718.54
729.51
740.29
750.85
761.17
771.23
781.02
790.50
799.67
808.50
816.97
825.08
832.80
840.12
847.02
853.49
859.52
865.09
870.19
874.81
878.94
882.57
885.70
888.32
890.42
892.00
893.06
893.58
661.07
673.04
684.95
696.77
708.47
720.03
731.43
742.65
753.67
764.46
775.01
785.29
795.28
804.97
814.33
823.35
832.01
840.29
848.18
855.65
862.70
869.31
875.47
881.16
886.37
891.09
895.31
899.02
902.22
904.89
907.04
908.65
909.73
910.27
672.53
684.78
696.97
709.05
721.01
732.83
744.49
755.95
767.21
778.24
789.01
799.51
809.72
819.62
829.18
838.39
847.24
855.70
863.75
871.39
878.59
885.34
891.62
897.43
902.75
907.58
911.89
915.68
918.95
921.68
923.87
925.52
926.62
927.17
684.12
696.65
709.11
721.46
733.69
745.76
757.67
769.39
780.89
792.15
803.15
813.88
824.31
834.41
844.18
853.59
862.62
871.26
879.48
887.28
894.63
901.53
907.95
913.88
919.32
924.24
928.65
932.52
935.86
938.65
940.89
942.57
943.70
944.26
695.81
708.62
721.35
733.97
746.46
758.80
770.96
782.93
794.67
806.17
817.41
828.36
839.01
849.33
859.30
868.90
878.13
886.94
895.34
903.31
910.81
917.85
924.41
930.47
936.03
941.06
945.56
949.52
952.92
955.78
958.07
959.79
960.93
961.51
707.57
720.66
733.66
746.56
759.32
771.92
784.33
796.55
808.54
820.28
831.75
842.93
853.80
864.33
874.51
884.31
893.73
902.73
911.31
919.44
927.10
934.29
940.99
947.18
952.85
957.99
962.59
966.63
970.11
973.03
975.37
977.12
978.30
978.88
719.38
732.75
746.03
759.20
772.22
785.08
797.76
810.22
822.46
834.44
846.15
857.55
868.64
879.39
889.78
899.79
909.40
918.59
927.34
935.64
943.47
950.81
957.65
963.97
969.77
975.01
979.71
983.84
987.40
990.38
992.77
994.56
995.76
996.36
731.22
744.87
758.43
771.86
785.15
798.27
811.21
823.93
836.41
848.63
860.57
872.21
883.53
894.49
905.09
915.31
925.11
934.49
943.43
951.90
959.89
967.39
974.37
980.83
986.74
992.10
996.90
1001.12
1004.76
1007.80
1010.24
1012.08
1013.30
1013.91
743.07
757.00
770.82
784.53
798.08
811.47
824.66
837.63
850.36
862.83
875.00
886.88
898.41
909.60
920.41
930.83
940.84
950.41
959.53
968.18
976.34
983.99
991.12
997.71
1003.76
1009.23
1014.13
1018.45
1022.16
1025.27
1027.77
1029.64
1030.90
1031.52
754.90
769.10
783.20
797.17
810.99
824.64
838.09
851.31
864.29
877.00
889.42
901.52
913.29
924.69
935.72
946.35
956.56
966.32
975.63
984.46
992.78
1000.60
1007.88
1014.61
1020.78
1026.38
1031.39
1035.79
1039.59
1042.77
1045.32
1047.24
1048.52
1049.16
766.69
781.17
795.54
809.78
823.86
837.77
851.47
864.95
878.17
891.13
903.78
916.12
928.12
939.75
951.00
961.83
972.25
982.21
991.70
1000.71
1009.21
1017.19
1024.62
1031.50
1037.80
1043.52
1048.64
1053.14
1057.02
1060.27
1062.88
1064.84
1066.15
1066.80
778.42
793.17
807.81
822.32
836.66
850.83
864.79
878.52
891.99
905.19
918.09
930.66
942.88
954.74
966.21
977.26
987.88
998.04
1007.73
1016.92
1025.59
1033.74
1041.33
1048.35
1054.79
1060.63
1065.86
1070.47
1074.43
1077.75
1080.42
1082.42
1083.76
1084.43
790.08
805.09
820.00
834.77
849.38
863.80
878.02
892.00
905.72
919.16
932.30
945.11
957.56
969.65
981.33
992.60
1003.43
1013.79
1023.68
1033.06
1041.91
1050.22
1057.98
1065.15
1071.73
1077.70
1083.05
1087.75
1091.81
1095.20
1097.93
1099.98
1101.35
1102.03
801.63
816.91
832.08
847.12
861.98
876.67
891.13
905.37
919.34
933.02
946.40
959.45
972.14
984.45
996.36
1007.84
1018.88
1029.45
1039.53
1049.10
1058.14
1066.63
1074.55
1081.88
1088.60
1094.70
1100.17
1104.98
1109.13
1112.60
1115.39
1117.49
1118.89
1119.59
813.06
828.61
844.04
859.34
874.46
889.40
904.12
918.60
932.82
946.75
960.37
973.65
986.58
999.12
1011.25
1022.96
1034.21
1044.99
1055.28
1065.04
1074.27
1082.94
1091.02
1098.51
1105.38
1111.62
1117.21
1122.13
1126.37
1129.93
1132.78
1134.93
1136.36
1137.08
824.35
840.16
855.86
871.41
886.79
901.98
916.96
931.69
946.15
960.33
974.19
987.71
1000.87
1013.64
1026.00
1037.93
1049.41
1060.40
1070.89
1080.85
1090.27
1099.12
1107.38
1115.03
1122.06
1128.44
1134.15
1139.19
1143.53
1147.17
1150.09
1152.29
1153.76
1154.49
835.49
851.56
867.51
883.32
898.95
914.40
929.62
944.60
959.31
973.73
987.83
1001.59
1014.99
1028.00
1040.59
1052.74
1064.44
1075.65
1086.35
1096.52
1106.13
1115.17
1123.61
1131.43
1138.61
1145.14
1150.98
1156.14
1160.59
1164.31
1167.31
1169.56
1171.07
1171.82
846.45
862.78
878.98
895.04
910.93
926.62
942.09
957.32
972.28
986.94
1001.29
1015.29
1028.92
1042.16
1054.99
1067.37
1079.29
1090.72
1101.63
1112.01
1121.83
1131.06
1139.68
1147.68
1155.03
1161.70
1167.69
1172.97
1177.53
1181.35
1184.42
1186.73
1188.27
1189.04
857.23
873.80
890.26
906.56
922.70
938.64
954.36
969.83
985.03
999.94
1014.53
1028.77
1042.64
1056.12
1069.18
1081.80
1093.94
1105.60
1116.73
1127.32
1137.35
1146.78
1155.59
1163.77
1171.29
1178.12
1184.26
1189.67
1194.34
1198.25
1201.40
1203.77
1205.36
1206.15
867.79
884.61
901.31
917.87
934.25
950.43
966.40
982.11
997.56
1012.71
1027.54
1042.02
1056.14
1069.85
1083.15
1096.00
1108.38
1120.26
1131.62
1142.43
1152.67
1162.31
1171.32
1179.69
1187.39
1194.39
1200.67
1206.22
1211.01
1215.03
1218.26
1220.70
1222.32
1223.14
878.13
895.19
912.14
928.93
945.56
961.98
978.19
994.15
1009.84
1025.23
1040.30
1055.03
1069.38
1083.34
1096.88
1109.96
1122.58
1134.69
1146.28
1157.32
1167.78
1177.63
1186.85
1195.42
1203.30
1210.47
1216.92
1222.61
1227.53
1231.66
1234.98
1237.48
1239.16
1239.99
888.22
905.53
922.71
939.74
956.61
973.27
989.72
1005.92
1021.85
1037.48
1052.80
1067.76
1082.36
1096.56
1110.34
1123.67
1136.52
1148.88
1160.70
1171.97
1182.66
1192.73
1202.17
1210.94
1219.02
1226.38
1232.99
1238.84
1243.89
1248.14
1251.56
1254.13
1255.85
1256.71
898.06
915.60
933.02
950.29
967.38
984.29
1000.97
1017.41
1033.58
1049.45
1065.00
1080.21
1095.06
1109.50
1123.52
1137.10
1150.20
1162.80
1174.86
1186.37
1197.29
1207.60
1217.26
1226.25
1234.53
1242.08
1248.88
1254.89
1260.09
1264.46
1267.98
1270.63
1272.41
1273.29
907.63
925.40
943.04
960.54
977.87
995.01
1011.92
1028.60
1045.00
1061.11
1076.91
1092.36
1107.45
1122.14
1136.41
1150.23
1163.58
1176.43
1188.74
1200.50
1211.66
1222.21
1232.11
1241.32
1249.82
1257.58
1264.56
1270.75
1276.11
1280.61
1284.24
1286.98
1288.81
1289.73
916.91
934.90
952.77
970.50
988.05
1005.41
1022.56
1039.47
1056.11
1072.46
1088.49
1104.19
1119.52
1134.46
1148.98
1163.05
1176.65
1189.76
1202.33
1214.34
1225.76
1236.55
1246.69
1256.15
1264.88
1272.85
1280.05
1286.42
1291.94
1296.59
1300.34
1303.18
1305.07
1306.02
925.90
944.10
962.19
980.13
997.91
1015.50
1032.87
1050.00
1066.88
1083.46
1099.74
1115.67
1131.25
1146.43
1161.21
1175.54
1189.40
1202.76
1215.59
1227.87
1239.55
1250.61
1261.01
1270.71
1279.69
1287.90
1295.31
1301.89
1307.59
1312.40
1316.29
1319.22
1321.18
1322.16
934.56
952.98
971.28
989.44
1007.43
1025.24
1042.83
1060.19
1077.29
1094.11
1110.62
1126.80
1142.62
1158.05
1173.08
1187.67
1201.79
1215.42
1228.52
1241.07
1253.03
1264.36
1275.03
1285.00
1294.24
1302.70
1310.35
1317.14
1323.05
1328.03
1332.06
1335.11
1337.15
1338.17
942.90
961.52
980.03
998.39
1016.60
1034.62
1052.43
1070.01
1087.34
1104.39
1121.13
1137.55
1153.61
1169.30
1184.58
1199.43
1213.82
1227.72
1241.10
1253.93
1266.17
1277.78
1288.74
1299.00
1308.51
1317.24
1325.15
1332.19
1338.31
1343.49
1347.68
1350.85
1352.97
1354.04
950.90
969.71
988.42
1006.99
1025.40
1043.63
1061.65
1079.45
1097.00
1114.27
1131.25
1147.90
1164.21
1180.14
1195.68
1210.80
1225.46
1239.63
1253.30
1266.42
1278.95
1290.87
1302.13
1312.68
1322.50
1331.52
1339.71
1347.01
1353.37
1358.76
1363.13
1366.44
1368.66
1369.78
958.54
977.55
996.44
1015.21
1033.82
1052.25
1070.48
1088.49
1106.25
1123.75
1140.95
1157.84
1174.39
1190.57
1206.37
1221.75
1236.68
1251.14
1265.10
1278.51
1291.36
1303.59
1315.16
1326.04
1336.18
1345.52
1354.01
1361.60
1368.23
1373.86
1378.43
1381.90
1384.23
1385.40
965.82
985.01
1004.09
1023.04
1041.84
1060.47
1078.90
1097.12
1115.09
1132.80
1150.23
1167.35
1184.13
1200.57
1216.62
1232.26
1247.47
1262.22
1276.47
1290.20
1303.36
1315.92
1327.83
1339.05
1349.53
1359.21
1368.04
1375.95
1382.89
1388.78
1393.58
1397.24
1399.70
1400.93
972.72
992.08
1011.34
1030.47
1049.46
1068.27
1086.90
1105.31
1123.49
1141.41
1159.06
1176.40
1193.42
1210.10
1226.41
1242.32
1257.81
1272.85
1287.40
1301.44
1314.94
1327.84
1340.10
1351.69
1362.54
1372.59
1381.78
1390.05
1397.33
1403.53
1408.60
1412.46
1415.07
1416.38
979.23
998.75
1018.18
1037.49
1056.65
1075.65
1094.46
1113.06
1131.44
1149.56
1167.42
1184.99
1202.24
1219.16
1235.72
1251.89
1267.66
1282.99
1297.86
1312.22
1326.05
1339.31
1351.95
1363.92
1375.17
1385.63
1395.23
1403.90
1411.56
1418.11
1423.49
1427.60
1430.38
1431.79
985.34
1005.02
1024.61
1044.08
1063.41
1082.58
1101.57
1120.35
1138.92
1157.24
1175.30
1193.08
1210.56
1227.72
1244.52
1260.96
1277.00
1292.63
1307.80
1322.50
1336.68
1350.31
1363.34
1375.72
1387.39
1398.30
1408.35
1417.47
1425.56
1432.53
1438.27
1442.68
1445.67
1447.18
991.04
1010.87
1030.61
1050.23
1069.72
1089.05
1108.21
1127.17
1145.91
1164.43
1182.69
1200.67
1218.37
1235.75
1252.80
1269.50
1285.82
1301.73
1317.22
1332.25
1346.79
1360.80
1374.23
1387.05
1399.18
1410.56
1421.12
1430.74
1439.34
1446.79
1452.96
1457.73
1460.98
1462.63
996.32
1016.29
1036.17
1055.94
1075.57
1095.06
1114.37
1133.50
1152.41
1171.11
1189.55
1207.74
1225.64
1243.25
1260.53
1277.48
1294.06
1310.27
1326.07
1341.43
1356.33
1370.73
1384.59
1397.86
1410.48
1422.39
1433.49
1443.69
1452.87
1460.88
1467.57
1472.79
1476.36
1478.18
1001.17
1021.27
1041.28
1061.18
1080.95
1100.58
1120.04
1139.32
1158.40
1177.26
1195.89
1214.26
1232.36
1250.18
1267.69
1284.88
1301.72
1318.21
1334.31
1350.01
1365.27
1380.07
1394.36
1408.11
1421.25
1433.72
1445.43
1456.27
1466.12
1474.80
1482.14
1487.91
1491.91
1493.96
1005.59
1025.80
1045.93
1065.96
1085.86
1105.62
1125.22
1144.64
1163.87
1182.88
1201.67
1220.22
1238.51
1256.52
1274.25
1291.67
1308.77
1325.52
1341.93
1357.95
1373.57
1388.76
1403.50
1417.73
1431.41
1444.48
1456.85
1468.42
1479.04
1488.53
1496.67
1503.16
1507.73
1510.09
1009.56
1029.88
1050.12
1070.26
1090.27
1110.15
1129.87
1149.43
1168.79
1187.95
1206.89
1225.60
1244.07
1262.27
1280.19
1297.83
1315.16
1332.18
1348.86
1365.20
1381.18
1396.76
1411.93
1426.66
1440.90
1454.60
1467.69
1480.06
1491.57
1502.03
1511.17
1518.62
1523.98
1526.80
1013.09
1033.50
1053.83
1074.07
1094.19
1114.17
1134.01
1153.68
1173.17
1192.46
1211.54
1230.39
1249.01
1267.38
1285.49
1303.33
1320.88
1338.14
1355.10
1371.73
1388.04
1404.00
1419.60
1434.82
1449.62
1463.98
1477.82
1491.06
1503.59
1515.20
1525.60
1534.36
1540.87
1544.49
1016.15
1036.65
1057.06
1077.39
1097.60
1117.68
1137.61
1157.39
1176.98
1196.39
1215.59
1234.58
1253.34
1271.86
1290.14
1308.15
1325.90
1343.38
1360.58
1377.49
1394.11
1410.43
1426.44
1442.13
1457.48
1472.49
1487.10
1501.27
1514.91
1527.86
1539.84
1550.37
1558.48
1564.20
1018.75
1039.32
1059.81
1080.21
1100.50
1120.66
1140.67
1160.54
1180.23
1199.73
1219.04
1238.14
1257.02
1275.68
1294.10
1312.27
1330.20
1347.87
1365.29
1382.45
1399.35
1415.99
1432.37
1448.50
1464.38
1480.00
1495.37
1510.48
1525.29
1539.72
1553.60
1566.62
1574.37
1578.15
1020.89
1041.51
1062.06
1082.52
1102.87
1123.10
1143.19
1163.13
1182.89
1202.48
1221.88
1241.07
1260.06
1278.82
1297.36
1315.67
1333.75
1351.59
1369.19
1386.56
1403.70
1420.62
1437.34
1453.85
1470.20
1486.39
1502.46
1518.45
1534.40
1550.34
1566.40
1577.36
1584.03
1587.21
1022.56
1043.22
1063.82
1084.33
1104.73
1125.01
1145.15
1165.15
1184.97
1204.63
1224.09
1243.36
1262.43
1281.28
1299.92
1318.34
1336.53
1354.50
1372.25
1389.80
1407.14
1424.29
1441.27
1458.11
1474.84
1491.51
1508.17
1524.92
1541.88
1559.04
1574.45
1584.24
1590.18
1593.00
1023.75
1044.45
1065.08
1085.62
1106.06
1126.37
1146.56
1166.59
1186.46
1206.16
1225.68
1245.01
1264.13
1283.05
1301.75
1320.25
1338.53
1356.60
1374.46
1392.13
1409.61
1426.93
1444.12
1461.20
1478.22
1495.24
1512.35
1529.66
1547.39
1566.09
1579.53
1588.50
1593.97
1596.57
1024.46
1045.18
1065.83
1086.39
1106.85
1127.19
1147.40
1167.46
1187.36
1207.09
1226.64
1245.99
1265.15
1284.11
1302.86
1321.40
1339.73
1357.86
1375.79
1393.53
1411.11
1428.53
1445.84
1463.07
1480.27
1497.52
1514.89
1532.51
1550.55
1569.30
1582.24
1590.81
1596.04
1598.51
1024.70
1045.43
1066.08
1086.65
1107.12
1127.47
1147.68
1167.75
1187.66
1207.40
1226.95
1246.32
1265.49
1284.46
1303.22
1321.78
1340.13
1358.28
1376.23
1394.00
1411.61
1429.07
1446.42
1463.70
1480.96
1498.28
1515.74
1533.46
1551.57
1570.30
1583.09
1591.54
1596.69
1599.13
1024.46
1045.18
1065.83
1086.39
1106.85
1127.19
1147.40
1167.46
1187.36
1207.09
1226.63
1245.99
1265.15
1284.10
1302.85
1321.39
1339.73
1357.85
1375.78
1393.53
1411.10
1428.53
1445.84
1463.07
1480.27
1497.51
1514.88
1532.50
1550.54
1569.29
1582.23
1590.80
1596.03
1598.51
1023.74
1044.44
1065.07
1085.61
1106.05
1126.37
1146.55
1166.59
1186.46
1206.16
1225.68
1245.00
1264.12
1283.04
1301.75
1320.24
1338.52
1356.59
1374.45
1392.12
1409.60
1426.92
1444.11
1461.19
1478.21
1495.23
1512.34
1529.64
1547.37
1566.06
1579.51
1588.49
1593.96
1596.56
1022.55
1043.22
1063.81
1084.32
1104.72
1125.00
1145.15
1165.14
1184.97
1204.62
1224.09
1243.36
1262.42
1281.27
1299.91
1318.33
1336.52
1354.49
1372.24
1389.78
1407.12
1424.27
1441.25
1458.09
1474.82
1491.49
1508.15
1524.89
1541.84
1559.00
1574.42
1584.22
1590.16
1592.98
1020.88
1041.51
1062.05
1082.51
1102.86
1123.09
1143.18
1163.12
1182.88
1202.47
1221.87
1241.06
1260.05
1278.81
1297.35
1315.66
1333.73
1351.57
1369.18
1386.55
1403.69
1420.61
1437.32
1453.83
1470.17
1486.36
1502.43
1518.41
1534.36
1550.30
1566.36
1577.33
1584.01
1587.19
1018.74
1039.31
1059.80
1080.20
1100.48
1120.64
1140.66
1160.52
1180.21
1199.72
1219.03
1238.13
1257.01
1275.66
1294.08
1312.26
1330.18
1347.86
1365.27
1382.43
1399.33
1415.97
1432.35
1448.48
1464.35
1479.97
1495.34
1510.44
1525.24
1539.67
1553.56
1566.59
1574.34
1578.13
1016.14
1036.63
1057.05
1077.37
1097.58
1117.66
1137.60
1157.37
1176.97
1196.37
1215.57
1234.56
1253.32
1271.84
1290.12
1308.13
1325.88
1343.36
1360.56
1377.47
1394.09
1410.40
1426.41
1442.10
1457.45
1472.45
1487.06
1501.23
1514.87
1527.81
1539.79
1550.32
1558.44
1564.16
1013.07
1033.48
1053.82
1074.05
1094.17
1114.16
1133.99
1153.66
1173.15
1192.44
1211.52
1230.37
1248.99
1267.36
1285.47
1303.31
1320.86
1338.12
1355.07
1371.70
1388.01
1403.97
1419.57
1434.79
1449.59
1463.94
1477.78
1491.02
1503.54
1515.15
1525.55
1534.31
1540.81
1544.43
1009.55
1029.87
1050.10
1070.24
1090.25
1110.13
1129.85
1149.41
1168.77
1187.93
1206.87
1225.58
1244.04
1262.24
1280.17
1297.80
1315.13
1332.15
1348.84
1365.17
1381.14
1396.73
1411.90
1426.62
1440.86
1454.56
1467.65
1480.01
1491.53
1501.98
1511.12
1518.57
1523.91
1526.73
1005.57
1025.79
1045.91
1065.94
1085.84
1105.60
1125.19
1144.62
1163.84
1182.86
1201.65
1220.20
1238.48
1256.50
1274.22
1291.64
1308.74
1325.49
1341.89
1357.92
1373.54
1388.73
1403.46
1417.69
1431.37
1444.44
1456.81
1468.38
1478.99
1488.48
1496.61
1503.11
1507.67
1510.02
1001.15
1021.25
1041.26
1061.16
1080.93
1100.56
1120.02
1139.30
1158.38
1177.24
1195.86
1214.23
1232.33
1250.15
1267.66
1284.84
1301.69
1318.18
1334.28
1349.97
1365.24
1380.03
1394.32
1408.07
1421.21
1433.67
1445.38
1456.22
1466.07
1474.75
1482.08
1487.85
1491.85
1493.90
996.30
1016.27
1036.15
1055.91
1075.55
1095.03
1114.35
1133.47
1152.39
1171.08
1189.52
1207.71
1225.61
1243.21
1260.50
1277.44
1294.03
1310.23
1326.03
1341.39
1356.29
1370.69
1384.55
1397.82
1410.44
1422.34
1433.44
1443.64
1452.81
1460.82
1467.52
1472.73
1476.31
1478.12
991.01
1010.85
1030.58
1050.21
1069.69
1089.02
1108.18
1127.14
1145.89
1164.40
1182.66
1200.64
1218.34
1235.72
1252.77
1269.46
1285.78
1301.69
1317.18
1332.21
1346.74
1360.75
1374.19
1387.00
1399.13
1410.51
1421.06
1430.69
1439.28
1446.73
1452.90
1457.67
1460.92
1462.57
985.31
1005.00
1024.58
1044.05
1063.38
1082.55
1101.54
1120.32
1138.89
1157.21
1175.27
1193.05
1210.53
1227.68
1244.48
1260.92
1276.96
1292.59
1307.76
1322.46
1336.64
1350.26
1363.29
1375.67
1387.34
1398.24
1408.29
1417.41
1425.51
1432.47
1438.21
1442.62
1445.61
1447.12
979.20
998.73
1018.15
1037.46
1056.62
1075.62
1094.43
1113.03
1131.40
1149.53
1167.39
1184.95
1202.20
1219.12
1235.68
1251.85
1267.62
1282.95
1297.81
1312.17
1326.00
1339.26
1351.90
1363.87
1375.11
1385.57
1395.17
1403.84
1411.50
1418.05
1423.43
1427.54
1430.32
1431.72
972.69
992.05
1011.31
1030.44
1049.43
1068.24
1086.86
1105.28
1123.45
1141.38
1159.02
1176.36
1193.38
1210.06
1226.36
1242.27
1257.76
1272.80
1287.35
1301.39
1314.88
1327.78
1340.05
1351.63
1362.48
1372.53
1381.72
1389.99
1397.27
1403.47
1408.54
1412.40
1415.00
1416.32
965.79
984.98
1004.06
1023.01
1041.81
1060.44
1078.87
1097.08
1115.05
1132.76
1150.19
1167.31
1184.09
1200.52
1216.57
1232.22
1247.42
1262.17
1276.42
1290.15
1303.31
1315.86
1327.77
1338.99
1349.47
1359.15
1367.97
1375.89
1382.82
1388.72
1393.52
1397.17
1399.63
1400.86
958.51
977.51
996.41
1015.17
1033.78
1052.21
1070.44
1088.45
1106.21
1123.71
1140.91
1157.80
1174.34
1190.53
1206.32
1221.70
1236.63
1251.09
1265.04
1278.46
1291.30
1303.53
1315.11
1325.98
1336.11
1345.45
1353.94
1361.53
1368.17
1373.79
1378.36
1381.83
1384.16
1385.33
950.86
969.68
988.38
1006.95
1025.36
1043.59
1061.61
1079.41
1096.96
1114.23
1131.20
1147.85
1164.16
1180.09
1195.63
1210.74
1225.40
1239.58
1253.24
1266.36
1278.89
1290.81
1302.07
1312.62
1322.43
1331.46
1339.64
1346.94
1353.31
1358.69
1363.06
1366.37
1368.59
1369.71
942.87
961.48
979.99
998.35
1016.56
1034.58
1052.39
1069.97
1087.30
1104.34
1121.08
1137.50
1153.56
1169.25
1184.53
1199.38
1213.76
1227.66
1241.04
1253.87
1266.11
1277.72
1288.68
1298.93
1308.45
1317.18
1325.08
1332.12
1338.24
1343.42
1347.60
1350.77
1352.90
1353.96
934.53
952.94
971.24
989.40
1007.39
1025.19
1042.79
1060.15
1077.25
1094.06
1110.57
1126.75
1142.57
1158.00
1173.03
1187.61
1201.74
1215.36
1228.46
1241.01
1252.96
1264.29
1274.96
1284.93
1294.17
1302.63
1310.28
1317.07
1322.98
1327.96
1331.99
1335.03
1337.07
1338.09
925.86
944.06
962.15
980.09
997.87
1015.45
1032.82
1049.96
1066.83
1083.41
1099.69
1115.62
1131.19
1146.38
1161.15
1175.48
1189.34
1202.70
1215.53
1227.80
1239.49
1250.54
1260.94
1270.64
1279.62
1287.83
1295.24
1301.81
1307.52
1312.33
1316.21
1319.14
1321.11
1322.09
916.88
934.86
952.73
970.45
988.01
1005.37
1022.51
1039.42
1056.06
1072.41
1088.44
1104.13
1119.46
1134.40
1148.92
1162.99
1176.59
1189.69
1202.26
1214.27
1225.69
1236.48
1246.62
1256.08
1264.81
1272.78
1279.97
1286.34
1291.87
1296.52
1300.27
1303.10
1304.99
1305.94
907.59
925.36
943.00
960.50
977.83
994.96
1011.87
1028.55
1044.95
1061.06
1076.86
1092.31
1107.39
1122.08
1136.35
1150.17
1163.52
1176.36
1188.68
1200.43
1211.60
1222.14
1232.04
1241.25
1249.75
1257.51
1264.49
1270.67
1276.03
1280.53
1284.16
1286.90
1288.73
1289.65
898.02
915.56
932.97
950.24
967.34
984.24
1000.92
1017.36
1033.52
1049.40
1064.95
1080.16
1095.00
1109.44
1123.46
1137.04
1150.13
1162.73
1174.80
1186.30
1197.22
1207.53
1217.19
1226.17
1234.46
1242.01
1248.80
1254.81
1260.01
1264.38
1267.90
1270.55
1272.33
1273.21
888.18
905.48
922.66
939.70
956.56
973.22
989.67
1005.87
1021.79
1037.43
1052.74
1067.71
1082.30
1096.50
1110.28
1123.61
1136.46
1148.81
1160.64
1171.90
1182.59
1192.66
1202.10
1210.87
1218.94
1226.30
1232.91
1238.76
1243.81
1248.06
1251.48
1254.05
1255.77
1256.63
878.08
895.15
912.09
928.88
945.51
961.93
978.14
994.09
1009.78
1025.17
1040.24
1054.97
1069.32
1083.28
1096.81
1109.90
1122.51
1134.63
1146.21
1157.25
1167.71
1177.56
1186.78
1195.34
1203.22
1210.40
1216.84
1222.53
1227.45
1231.58
1234.90
1237.40
1239.07
1239.91
867.74
884.56
901.26
917.82
934.20
950.38
966.34
982.06
997.50
1012.65
1027.48
1041.96
1056.07
1069.79
1083.08
1095.93
1108.31
1120.19
1131.55
1142.36
1152.59
1162.23
1171.25
1179.61
1187.31
1194.31
1200.59
1206.14
1210.93
1214.95
1218.18
1220.61
1222.24
1223.05
857.18
873.75
890.21
906.51
922.65
938.59
954.30
969.77
984.98
999.88
1014.47
1028.71
1042.58
1056.06
1069.11
1081.73
1093.87
1105.52
1116.66
1127.25
1137.27
1146.70
1155.52
1163.69
1171.21
1178.04
1184.17
1189.58
1194.25
1198.17
1201.32
1203.69
1205.27
1206.06
846.41
862.73
878.93
894.99
910.88
926.57
942.04
957.26
972.22
986.88
1001.22
1015.22
1028.86
1042.10
1054.92
1067.30
1079.22
1090.65
1101.56
1111.94
1121.75
1130.98
1139.61
1147.60
1154.95
1161.62
1167.61
1172.89
1177.44
1181.26
1184.33
1186.64
1188.18
1188.96
835.44
851.51
867.46
883.26
898.90
914.34
929.56
944.54
959.25
973.67
987.77
1001.53
1014.92
1027.93
1040.52
1052.67
1064.37
1075.57
1086.27
1096.44
1106.05
1115.09
1123.53
1131.35
1138.53
1145.05
1150.90
1156.05
1160.50
1164.23
1167.22
1169.48
1170.98
1171.73
824.30
840.11
855.81
871.35
886.74
901.92
916.90
931.63
946.09
960.26
974.12
987.64
1000.80
1013.57
1025.93
1037.86
1049.33
1060.32
1070.81
1080.78
1090.19
1099.04
1107.30
1114.95
1121.97
1128.35
1134.07
1139.10
1143.44
1147.08
1150.01
1152.21
1153.67
1154.41
813.01
828.56
843.99
859.28
874.41
889.34
904.06
918.54
932.76
946.69
960.30
973.59
986.51
999.05
1011.18
1022.89
1034.14
1044.92
1055.20
1064.96
1074.19
1082.86
1090.94
1098.43
1105.30
1111.53
1117.12
1122.04
1126.29
1129.84
1132.69
1134.84
1136.28
1136.99
801.58
816.86
832.03
847.06
861.93
876.61
891.07
905.30
919.27
932.96
946.33
959.38
972.07
984.38
996.28
1007.77
1018.81
1029.38
1039.46
1049.02
1058.06
1066.55
1074.47
1081.79
1088.52
1094.62
1100.08
1104.89
1109.04
1112.51
1115.30
1117.40
1118.80
1119.50
790.02
805.04
819.94
834.71
849.32
863.74
877.95
891.93
905.66
919.10
932.23
945.04
957.49
969.57
981.26
992.53
1003.35
1013.72
1023.60
1032.97
1041.83
1050.14
1057.89
1065.07
1071.65
1077.61
1082.96
1087.66
1091.72
1095.11
1097.84
1099.89
1101.26
1101.94
778.37
793.12
807.75
822.26
836.60
850.77
864.73
878.45
891.93
905.12
918.02
930.59
942.81
954.67
966.13
977.18
987.80
997.96
1007.65
1016.84
1025.51
1033.65
1041.24
1048.27
1054.71
1060.55
1065.77
1070.38
1074.34
1077.66
1080.33
1082.33
1083.67
1084.34
766.64
781.11
795.48
809.72
823.80
837.71
851.41
864.88
878.11
891.06
903.71
916.05
928.04
939.67
950.92
961.76
972.17
982.13
991.62
1000.63
1009.13
1017.10
1024.54
1031.41
1037.72
1043.43
1048.55
1053.05
1056.93
1060.18
1062.79
1064.75
1066.05
1066.71
754.85
769.05
783.14
797.11
810.93
824.58
838.02
851.25
864.22
876.93
889.35
901.45
913.21
924.62
935.65
946.27
956.48
966.24
975.55
984.37
992.70
1000.51
1007.79
1014.52
1020.70
1026.29
1031.30
1035.70
1039.50
1042.68
1045.23
1047.14
1048.42
1049.06
743.02
756.94
770.77
784.47
798.02
811.40
824.59
837.56
850.29
862.76
874.93
886.80
898.34
909.53
920.34
930.76
940.76
950.33
959.45
968.09
976.25
983.90
991.03
997.63
1003.67
1009.14
1014.04
1018.36
1022.07
1025.18
1027.67
1029.55
1030.80
1031.43
731.17
744.82
758.37
771.80
785.09
798.21
811.14
823.86
836.34
848.56
860.50
872.14
883.45
894.42
905.01
915.23
925.03
934.41
943.34
951.81
959.80
967.30
974.28
980.74
986.65
992.01
996.81
1001.03
1004.67
1007.71
1010.15
1011.98
1013.21
1013.82
719.33
732.70
745.97
759.13
772.16
785.02
797.69
810.16
822.39
834.37
846.07
857.48
868.57
879.32
889.70
899.71
909.32
918.51
927.26
935.56
943.38
950.72
957.56
963.88
969.67
974.92
979.62
983.75
987.31
990.28
992.67
994.47
995.67
996.27
707.51
720.60
733.61
746.50
759.25
771.85
784.27
796.48
808.47
820.21
831.68
842.85
853.72
864.25
874.43
884.23
893.65
902.65
911.22
919.35
927.02
934.20
940.90
947.09
952.76
957.90
962.49
966.54
970.02
972.93
975.27
977.03
978.20
978.79
695.75
708.56
721.29
733.91
746.40
758.74
770.90
782.86
794.60
806.10
817.34
828.29
838.93
849.25
859.22
868.82
878.04
886.86
895.26
903.22
910.73
917.77
924.32
930.38
935.93
940.96
945.46
949.42
952.83
955.68
957.97
959.69
960.84
961.41
684.06
696.59
709.05
721.40
733.62
745.70
757.61
769.32
780.82
792.08
803.08
813.80
824.23
834.33
844.10
853.51
862.54
871.17
879.40
887.19
894.54
901.44
907.86
913.79
919.22
924.15
928.55
932.43
935.76
938.56
940.80
942.48
943.60
944.16
672.47
684.73
696.91
708.99
720.95
732.77
744.42
755.88
767.14
778.16
788.94
799.44
809.64
819.54
829.10
838.31
847.15
855.61
863.66
871.30
878.50
885.25
891.53
897.34
902.66
907.48
911.79
915.59
918.85
921.58
923.78
925.42
926.52
927.07
661.01
672.98
684.89
696.70
708.40
719.96
731.36
742.58
753.60
764.39
774.93
785.21
795.20
804.89
814.25
823.27
831.93
840.21
848.09
855.57
862.62
869.22
875.38
881.06
886.27
890.99
895.21
898.93
902.12
904.80
906.94
908.56
909.63
910.17
649.69
661.40
673.03
684.58
696.02
707.32
718.47
729.44
740.22
750.78
761.10
771.16
780.94
790.42
799.58
808.41
816.89
824.99
832.71
840.03
846.93
853.40
859.42
864.99
870.09
874.71
878.84
882.48
885.61
888.23
890.33
891.91
892.96
893.49
638.56
649.99
661.35
672.64
683.81
694.87
705.77
716.50
727.04
737.37
747.47
757.31
766.88
776.16
785.13
793.77
802.07
810.00
817.56
824.72
831.48
837.81
843.71
849.16
854.15
858.68
862.72
866.28
869.34
871.90
873.96
875.51
876.54
877.05
627.62
638.78
649.88
660.91
671.83
682.63
693.29
703.78
714.09
724.19
734.07
743.70
753.06
762.14
770.92
779.38
787.50
795.27
802.66
809.68
816.29
822.49
828.26
833.60
838.49
842.92
846.88
850.36
853.36
855.87
857.88
859.39
860.40
860.91
616.92
627.81
638.65
649.42
660.09
670.64
681.06
691.32
701.39
711.27
720.93
730.35
739.52
748.40
756.99
765.27
773.22
780.82
788.06
794.93
801.40
807.47
813.12
818.35
823.13
827.47
831.35
834.76
837.69
840.15
842.12
843.60
844.59
845.09
606.48
617.10
627.68
638.20
648.62
658.93
669.11
679.14
688.99
698.65
708.10
717.32
726.28
734.97
743.38
751.48
759.26
766.70
773.79
780.51
786.85
792.79
798.33
803.44
808.13
812.37
816.17
819.51
822.38
824.79
826.72
828.17
829.14
829.62
596.32
606.69
617.02
627.28
637.46
647.53
657.48
667.28
676.91
686.36
695.60
704.61
713.38
721.89
730.12
738.05
745.66
752.95
759.88
766.46
772.67
778.49
783.91
788.92
793.51
797.67
801.38
804.65
807.47
809.83
811.72
813.14
814.09
814.56
586.47
596.59
606.67
616.69
626.63
636.48
646.20
655.78
665.19
674.43
683.47
692.29
700.87
709.19
717.24
725.00
732.46
739.59
746.38
752.83
758.90
764.60
769.91
774.82
779.31
783.39
787.03
790.23
792.99
795.30
797.15
798.55
799.48
799.94
576.97
586.85
596.68
606.47
616.18
625.79
635.29
644.66
653.87
662.90
671.74
680.37
688.77
696.91
704.79
712.39
719.69
726.68
733.33
739.64
745.59
751.18
756.38
761.18
765.59
769.58
773.15
776.29
778.99
781.25
783.07
784.43
785.34
785.80
567.84
577.48
587.08
596.64
606.12
615.52
624.81
633.96
642.97
651.81
660.45
668.90
677.12
685.09
692.81
700.25
707.40
714.24
720.76
726.94
732.77
738.25
743.34
748.05
752.37
756.28
759.78
762.86
765.51
767.73
769.51
770.84
771.74
772.18
559.11
568.52
577.90
587.23
596.50
605.69
614.77
623.72
632.53
641.18
649.64
657.91
665.96
673.77
681.33
688.62
695.62
702.32
708.71
714.77
720.49
725.85
730.85
735.47
739.70
743.54
746.97
749.99
752.59
754.76
756.51
757.82
758.69
759.13
550.81
560.00
569.16
578.28
587.34
596.32
605.21
613.97
622.59
631.06
639.35
647.44
655.32
662.98
670.39
677.53
684.40
690.97
697.23
703.18
708.78
714.04
718.94
723.48
727.63
731.39
734.76
737.72
740.27
742.40
744.12
745.40
746.26
746.69
542.97
551.94
560.90
569.82
578.68
587.47
596.16
604.74
613.18
621.48
629.60
637.53
645.26
652.76
660.02
667.03
673.76
680.21
686.36
692.19
697.69
702.85
707.67
712.11
716.19
719.88
723.19
726.10
728.60
730.70
732.38
733.64
734.49
734.91
535.60
544.38
553.14
561.87
570.54
579.15
587.66
596.07
604.34
612.47
620.43
628.21
635.79
643.15
650.28
657.16
663.77
670.10
676.13
681.86
687.26
692.33
697.06
701.42
705.43
709.06
712.31
715.16
717.62
719.68
721.33
722.58
723.41
723.82
528.75
537.33
545.91
554.46
562.96
571.39
579.74
587.98
596.10
604.07
611.89
619.52
626.96
634.19
641.19
647.95
654.44
660.66
666.59
672.21
677.53
682.51
687.16
691.45
695.39
698.96
702.15
704.96
707.38
709.40
711.03
712.25
713.07
713.47
522.42
530.84
539.25
547.63
555.96
564.24
572.43
580.52
588.49
596.32
603.99
611.50
618.81
625.91
632.79
639.43
645.82
651.94
657.77
663.30
668.53
673.43
678.01
682.23
686.11
689.62
692.76
695.53
697.91
699.90
701.50
702.71
703.51
703.91
