549.87
558.24
566.58
574.85
583.06
591.17
599.18
607.06
614.80
622.39
629.81
637.05
644.08
650.90
657.49
663.84
669.93
675.76
681.30
686.56
691.51
696.16
700.48
704.48
708.14
711.45
714.41
717.02
719.26
721.13
722.64
723.77
724.52
724.90
555.65
564.16
572.63
581.03
589.37
597.60
605.73
613.73
621.59
629.29
636.82
644.15
651.29
658.20
664.88
671.32
677.49
683.40
689.02
694.35
699.37
704.07
708.45
712.50
716.21
719.56
722.56
725.20
727.47
729.37
730.90
732.04
732.80
733.19
561.92
570.58
579.19
587.74
596.21
604.58
612.83
620.96
628.94
636.76
644.41
651.85
659.09
666.11
672.89
679.42
685.69
691.68
697.38
702.78
707.87
712.65
717.09
721.19
724.95
728.35
731.39
734.07
736.37
738.30
739.84
741.00
741.78
742.16
568.66
577.47
586.24
594.94
603.55
612.07
620.46
628.73
636.84
644.79
652.55
660.12
667.47
674.60
681.49
688.12
694.48
700.56
706.35
711.83
717.00
721.84
726.35
730.52
734.33
737.78
740.87
743.58
745.92
747.87
749.44
750.62
751.40
751.80
575.84
584.82
593.75
602.61
611.38
620.04
628.59
637.00
645.25
653.33
661.23
668.92
676.40
683.64
690.64
697.37
703.84
710.02
715.90
721.47
726.72
731.64
736.21
740.44
744.31
747.82
750.95
753.71
756.08
758.07
759.66
760.85
761.65
762.05
583.44
592.60
601.69
610.72
619.65
628.48
637.18
645.74
654.14
662.36
670.40
678.22
685.83
693.19
700.31
707.16
713.73
720.01
725.99
731.65
736.99
741.99
746.64
750.94
754.87
758.43
761.62
764.41
766.82
768.84
770.46
771.67
772.48
772.89
591.44
600.77
610.05
619.25
628.36
637.35
646.21
654.93
663.48
671.86
680.03
688.00
695.74
703.23
710.47
717.44
724.13
730.51
736.59
742.35
747.78
752.86
757.59
761.96
765.96
769.58
772.81
775.66
778.11
780.16
781.80
783.04
783.86
784.27
599.80
609.32
618.79
628.17
637.45
646.62
655.65
664.54
673.25
681.78
690.11
698.22
706.09
713.72
721.09
728.18
734.99
741.49
747.67
753.53
759.05
764.22
769.03
773.47
777.54
781.22
784.52
787.41
789.90
791.98
793.65
794.91
795.75
796.17
608.50
618.23
627.88
637.45
646.92
656.27
665.48
674.53
683.41
692.10
700.58
708.84
716.86
724.63
732.13
739.36
746.28
752.90
759.19
765.15
770.77
776.03
780.93
785.45
789.59
793.33
796.68
799.63
802.16
804.28
805.98
807.26
808.11
808.54
617.53
627.45
637.30
647.07
656.73
666.26
675.65
684.87
693.92
702.78
711.42
719.84
728.01
735.93
743.57
750.92
757.97
764.71
771.12
777.19
782.90
788.26
793.24
797.85
802.06
805.87
809.28
812.28
814.86
817.01
818.74
820.04
820.91
821.34
626.84
636.97
647.03
656.99
666.84
676.57
686.14
695.55
704.77
713.80
722.61
731.18
739.51
747.57
755.36
762.85
770.03
776.89
783.41
789.59
795.42
800.87
805.95
810.63
814.92
818.80
822.27
825.32
827.95
830.15
831.91
833.23
834.11
834.56
636.42
646.76
657.03
667.19
677.24
687.16
696.92
706.52
715.92
725.12
734.10
742.84
751.33
759.54
767.47
775.10
782.42
789.40
796.05
802.35
808.28
813.83
819.00
823.77
828.14
832.09
835.63
838.73
841.41
843.64
845.44
846.78
847.68
848.13
646.23
656.79
667.27
677.64
687.90
698.01
707.97
717.75
727.34
736.72
745.87
754.78
763.43
771.80
779.88
787.65
795.10
802.22
809.00
815.41
821.45
827.11
832.37
837.23
841.68
845.71
849.31
852.47
855.19
857.47
859.30
860.67
861.59
862.04
656.26
667.04
677.74
688.32
698.78
709.10
719.25
729.23
739.00
748.57
757.89
766.97
775.78
784.31
792.55
800.47
808.06
815.31
822.21
828.75
834.90
840.66
846.03
850.98
855.51
859.61
863.28
866.50
869.28
871.60
873.46
874.86
875.79
876.25
666.49
677.49
688.40
699.20
709.87
720.39
730.74
740.91
750.88
760.63
770.13
779.39
788.37
797.06
805.45
813.52
821.26
828.65
835.67
842.33
848.60
854.47
859.93
864.98
869.60
873.78
877.51
880.80
883.62
885.99
887.88
889.31
890.26
890.73
676.87
688.10
699.23
710.24
721.12
731.85
742.41
752.78
762.94
772.87
782.56
791.99
801.14
810.00
818.55
826.77
834.66
842.19
849.35
856.13
862.52
868.50
874.07
879.21
883.91
888.17
891.98
895.32
898.20
900.61
902.54
904.00
904.96
905.45
687.40
698.85
710.20
721.44
732.53
743.47
754.23
764.80
775.16
785.28
795.16
804.76
814.09
823.12
831.83
840.20
848.24
855.91
863.21
870.11
876.62
882.72
888.39
893.63
898.42
902.76
906.64
910.05
912.99
915.44
917.41
918.89
919.88
920.37
698.04
709.72
721.30
732.75
744.06
755.21
766.18
776.95
787.51
797.82
807.88
817.67
827.18
836.37
845.25
853.78
861.97
869.78
877.22
884.26
890.89
897.10
902.88
908.22
913.10
917.53
921.48
924.95
927.95
930.45
932.45
933.96
934.97
935.47
708.78
720.68
732.49
744.16
755.69
767.06
778.24
789.21
799.96
810.47
820.72
830.70
840.38
849.74
858.78
867.48
875.82
883.78
891.36
898.53
905.29
911.62
917.50
922.94
927.92
932.43
936.46
940.00
943.05
945.60
947.64
949.18
950.21
950.72
719.58
731.72
743.75
755.65
767.40
778.98
790.36
801.54
812.50
823.20
833.64
843.80
853.66
863.21
872.42
881.27
889.77
897.88
905.60
912.90
919.79
926.24
932.24
937.78
942.86
947.45
951.56
955.17
958.27
960.87
962.96
964.52
965.57
966.09
730.44
742.81
755.07
767.19
779.15
790.95
802.55
813.93
825.09
835.99
846.63
856.97
867.01
876.73
886.11
895.14
903.79
912.05
919.91
927.36
934.37
940.94
947.06
952.71
957.88
962.56
966.74
970.42
973.59
976.24
978.37
979.96
981.03
981.56
741.32
753.93
766.41
778.75
790.94
802.95
814.76
826.36
837.71
848.82
859.64
870.18
880.40
890.30
899.85
909.04
917.85
926.27
934.28
941.86
949.01
955.71
961.94
967.69
972.96
977.73
982.00
985.75
988.98
991.68
993.85
995.48
996.56
997.10
752.22
765.05
777.76
790.33
802.73
814.96
826.98
838.78
850.35
861.65
872.67
883.40
893.81
903.89
913.61
922.97
931.94
940.52
948.67
956.40
963.68
970.50
976.85
982.72
988.09
992.95
997.30
1001.12
1004.42
1007.17
1009.38
1011.04
1012.15
1012.70
763.10
776.16
789.09
801.88
814.51
826.95
839.19
851.20
862.97
874.47
885.69
896.61
907.21
917.46
927.37
936.89
946.03
954.76
963.07
970.94
978.36
985.31
991.78
997.76
1003.23
1008.19
1012.62
1016.52
1019.87
1022.68
1024.93
1026.63
1027.76
1028.32
773.94
787.23
800.39
813.41
826.25
838.91
851.36
863.58
875.56
887.26
898.68
909.79
920.57
931.01
941.09
950.79
960.10
968.99
977.45
985.47
993.02
1000.10
1006.70
1012.79
1018.37
1023.42
1027.94
1031.91
1035.34
1038.20
1040.50
1042.22
1043.38
1043.95
784.73
798.25
811.64
824.88
837.94
850.82
863.48
875.91
888.09
899.99
911.61
922.91
933.89
944.51
954.77
964.65
974.12
983.17
991.79
999.95
1007.65
1014.87
1021.58
1027.79
1033.48
1038.63
1043.24
1047.29
1050.78
1053.70
1056.04
1057.80
1058.98
1059.57
795.46
809.20
822.81
836.27
849.55
862.64
875.52
888.16
900.55
912.65
924.47
935.97
947.13
957.95
968.39
978.44
988.08
997.29
1006.07
1014.38
1022.23
1029.58
1036.42
1042.75
1048.55
1053.80
1058.50
1062.63
1066.19
1069.17
1071.56
1073.35
1074.55
1075.15
806.09
820.06
833.89
847.57
861.07
874.38
887.47
900.32
912.91
925.22
937.23
948.93
960.29
971.28
981.91
992.14
1001.95
1011.33
1020.27
1028.74
1036.72
1044.21
1051.19
1057.64
1063.55
1068.90
1073.69
1077.91
1081.54
1084.58
1087.02
1088.85
1090.07
1090.68
816.61
830.81
844.86
858.76
872.48
886.00
899.30
912.36
925.16
937.67
949.89
961.78
973.33
984.51
995.32
1005.73
1015.72
1025.27
1034.37
1042.99
1051.13
1058.76
1065.87
1072.44
1078.47
1083.93
1088.81
1093.11
1096.82
1099.92
1102.41
1104.28
1105.52
1106.15
827.02
841.43
855.70
869.82
883.75
897.49
911.00
924.27
937.27
949.99
962.40
974.49
986.24
997.62
1008.61
1019.20
1029.36
1039.09
1048.35
1057.13
1065.42
1073.19
1080.44
1087.14
1093.28
1098.85
1103.84
1108.22
1112.00
1115.17
1117.71
1119.62
1120.89
1121.53
837.28
851.91
866.40
880.73
894.88
908.82
922.55
936.02
949.23
962.16
974.77
987.06
999.00
1010.57
1021.75
1032.52
1042.86
1052.76
1062.19
1071.14
1079.58
1087.50
1094.89
1101.72
1107.98
1113.66
1118.75
1123.22
1127.08
1130.31
1132.90
1134.85
1136.15
1136.80
847.38
862.23
876.93
891.48
905.84
920.00
933.93
947.61
961.03
974.15
986.97
999.46
1011.59
1023.35
1034.72
1045.68
1056.21
1066.28
1075.88
1084.99
1093.59
1101.66
1109.19
1116.16
1122.54
1128.34
1133.53
1138.10
1142.03
1145.33
1147.98
1149.97
1151.30
1151.96
857.31
872.37
887.29
902.04
916.62
930.98
945.12
959.01
972.63
985.96
998.98
1011.67
1024.00
1035.95
1047.52
1058.66
1069.37
1079.62
1089.39
1098.67
1107.43
1115.66
1123.33
1130.44
1136.95
1142.86
1148.16
1152.82
1156.84
1160.21
1162.92
1164.95
1166.31
1166.99
867.05
882.32
897.45
912.41
927.19
941.77
956.11
970.21
984.03
997.57
1010.79
1023.67
1036.20
1048.35
1060.11
1071.44
1082.33
1092.77
1102.72
1112.16
1121.09
1129.47
1137.30
1144.54
1151.19
1157.22
1162.63
1167.39
1171.50
1174.94
1177.70
1179.78
1181.17
1181.86
876.58
892.06
907.40
922.57
937.56
952.34
966.89
981.19
995.22
1008.95
1022.37
1035.46
1048.18
1060.53
1072.48
1084.00
1095.09
1105.70
1115.83
1125.45
1134.55
1143.09
1151.07
1158.46
1165.24
1171.40
1176.92
1181.79
1185.98
1189.50
1192.32
1194.45
1195.87
1196.58
885.90
901.58
917.12
932.50
947.69
962.67
977.42
991.93
1006.16
1020.09
1033.72
1047.00
1059.93
1072.47
1084.62
1096.33
1107.60
1118.41
1128.72
1138.52
1147.78
1156.49
1164.63
1172.17
1179.09
1185.38
1191.02
1195.99
1200.28
1203.87
1206.76
1208.93
1210.39
1211.11
894.98
910.87
926.61
942.18
957.57
972.76
987.71
1002.41
1016.85
1030.98
1044.81
1058.29
1071.42
1084.16
1096.50
1108.41
1119.87
1130.87
1141.36
1151.34
1160.78
1169.66
1177.96
1185.65
1192.72
1199.14
1204.90
1209.98
1214.37
1218.05
1221.00
1223.23
1224.71
1225.45
903.82
919.90
935.83
951.61
967.20
982.58
997.73
1012.63
1027.26
1041.60
1055.62
1069.31
1082.63
1095.57
1108.11
1120.22
1131.88
1143.06
1153.74
1163.91
1173.53
1182.58
1191.04
1198.90
1206.11
1212.67
1218.56
1223.76
1228.24
1232.00
1235.03
1237.31
1238.83
1239.59
912.39
928.66
944.79
960.76
976.54
992.12
1007.47
1022.56
1037.39
1051.93
1066.15
1080.03
1093.56
1106.70
1119.43
1131.74
1143.59
1154.97
1165.85
1176.20
1186.00
1195.23
1203.87
1211.88
1219.25
1225.96
1231.98
1237.29
1241.88
1245.73
1248.83
1251.16
1252.72
1253.50
920.69
937.15
953.47
969.62
985.60
1001.36
1016.90
1032.20
1047.22
1061.95
1076.37
1090.45
1104.17
1117.51
1130.45
1142.95
1155.00
1166.58
1177.65
1188.19
1198.18
1207.60
1216.40
1224.59
1232.12
1238.97
1245.13
1250.57
1255.26
1259.21
1262.38
1264.77
1266.37
1267.17
928.70
945.34
961.85
978.19
994.34
1010.30
1026.03
1041.51
1056.73
1071.65
1086.27
1100.54
1114.47
1128.00
1141.14
1153.84
1166.09
1177.87
1189.13
1199.87
1210.05
1219.65
1228.64
1237.00
1244.69
1251.70
1258.00
1263.56
1268.38
1272.42
1275.67
1278.12
1279.76
1280.58
936.41
953.23
969.91
986.43
1002.77
1018.91
1034.83
1050.50
1065.90
1081.02
1095.82
1110.30
1124.42
1138.15
1151.49
1164.39
1176.84
1188.82
1200.28
1211.22
1221.59
1231.38
1240.56
1249.09
1256.96
1264.12
1270.57
1276.27
1281.20
1285.34
1288.68
1291.19
1292.88
1293.72
943.81
960.80
977.66
994.35
1010.87
1027.18
1043.28
1059.14
1074.73
1090.03
1105.03
1119.69
1134.01
1147.94
1161.47
1174.58
1187.23
1199.41
1211.07
1222.21
1232.78
1242.77
1252.13
1260.85
1268.89
1276.22
1282.82
1288.66
1293.71
1297.96
1301.39
1303.97
1305.69
1306.56
950.89
968.04
985.06
1001.93
1018.61
1035.11
1051.38
1067.41
1083.18
1098.67
1113.86
1128.71
1143.22
1157.35
1171.08
1184.38
1197.24
1209.62
1221.49
1232.83
1243.60
1253.78
1263.34
1272.24
1280.46
1287.97
1294.72
1300.71
1305.89
1310.25
1313.77
1316.42
1318.19
1319.08
957.63
974.94
992.12
1009.15
1026.00
1042.66
1059.10
1075.31
1091.26
1106.93
1122.30
1137.34
1152.04
1166.36
1180.28
1193.79
1206.85
1219.43
1231.50
1243.04
1254.02
1264.40
1274.16
1283.26
1291.66
1299.34
1306.26
1312.40
1317.71
1322.19
1325.80
1328.52
1330.35
1331.26
964.02
981.48
998.82
1016.00
1033.02
1049.84
1066.45
1082.82
1098.94
1114.79
1130.33
1145.56
1160.44
1174.95
1189.07
1202.77
1216.03
1228.81
1241.09
1252.84
1264.02
1274.61
1284.57
1293.86
1302.45
1310.31
1317.40
1323.69
1329.15
1333.75
1337.46
1340.26
1342.13
1343.07
970.05
987.66
1005.14
1022.48
1039.64
1056.62
1073.39
1089.93
1106.21
1122.23
1137.95
1153.35
1168.41
1183.11
1197.42
1211.32
1224.77
1237.75
1250.24
1262.19
1273.58
1284.37
1294.53
1304.02
1312.81
1320.85
1328.12
1334.57
1340.17
1344.89
1348.70
1351.58
1353.51
1354.48
975.72
993.46
1011.09
1028.56
1045.88
1063.00
1079.92
1096.61
1113.06
1129.24
1145.12
1160.70
1175.94
1190.82
1205.31
1219.40
1233.05
1246.23
1258.91
1271.07
1282.66
1293.66
1304.02
1313.72
1322.70
1330.93
1338.37
1344.99
1350.74
1355.59
1359.51
1362.48
1364.46
1365.45
981.00
998.88
1016.64
1034.25
1051.70
1068.96
1086.03
1102.87
1119.46
1135.80
1151.84
1167.58
1182.99
1198.05
1212.72
1226.99
1240.83
1254.21
1267.09
1279.45
1291.25
1302.45
1313.02
1322.91
1332.09
1340.52
1348.14
1354.92
1360.83
1365.81
1369.84
1372.89
1374.93
1375.96
985.91
1003.90
1021.78
1039.52
1057.10
1074.50
1091.69
1108.67
1125.42
1141.90
1158.10
1173.99
1189.57
1204.79
1219.64
1234.09
1248.11
1261.67
1274.75
1287.30
1299.30
1310.71
1321.48
1331.57
1340.95
1349.57
1357.37
1364.33
1370.38
1375.50
1379.65
1382.78
1384.89
1385.94
990.41
1008.52
1026.51
1044.37
1062.07
1079.59
1096.91
1114.03
1130.90
1147.52
1163.86
1179.91
1195.64
1211.02
1226.03
1240.65
1254.85
1268.59
1281.86
1294.60
1306.80
1318.40
1329.37
1339.67
1349.24
1358.05
1366.03
1373.16
1379.37
1384.63
1388.89
1392.11
1394.28
1395.36
994.51
1012.73
1030.82
1048.79
1066.60
1084.23
1101.67
1118.91
1135.91
1152.66
1169.13
1185.32
1201.19
1216.72
1231.89
1246.67
1261.03
1274.95
1288.39
1301.32
1313.71
1325.50
1336.66
1347.15
1356.92
1365.91
1374.08
1381.37
1387.74
1393.13
1397.51
1400.82
1403.05
1404.16
998.20
1016.51
1034.70
1052.77
1070.67
1088.41
1105.96
1123.31
1140.42
1157.29
1173.89
1190.20
1206.21
1221.88
1237.19
1252.12
1266.64
1280.72
1294.33
1307.43
1319.99
1331.97
1343.32
1353.99
1363.94
1373.12
1381.46
1388.92
1395.44
1400.96
1405.45
1408.85
1411.14
1412.29
1001.48
1019.87
1038.15
1056.29
1074.29
1092.13
1109.77
1127.21
1144.43
1161.41
1178.12
1194.55
1210.67
1226.47
1241.91
1256.98
1271.65
1285.88
1299.64
1312.90
1325.63
1337.77
1349.30
1360.15
1370.27
1379.62
1388.13
1395.75
1402.41
1408.07
1412.66
1416.15
1418.50
1419.67
1004.33
1022.79
1041.14
1059.37
1077.45
1095.36
1113.09
1130.62
1147.93
1165.00
1181.81
1198.34
1214.58
1230.48
1246.05
1261.24
1276.03
1290.40
1304.30
1317.71
1330.58
1342.89
1354.57
1365.58
1375.86
1385.37
1394.04
1401.80
1408.60
1414.38
1419.08
1422.65
1425.05
1426.26
1006.75
1025.27
1043.69
1061.98
1080.13
1098.11
1115.91
1133.52
1150.91
1168.06
1184.96
1201.58
1217.90
1233.91
1249.57
1264.87
1279.78
1294.26
1308.29
1321.82
1334.83
1347.27
1359.09
1370.25
1380.68
1390.33
1399.14
1407.03
1413.96
1419.85
1424.64
1428.29
1430.74
1431.97
1008.73
1027.31
1045.78
1064.13
1082.33
1100.37
1118.23
1135.90
1153.35
1170.57
1187.54
1204.24
1220.64
1236.73
1252.48
1267.87
1282.87
1297.45
1311.58
1325.22
1338.35
1350.90
1362.84
1374.12
1384.68
1394.45
1403.38
1411.40
1418.43
1424.42
1429.29
1433.00
1435.50
1436.76
1010.28
1028.90
1047.41
1065.80
1084.04
1102.13
1120.04
1137.76
1155.26
1172.54
1189.56
1206.31
1222.78
1238.93
1254.75
1270.21
1285.28
1299.94
1314.16
1327.89
1341.10
1353.75
1365.79
1377.17
1387.83
1397.70
1406.73
1414.84
1421.96
1428.03
1432.97
1436.74
1439.27
1440.55
1011.39
1030.04
1048.58
1067.00
1085.27
1103.39
1121.34
1139.09
1156.63
1173.94
1191.01
1207.80
1224.31
1240.51
1256.38
1271.89
1287.02
1301.74
1316.01
1329.81
1343.09
1355.81
1367.92
1379.37
1390.10
1400.05
1409.15
1417.33
1424.52
1430.64
1435.64
1439.44
1442.01
1443.30
1012.06
1030.72
1049.28
1067.71
1086.01
1104.15
1122.12
1139.89
1157.45
1174.79
1191.88
1208.70
1225.23
1241.46
1257.36
1272.90
1288.06
1302.82
1317.13
1330.96
1344.28
1357.04
1369.20
1380.69
1391.47
1401.46
1410.61
1418.83
1426.06
1432.23
1437.25
1441.08
1443.66
1444.96
1012.28
1030.95
1049.51
1067.95
1086.26
1104.40
1122.38
1140.16
1157.73
1175.07
1192.16
1209.00
1225.54
1241.78
1257.68
1273.24
1288.41
1303.18
1317.50
1331.35
1344.68
1357.46
1369.63
1381.13
1391.93
1401.94
1411.10
1419.34
1426.58
1432.75
1437.79
1441.63
1444.22
1445.52
1012.05
1030.72
1049.28
1067.71
1086.01
1104.15
1122.12
1139.89
1157.45
1174.79
1191.87
1208.69
1225.23
1241.46
1257.36
1272.90
1288.06
1302.81
1317.13
1330.96
1344.28
1357.04
1369.20
1380.69
1391.47
1401.46
1410.60
1418.83
1426.06
1432.22
1437.25
1441.08
1443.66
1444.96
1011.39
1030.03
1048.57
1066.99
1085.27
1103.39
1121.34
1139.09
1156.63
1173.94
1191.00
1207.80
1224.31
1240.51
1256.37
1271.89
1287.01
1301.73
1316.01
1329.80
1343.08
1355.80
1367.91
1379.36
1390.09
1400.04
1409.14
1417.32
1424.51
1430.64
1435.63
1439.44
1442.00
1443.29
1010.28
1028.89
1047.41
1065.79
1084.04
1102.13
1120.04
1137.75
1155.26
1172.53
1189.55
1206.31
1222.77
1238.92
1254.74
1270.20
1285.28
1299.94
1314.15
1327.88
1341.10
1353.75
1365.78
1377.16
1387.82
1397.69
1406.72
1414.83
1421.95
1428.02
1432.96
1436.73
1439.26
1440.54
1008.73
1027.30
1045.77
1064.12
1082.32
1100.36
1118.23
1135.89
1153.35
1170.57
1187.53
1204.23
1220.63
1236.72
1252.47
1267.86
1282.86
1297.44
1311.57
1325.21
1338.34
1350.89
1362.83
1374.11
1384.66
1394.44
1403.37
1411.38
1418.41
1424.40
1429.28
1432.99
1435.49
1436.74
1006.74
1025.26
1043.68
1061.97
1080.12
1098.10
1115.91
1133.51
1150.90
1168.05
1184.95
1201.57
1217.89
1233.90
1249.56
1264.86
1279.76
1294.25
1308.27
1321.81
1334.82
1347.26
1359.08
1370.23
1380.66
1390.31
1399.12
1407.02
1413.94
1419.83
1424.62
1428.27
1430.72
1431.95
1004.32
1022.78
1041.13
1059.36
1077.44
1095.35
1113.08
1130.61
1147.92
1164.99
1181.80
1198.33
1214.56
1230.47
1246.03
1261.22
1276.02
1290.38
1304.28
1317.69
1330.57
1342.87
1354.55
1365.56
1375.84
1385.35
1394.02
1401.78
1408.58
1414.36
1419.06
1422.63
1425.03
1426.23
1001.47
1019.86
1038.14
1056.28
1074.28
1092.11
1109.76
1127.20
1144.42
1161.39
1178.11
1194.53
1210.66
1226.45
1241.90
1256.97
1271.63
1285.86
1299.62
1312.88
1325.61
1337.75
1349.28
1360.12
1370.25
1379.59
1388.10
1395.72
1402.39
1408.04
1412.64
1416.13
1418.47
1419.65
998.19
1016.50
1034.69
1052.75
1070.66
1088.40
1105.95
1123.29
1140.41
1157.27
1173.87
1190.19
1206.19
1221.86
1237.17
1252.10
1266.62
1280.70
1294.31
1307.41
1319.97
1331.95
1343.29
1353.97
1363.92
1373.09
1381.43
1388.89
1395.41
1400.94
1405.42
1408.82
1411.11
1412.26
994.50
1012.71
1030.81
1048.77
1066.58
1084.22
1101.66
1118.89
1135.89
1152.64
1169.12
1185.30
1201.17
1216.70
1231.87
1246.65
1261.01
1274.93
1288.37
1301.30
1313.68
1325.47
1336.64
1347.12
1356.89
1365.88
1374.05
1381.34
1387.71
1393.10
1397.47
1400.79
1403.01
1404.13
990.40
1008.51
1026.50
1044.35
1062.05
1079.57
1096.90
1114.01
1130.88
1147.50
1163.84
1179.89
1195.62
1211.00
1226.01
1240.63
1254.82
1268.57
1281.83
1294.58
1306.77
1318.37
1329.34
1339.64
1349.21
1358.01
1366.00
1373.13
1379.34
1384.59
1388.85
1392.08
1394.24
1395.33
985.89
1003.89
1021.76
1039.50
1057.08
1074.48
1091.67
1108.65
1125.39
1141.88
1158.07
1173.97
1189.54
1204.76
1219.61
1234.06
1248.08
1261.64
1274.72
1287.27
1299.27
1310.68
1321.45
1331.54
1340.92
1349.53
1357.34
1364.29
1370.35
1375.47
1379.61
1382.75
1384.85
1385.90
980.99
998.86
1016.62
1034.23
1051.68
1068.94
1086.00
1102.84
1119.44
1135.77
1151.82
1167.56
1182.97
1198.02
1212.70
1226.97
1240.80
1254.18
1267.06
1279.42
1291.21
1302.42
1312.98
1322.88
1332.06
1340.48
1348.10
1354.89
1360.79
1365.77
1369.80
1372.85
1374.89
1375.92
975.70
993.45
1011.07
1028.54
1045.85
1062.98
1079.90
1096.59
1113.03
1129.21
1145.10
1160.67
1175.91
1190.79
1205.28
1219.37
1233.02
1246.20
1258.88
1271.04
1282.63
1293.63
1303.99
1313.68
1322.66
1330.89
1338.34
1344.95
1350.70
1355.55
1359.47
1362.43
1364.42
1365.41
970.03
987.64
1005.12
1022.46
1039.62
1056.60
1073.36
1089.90
1106.19
1122.20
1137.92
1153.32
1168.38
1183.08
1197.39
1211.29
1224.74
1237.72
1250.20
1262.16
1273.54
1284.33
1294.49
1303.98
1312.77
1320.81
1328.08
1334.53
1340.13
1344.85
1348.66
1351.54
1353.47
1354.44
964.00
981.46
998.80
1015.98
1032.99
1049.81
1066.42
1082.79
1098.91
1114.76
1130.30
1145.53
1160.41
1174.92
1189.04
1202.74
1216.00
1228.78
1241.06
1252.80
1263.99
1274.57
1284.53
1293.82
1302.41
1310.27
1317.36
1323.65
1329.11
1333.70
1337.41
1340.21
1342.09
1343.03
957.60
974.92
992.10
1009.12
1025.98
1042.63
1059.08
1075.28
1091.23
1106.90
1122.27
1137.31
1152.00
1166.33
1180.25
1193.75
1206.81
1219.39
1231.46
1243.01
1253.98
1264.36
1274.12
1283.21
1291.62
1299.30
1306.22
1312.35
1317.67
1322.15
1325.75
1328.48
1330.30
1331.21
950.86
968.02
985.04
1001.90
1018.59
1035.08
1051.35
1067.38
1083.15
1098.64
1113.82
1128.68
1143.18
1157.31
1171.04
1184.35
1197.20
1209.58
1221.45
1232.79
1243.56
1253.74
1263.30
1272.20
1280.42
1287.92
1294.68
1300.66
1305.85
1310.21
1313.72
1316.37
1318.14
1319.03
943.79
960.78
977.63
994.32
1010.84
1027.15
1043.25
1059.10
1074.69
1090.00
1104.99
1119.66
1133.97
1147.90
1161.44
1174.54
1187.19
1199.37
1211.03
1222.17
1232.74
1242.72
1252.09
1260.80
1268.84
1276.17
1282.77
1288.61
1293.67
1297.92
1301.34
1303.92
1305.64
1306.51
936.39
953.20
969.88
986.40
1002.74
1018.88
1034.79
1050.46
1065.87
1080.98
1095.79
1110.26
1124.38
1138.11
1151.45
1164.35
1176.80
1188.78
1200.24
1211.18
1221.55
1231.34
1240.51
1249.05
1256.91
1264.08
1270.52
1276.22
1281.15
1285.29
1288.63
1291.14
1292.83
1293.67
928.68
945.32
961.82
978.15
994.31
1010.27
1026.00
1041.48
1056.69
1071.62
1086.23
1100.51
1114.43
1127.97
1141.10
1153.80
1166.05
1177.82
1189.09
1199.83
1210.01
1219.61
1228.60
1236.95
1244.64
1251.65
1257.95
1263.52
1268.33
1272.37
1275.62
1278.07
1279.71
1280.53
920.66
937.12
953.44
969.59
985.56
1001.33
1016.87
1032.16
1047.18
1061.91
1076.33
1090.41
1104.13
1117.47
1130.41
1142.91
1154.96
1166.53
1177.60
1188.15
1198.14
1207.55
1216.36
1224.54
1232.07
1238.92
1245.08
1250.51
1255.21
1259.16
1262.33
1264.72
1266.32
1267.11
912.36
928.63
944.76
960.73
976.51
992.08
1007.43
1022.53
1037.36
1051.89
1066.11
1079.99
1093.51
1106.65
1119.39
1131.69
1143.55
1154.92
1165.80
1176.15
1185.95
1195.18
1203.82
1211.83
1219.20
1225.90
1231.92
1237.24
1241.83
1245.68
1248.77
1251.11
1252.66
1253.44
903.79
919.87
935.80
951.57
967.16
982.54
997.69
1012.59
1027.22
1041.56
1055.58
1069.27
1082.59
1095.53
1108.07
1120.17
1131.83
1143.01
1153.70
1163.86
1173.48
1182.53
1190.99
1198.84
1206.06
1212.62
1218.51
1223.70
1228.19
1231.95
1234.97
1237.25
1238.77
1239.53
894.95
910.83
926.57
942.15
957.54
972.72
987.67
1002.37
1016.81
1030.94
1044.76
1058.25
1071.37
1084.11
1096.45
1108.36
1119.83
1130.82
1141.31
1151.29
1160.73
1169.61
1177.91
1185.60
1192.67
1199.09
1204.85
1209.93
1214.31
1217.99
1220.95
1223.17
1224.65
1225.40
885.87
901.55
917.09
932.46
947.65
962.63
977.38
991.89
1006.12
1020.05
1033.67
1046.96
1059.88
1072.43
1084.57
1096.29
1107.56
1118.36
1128.67
1138.47
1147.73
1156.44
1164.58
1172.11
1179.04
1185.32
1190.96
1195.93
1200.22
1203.82
1206.70
1208.88
1210.33
1211.05
876.55
892.03
907.36
922.53
937.52
952.30
966.85
981.15
995.17
1008.91
1022.33
1035.41
1048.14
1060.48
1072.43
1083.96
1095.04
1105.65
1115.78
1125.40
1134.49
1143.04
1151.01
1158.40
1165.19
1171.35
1176.86
1181.73
1185.93
1189.44
1192.26
1194.39
1195.81
1196.52
867.01
882.28
897.41
912.38
927.15
941.73
956.07
970.17
983.99
997.52
1010.74
1023.63
1036.15
1048.31
1060.06
1071.39
1082.28
1092.71
1102.66
1112.11
1121.04
1129.42
1137.24
1144.49
1151.13
1157.17
1162.57
1167.33
1171.44
1174.88
1177.64
1179.72
1181.11
1181.80
857.27
872.33
887.25
902.01
916.58
930.94
945.08
958.97
972.59
985.92
998.93
1011.62
1023.95
1035.91
1047.47
1058.61
1069.32
1079.57
1089.34
1098.62
1107.38
1115.60
1123.28
1130.38
1136.89
1142.81
1148.10
1152.76
1156.79
1160.15
1162.86
1164.89
1166.25
1166.93
847.34
862.19
876.89
891.44
905.80
919.95
933.88
947.57
960.98
974.11
986.92
999.41
1011.54
1023.30
1034.67
1045.63
1056.15
1066.23
1075.83
1084.93
1093.53
1101.61
1109.13
1116.10
1122.48
1128.28
1133.47
1138.04
1141.97
1145.27
1147.92
1149.91
1151.24
1151.90
837.24
851.87
866.36
880.69
894.84
908.78
922.50
935.98
949.19
962.11
974.72
987.01
998.95
1010.52
1021.70
1032.47
1042.81
1052.71
1062.14
1071.08
1079.52
1087.44
1094.83
1101.66
1107.92
1113.60
1118.69
1123.16
1127.02
1130.25
1132.84
1134.79
1136.09
1136.74
826.98
841.39
855.66
869.78
883.71
897.44
910.95
924.22
937.22
949.94
962.35
974.44
986.19
997.56
1008.56
1019.14
1029.31
1039.03
1048.29
1057.08
1065.36
1073.14
1080.38
1087.08
1093.22
1098.79
1103.78
1108.16
1111.94
1115.10
1117.64
1119.55
1120.83
1121.46
816.58
830.77
844.82
858.72
872.43
885.95
899.25
912.31
925.11
937.62
949.83
961.73
973.27
984.46
995.27
1005.67
1015.66
1025.21
1034.31
1042.93
1051.07
1058.70
1065.81
1072.38
1078.41
1083.87
1088.75
1093.05
1096.75
1099.85
1102.34
1104.21
1105.46
1106.08
806.05
820.02
833.85
847.53
861.03
874.33
887.42
900.27
912.86
925.17
937.18
948.88
960.23
971.23
981.85
992.08
1001.89
1011.28
1020.21
1028.68
1036.66
1044.15
1051.13
1057.58
1063.49
1068.84
1073.63
1077.85
1081.48
1084.51
1086.95
1088.78
1090.01
1090.62
795.42
809.16
822.77
836.22
849.51
862.60
875.47
888.11
900.50
912.60
924.42
935.92
947.08
957.89
968.33
978.38
988.02
997.24
1006.01
1014.32
1022.16
1029.51
1036.36
1042.69
1048.48
1053.73
1058.43
1062.56
1066.12
1069.10
1071.49
1073.29
1074.49
1075.08
784.69
798.21
811.59
824.83
837.90
850.77
863.43
875.86
888.04
899.94
911.56
922.86
933.83
944.46
954.72
964.59
974.06
983.11
991.73
999.89
1007.59
1014.80
1021.52
1027.73
1033.41
1038.57
1043.17
1047.23
1050.72
1053.64
1055.98
1057.74
1058.91
1059.50
773.90
787.19
800.35
813.36
826.21
838.86
851.31
863.53
875.50
887.21
898.62
909.73
920.52
930.96
941.04
950.74
960.04
968.93
977.39
985.40
992.96
1000.04
1006.63
1012.72
1018.30
1023.36
1027.87
1031.85
1035.27
1038.13
1040.43
1042.16
1043.31
1043.88
763.05
776.11
789.05
801.84
814.46
826.90
839.14
851.15
862.92
874.42
885.64
896.55
907.15
917.41
927.31
936.84
945.97
954.70
963.01
970.88
978.29
985.24
991.71
997.69
1003.16
1008.12
1012.55
1016.45
1019.81
1022.61
1024.87
1026.56
1027.69
1028.25
752.17
765.00
777.71
790.28
802.68
814.91
826.93
838.73
850.29
861.60
872.62
883.34
893.75
903.83
913.55
922.91
931.88
940.45
948.61
956.34
963.62
970.44
976.79
982.65
988.02
992.88
997.23
1001.06
1004.35
1007.10
1009.31
1010.97
1012.08
1012.63
741.28
753.88
766.36
778.71
790.89
802.90
814.71
826.30
837.66
848.76
859.59
870.12
880.35
890.24
899.79
908.98
917.79
926.21
934.22
941.80
948.95
955.64
961.87
967.63
972.89
977.67
981.93
985.68
988.91
991.61
993.78
995.41
996.49
997.03
730.40
742.76
755.02
767.14
779.11
790.90
802.50
813.88
825.03
835.94
846.57
856.92
866.96
876.67
886.05
895.08
903.73
911.99
919.85
927.29
934.31
940.88
946.99
952.64
957.81
962.49
966.68
970.36
973.52
976.17
978.30
979.89
980.96
981.49
719.54
731.68
743.70
755.60
767.35
778.92
790.31
801.49
812.44
823.15
833.59
843.75
853.61
863.15
872.35
881.21
889.70
897.82
905.53
912.84
919.72
926.17
932.17
937.71
942.79
947.38
951.49
955.10
958.20
960.80
962.89
964.45
965.50
966.02
708.73
720.64
732.44
744.11
755.64
767.01
778.18
789.16
799.91
810.42
820.67
830.64
840.32
849.68
858.72
867.42
875.76
883.72
891.29
898.46
905.22
911.55
917.44
922.88
927.85
932.36
936.39
939.93
942.98
945.53
947.57
949.11
950.13
950.65
697.99
709.67
721.25
732.70
744.01
755.16
766.13
776.90
787.45
797.77
807.83
817.62
827.12
836.31
845.18
853.72
861.90
869.72
877.15
884.19
890.82
897.03
902.81
908.15
913.03
917.46
921.41
924.88
927.87
930.37
932.38
933.89
934.89
935.40
687.35
698.80
710.15
721.39
732.48
743.42
754.18
764.75
775.10
785.22
795.10
804.70
814.03
823.05
831.76
840.14
848.17
855.84
863.14
870.05
876.56
882.65
888.32
893.56
898.35
902.69
906.57
909.98
912.92
915.37
917.34
918.82
919.80
920.30
676.82
688.05
699.18
710.19
721.07
731.80
742.36
752.72
762.88
772.82
782.50
791.93
801.08
809.94
818.49
826.71
834.59
842.12
849.28
856.06
862.45
868.43
874.00
879.14
883.84
888.10
891.91
895.25
898.13
900.54
902.47
903.92
904.89
905.38
666.44
677.44
688.35
699.15
709.81
720.33
730.69
740.86
750.82
760.57
770.07
779.32
788.30
797.00
805.38
813.45
821.19
828.58
835.61
842.26
848.53
854.40
859.86
864.91
869.53
873.71
877.44
880.73
883.55
885.91
887.81
889.23
890.18
890.66
656.22
667.00
677.69
688.27
698.73
709.05
719.20
729.17
738.95
748.51
757.83
766.91
775.72
784.25
792.48
800.40
808.00
815.25
822.15
828.68
834.83
840.59
845.96
850.91
855.44
859.54
863.21
866.43
869.20
871.52
873.38
874.78
875.71
876.18
646.19
656.74
667.22
677.59
687.85
697.96
707.92
717.70
727.29
736.66
745.81
754.72
763.37
771.74
779.81
787.59
795.04
802.16
808.93
815.34
821.38
827.04
832.30
837.16
841.61
845.63
849.23
852.40
855.12
857.40
859.22
860.60
861.51
861.97
636.37
646.71
656.98
667.14
677.19
687.11
696.87
706.46
715.87
725.06
734.04
742.78
751.26
759.48
767.41
775.04
782.35
789.34
795.98
802.28
808.21
813.76
818.93
823.70
828.07
832.02
835.55
838.66
841.33
843.57
845.36
846.71
847.61
848.06
626.79
636.92
646.98
656.94
666.79
676.51
686.08
695.49
704.72
713.74
722.55
731.12
739.45
747.51
755.29
762.78
769.96
776.82
783.35
789.53
795.35
800.80
805.87
810.56
814.85
818.73
822.20
825.25
827.88
830.07
831.83
833.16
834.04
834.48
617.48
627.40
637.25
647.02
656.67
666.20
675.59
684.82
693.87
702.72
711.36
719.78
727.95
735.86
743.50
750.85
757.90
764.64
771.05
777.12
782.83
788.19
793.17
797.77
801.98
805.80
809.21
812.20
814.78
816.94
818.67
819.97
820.84
821.27
608.46
618.18
627.83
637.40
646.87
656.21
665.42
674.47
683.35
692.04
700.52
708.78
716.80
724.57
732.07
739.29
746.21
752.83
759.12
765.08
770.70
775.96
780.85
785.38
789.51
793.26
796.61
799.55
802.09
804.21
805.91
807.18
808.03
808.46
599.75
609.28
618.74
628.12
637.40
646.57
655.60
664.48
673.19
681.72
690.04
698.15
706.03
713.66
721.03
728.12
734.92
741.42
747.60
753.46
758.98
764.15
768.96
773.40
777.47
781.15
784.44
787.33
789.83
791.91
793.58
794.83
795.67
796.09
591.39
600.72
610.00
619.20
628.30
637.29
646.16
654.87
663.42
671.80
679.97
687.94
695.67
703.17
710.41
717.38
724.06
730.45
736.52
742.28
747.70
752.79
757.52
761.88
765.88
769.50
772.74
775.58
778.03
780.08
781.72
782.96
783.78
784.19
583.39
592.55
601.64
610.67
619.60
628.43
637.13
645.68
654.08
662.30
670.34
678.16
685.76
693.13
700.24
707.09
713.66
719.94
725.92
731.58
736.92
741.91
746.57
750.86
754.79
758.36
761.54
764.34
766.75
768.76
770.38
771.59
772.40
772.81
575.79
584.77
593.70
602.55
611.32
619.99
628.53
636.94
645.19
653.27
661.16
668.86
676.33
683.57
690.57
697.31
703.77
709.95
715.83
721.40
726.65
731.56
736.14
740.37
744.24
747.75
750.88
753.63
756.01
757.99
759.58
760.77
761.57
761.97
568.61
577.42
586.19
594.88
603.50
612.01
620.41
628.67
636.78
644.73
652.49
660.06
667.41
674.54
681.42
688.05
694.41
700.49
706.28
711.76
716.93
721.77
726.28
730.44
734.25
737.71
740.79
743.51
745.84
747.80
749.36
750.54
751.33
751.72
561.87
570.53
579.14
587.68
596.15
604.52
612.78
620.91
628.89
636.70
644.34
651.79
659.03
666.04
672.82
679.35
685.62
691.61
697.31
702.71
707.80
712.57
717.01
721.12
724.87
728.28
731.32
733.99
736.29
738.22
739.76
740.92
741.70
742.09
555.60
564.11
572.58
580.98
589.31
597.55
605.67
613.67
621.53
629.23
636.75
644.09
651.22
658.13
664.81
671.25
677.42
683.33
688.95
694.27
699.29
704.00
708.38
712.43
716.13
719.49
722.49
725.12
727.39
729.29
730.82
731.96
732.73
733.11
549.82
558.19
566.53
574.80
583.00
591.11
599.12
607.00
614.74
622.33
629.75
636.98
644.02
650.83
657.42
663.77
669.86
675.69
681.23
686.49
691.44
696.09
700.41
704.40
708.06
711.37
714.33
716.94
719.18
721.06
722.56
723.69
724.44
724.82
548.91
557.29
565.63
573.91
582.12
590.24
598.26
606.15
613.90
621.50
628.93
636.18
643.22
650.05
656.65
663.01
669.12
674.95
680.51
685.78
690.74
695.40
699.73
703.73
707.40
710.72
713.69
716.30
718.55
720.43
721.93
723.07
723.82
724.20
554.72
563.23
571.70
580.12
588.46
596.70
604.84
612.85
620.72
628.43
635.97
643.32
650.46
657.39
664.08
670.53
676.72
682.63
688.26
693.60
698.63
703.35
707.74
711.80
715.51
718.87
721.88
724.53
726.80
728.71
730.23
731.38
732.15
732.53
561.01
569.67
578.29
586.85
595.32
603.70
611.97
620.11
628.11
635.94
643.59
651.05
658.30
665.33
672.13
678.67
684.95
690.95
696.66
702.08
707.18
711.97
716.42
720.53
724.30
727.71
730.76
733.44
735.75
737.68
739.23
740.39
741.17
741.55
567.77
576.59
585.36
594.07
602.70
611.22
619.63
627.91
636.04
644.00
651.77
659.35
666.72
673.86
680.76
687.41
693.78
699.88
705.68
711.17
716.36
721.21
725.73
729.90
733.73
737.19
740.28
743.00
745.34
747.30
748.87
750.06
750.84
751.24
574.98
583.97
592.90
601.77
610.55
619.23
627.79
636.21
644.48
652.58
660.49
668.19
675.68
682.94
689.96
696.71
703.19
709.38
715.27
720.86
726.12
731.05
735.64
739.88
743.76
747.28
750.42
753.18
755.56
757.55
759.14
760.34
761.14
761.54
582.60
591.77
600.88
609.92
618.86
627.70
636.42
644.99
653.41
661.65
669.70
677.54
685.16
692.54
699.67
706.54
713.13
719.42
725.41
731.09
736.44
741.45
746.12
750.42
754.37
757.94
761.13
763.94
766.36
768.38
770.00
771.22
772.03
772.43
590.63
599.97
609.26
618.48
627.60
636.61
645.49
654.22
662.79
671.18
679.38
687.36
695.11
702.63
709.88
716.87
723.57
729.97
736.07
741.84
747.28
752.38
757.12
761.50
765.51
769.14
772.39
775.24
777.70
779.75
781.40
782.64
783.46
783.88
599.02
608.56
618.03
627.43
636.73
645.92
654.97
663.86
672.60
681.14
689.49
697.62
705.51
713.16
720.55
727.66
734.48
741.00
747.20
753.07
758.61
763.79
768.62
773.07
777.15
780.84
784.15
787.05
789.55
791.64
793.31
794.57
795.41
795.83
607.75
617.49
627.16
636.75
646.23
655.60
664.83
673.90
682.80
691.50
700.01
708.29
716.33
724.12
731.64
738.88
745.82
752.46
758.77
764.75
770.38
775.66
780.57
785.10
789.25
793.01
796.37
799.33
801.87
803.99
805.70
806.98
807.84
808.26
616.80
626.75
636.62
646.40
656.08
665.63
675.04
684.29
693.36
702.23
710.90
719.33
727.53
735.46
743.12
750.50
757.57
764.32
770.75
776.84
782.57
787.94
792.94
797.56
801.79
805.61
809.03
812.04
814.62
816.79
818.52
819.83
820.70
821.13
626.15
636.30
646.37
656.36
666.23
675.97
685.57
695.00
704.25
713.30
722.13
730.73
739.08
747.16
754.97
762.48
769.68
776.56
783.11
789.30
795.14
800.61
805.71
810.41
814.71
818.60
822.09
825.15
827.78
829.98
831.75
833.08
833.96
834.41
635.76
646.12
656.41
666.60
676.67
686.61
696.40
706.01
715.44
724.67
733.67
742.43
750.94
759.18
767.13
774.78
782.12
789.13
795.80
802.11
808.06
813.63
818.82
823.61
827.99
831.96
835.50
838.62
841.30
843.55
845.34
846.70
847.60
848.05
645.61
656.19
666.69
677.09
687.36
697.50
707.49
717.29
726.91
736.31
745.49
754.42
763.09
771.49
779.59
787.39
794.87
802.01
808.80
815.23
821.29
826.97
832.25
837.13
841.59
845.63
849.25
852.42
855.15
857.44
859.27
860.65
861.57
862.03
655.67
666.47
677.19
687.80
698.29
708.63
718.81
728.81
738.62
748.20
757.56
766.66
775.50
784.06
792.32
800.26
807.88
815.16
822.08
828.63
834.81
840.59
845.97
850.94
855.49
859.60
863.28
866.52
869.30
871.63
873.50
874.90
875.84
876.30
665.93
676.95
687.89
698.71
709.41
719.96
730.34
740.54
750.54
760.31
769.85
779.13
788.14
796.86
805.27
813.37
821.13
828.54
835.60
842.28
848.57
854.46
859.94
865.00
869.64
873.83
877.58
880.88
883.72
886.09
887.99
889.42
890.37
890.85
676.35
687.60
698.76
709.80
720.71
731.47
742.06
752.45
762.64
772.61
782.33
791.79
800.97
809.85
818.43
826.68
834.59
842.14
849.33
856.14
862.55
868.55
874.14
879.30
884.02
888.29
892.11
895.47
898.36
900.78
902.72
904.18
905.15
905.63
686.91
698.39
709.77
721.03
732.16
743.13
753.92
764.52
774.91
785.06
794.97
804.61
813.96
823.02
831.76
840.17
848.23
855.92
863.25
870.18
876.71
882.83
888.53
893.78
898.59
902.95
906.84
910.27
913.21
915.68
917.65
919.14
920.13
920.62
697.58
709.29
720.90
732.39
743.73
754.91
765.92
776.72
787.31
797.65
807.75
817.57
827.10
836.33
845.24
853.80
862.01
869.86
877.32
884.39
891.04
897.28
903.08
908.44
913.34
917.78
921.75
925.24
928.24
930.75
932.76
934.28
935.29
935.79
708.35
720.30
732.13
743.84
755.40
766.80
778.01
789.02
799.81
810.35
820.64
830.64
840.36
849.76
858.83
867.56
875.92
883.92
891.52
898.72
905.50
911.86
917.77
923.23
928.22
932.75
936.79
940.35
943.41
945.97
948.02
949.57
950.60
951.11
719.20
731.37
743.43
755.37
767.15
778.76
790.19
801.40
812.39
823.13
833.61
843.80
853.70
863.27
872.52
881.41
889.93
898.07
905.82
913.16
920.07
926.54
932.57
938.13
943.22
947.84
951.96
955.58
958.70
961.31
963.41
964.98
966.03
966.55
730.09
742.49
754.79
766.94
778.95
790.78
802.41
813.84
825.03
835.97
846.64
857.02
867.10
876.86
886.27
895.33
904.01
912.31
920.20
927.67
934.71
941.31
947.45
953.12
958.31
963.01
967.22
970.91
974.09
976.75
978.89
980.49
981.56
982.09
741.01
753.65
766.17
778.55
790.77
802.82
814.67
826.30
837.70
848.84
859.71
870.28
880.54
890.48
900.06
909.29
918.13
926.58
934.62
942.24
949.41
956.14
962.39
968.17
973.46
978.26
982.54
986.31
989.55
992.26
994.44
996.07
997.16
997.71
751.94
764.80
777.55
790.16
802.61
814.87
826.94
838.78
850.38
861.72
872.79
883.55
894.00
904.12
913.88
923.27
932.28
940.89
949.08
956.84
964.15
971.00
977.37
983.26
988.65
993.54
997.91
1001.75
1005.05
1007.82
1010.04
1011.71
1012.82
1013.37
762.85
775.95
788.93
801.76
814.43
826.91
839.19
851.24
863.05
874.59
885.85
896.81
907.45
917.75
927.69
937.25
946.43
955.19
963.54
971.44
978.89
985.87
992.36
998.37
1003.86
1008.84
1013.30
1017.21
1020.58
1023.40
1025.66
1027.37
1028.50
1029.07
773.73
787.06
800.26
813.32
826.21
838.91
851.40
863.67
875.68
887.43
898.89
910.04
920.87
931.35
941.47
951.21
960.55
969.48
977.98
986.03
993.61
1000.72
1007.35
1013.46
1019.07
1024.14
1028.68
1032.68
1036.11
1038.99
1041.30
1043.03
1044.19
1044.77
784.56
798.12
811.55
824.83
837.94
850.86
863.56
876.04
888.26
900.21
911.87
923.22
934.24
944.91
955.21
965.12
974.63
983.72
992.37
1000.57
1008.30
1015.55
1022.30
1028.54
1034.25
1039.42
1044.05
1048.12
1051.63
1054.56
1056.92
1058.68
1059.87
1060.46
795.31
809.10
822.76
836.26
849.59
862.73
875.65
888.33
900.77
912.92
924.78
936.32
947.53
958.39
968.87
978.96
988.65
997.90
1006.71
1015.07
1022.94
1030.32
1037.20
1043.56
1049.38
1054.66
1059.38
1063.53
1067.11
1070.10
1072.50
1074.30
1075.51
1076.11
805.98
819.99
833.87
847.60
861.15
874.50
887.64
900.53
913.17
925.53
937.59
949.33
960.74
971.78
982.45
992.72
1002.58
1012.00
1020.97
1029.48
1037.50
1045.03
1052.03
1058.51
1064.45
1069.83
1074.64
1078.88
1082.53
1085.58
1088.03
1089.87
1091.10
1091.72
816.54
830.77
844.88
858.82
872.59
886.16
899.51
912.62
925.46
938.03
950.29
962.23
973.83
985.06
995.91
1006.37
1016.40
1025.99
1035.13
1043.80
1051.97
1059.63
1066.78
1073.38
1079.44
1084.92
1089.83
1094.15
1097.88
1100.99
1103.49
1105.37
1106.63
1107.25
826.97
841.43
855.75
869.92
883.90
897.69
911.25
924.57
937.62
950.39
962.86
975.00
986.79
998.21
1009.25
1019.89
1030.10
1039.87
1049.17
1058.00
1066.32
1074.13
1081.41
1088.15
1094.32
1099.92
1104.93
1109.33
1113.13
1116.31
1118.87
1120.78
1122.07
1122.71
837.26
851.94
866.49
880.87
895.07
909.07
922.84
936.37
949.63
962.60
975.27
987.61
999.60
1011.22
1022.45
1033.27
1043.66
1053.60
1063.07
1072.06
1080.54
1088.50
1095.92
1102.79
1109.09
1114.79
1119.91
1124.40
1128.28
1131.53
1134.14
1136.09
1137.40
1138.06
847.40
862.29
877.05
891.65
906.06
920.27
934.26
948.00
961.47
974.64
987.51
1000.05
1012.24
1024.05
1035.47
1046.48
1057.05
1067.17
1076.82
1085.97
1094.61
1102.73
1110.29
1117.29
1123.71
1129.54
1134.76
1139.35
1143.31
1146.62
1149.28
1151.29
1152.62
1153.29
857.36
872.47
887.44
902.25
916.88
931.30
945.49
959.44
973.11
986.50
999.57
1012.31
1024.69
1036.70
1048.32
1059.51
1070.27
1080.57
1090.39
1099.71
1108.52
1116.79
1124.50
1131.64
1138.19
1144.14
1149.46
1154.15
1158.19
1161.58
1164.30
1166.34
1167.71
1168.39
867.13
882.45
897.64
912.66
927.49
942.12
956.52
970.67
984.56
998.15
1011.42
1024.36
1036.95
1049.15
1060.96
1072.35
1083.29
1093.77
1103.77
1113.27
1122.24
1130.67
1138.53
1145.82
1152.50
1158.57
1164.00
1168.79
1172.92
1176.38
1179.16
1181.25
1182.65
1183.35
876.69
892.22
907.62
922.85
937.89
952.73
967.33
981.69
995.78
1009.57
1023.05
1036.19
1048.98
1061.38
1073.38
1084.96
1096.10
1106.76
1116.95
1126.62
1135.76
1144.35
1152.37
1159.80
1166.62
1172.82
1178.37
1183.26
1187.48
1191.02
1193.86
1196.00
1197.43
1198.14
886.04
901.78
917.37
932.81
948.05
963.09
977.91
992.47
1006.76
1020.76
1034.44
1047.78
1060.77
1073.37
1085.57
1097.34
1108.67
1119.53
1129.89
1139.74
1149.06
1157.82
1166.00
1173.58
1180.54
1186.87
1192.54
1197.54
1201.86
1205.48
1208.38
1210.57
1212.03
1212.76
895.15
911.09
926.89
942.52
957.97
973.21
988.23
1002.99
1017.49
1031.68
1045.57
1059.11
1072.30
1085.10
1097.50
1109.47
1120.99
1132.04
1142.59
1152.63
1162.12
1171.05
1179.40
1187.13
1194.24
1200.71
1206.50
1211.62
1216.03
1219.73
1222.71
1224.95
1226.44
1227.19
904.01
920.15
936.14
951.98
967.63
983.07
998.28
1013.25
1027.94
1042.34
1056.43
1070.17
1083.56
1096.56
1109.16
1121.33
1133.05
1144.29
1155.03
1165.25
1174.93
1184.04
1192.55
1200.45
1207.71
1214.31
1220.24
1225.47
1229.99
1233.78
1236.82
1239.11
1240.65
1241.41
912.61
928.94
945.13
961.16
977.00
992.64
1008.05
1023.22
1038.11
1052.71
1066.99
1080.94
1094.53
1107.73
1120.53
1132.90
1144.82
1156.26
1167.19
1177.60
1187.47
1196.75
1205.44
1213.51
1220.92
1227.68
1233.74
1239.09
1243.71
1247.59
1250.71
1253.06
1254.63
1255.41
920.93
937.45
953.83
970.05
986.09
1001.92
1017.52
1032.88
1047.97
1062.77
1077.25
1091.40
1105.19
1118.59
1131.59
1144.17
1156.28
1167.92
1179.05
1189.66
1199.71
1209.18
1218.05
1226.29
1233.87
1240.77
1246.97
1252.45
1257.19
1261.16
1264.36
1266.77
1268.38
1269.18
928.97
945.67
962.24
978.64
994.86
1010.88
1026.68
1042.23
1057.51
1072.51
1087.19
1101.53
1115.52
1129.13
1142.33
1155.11
1167.42
1179.26
1190.60
1201.40
1211.65
1221.31
1230.36
1238.77
1246.52
1253.58
1259.93
1265.54
1270.39
1274.47
1277.75
1280.22
1281.87
1282.70
936.70
953.59
970.33
986.92
1003.32
1019.53
1035.51
1051.25
1066.72
1081.91
1096.78
1111.33
1125.51
1139.32
1152.73
1165.70
1178.23
1190.27
1201.81
1212.81
1223.26
1233.11
1242.35
1250.95
1258.87
1266.10
1272.59
1278.34
1283.32
1287.49
1290.86
1293.40
1295.09
1295.94
944.13
961.18
978.10
994.86
1011.44
1027.83
1043.99
1059.92
1075.58
1090.95
1106.02
1120.76
1135.15
1149.15
1162.76
1175.94
1188.67
1200.91
1212.66
1223.87
1234.51
1244.57
1254.00
1262.78
1270.89
1278.28
1284.94
1290.83
1295.93
1300.22
1303.68
1306.28
1308.03
1308.90
951.22
968.44
985.53
1002.46
1019.22
1035.78
1052.12
1068.22
1084.07
1099.63
1114.89
1129.82
1144.40
1158.60
1172.41
1185.79
1198.73
1211.18
1223.13
1234.55
1245.40
1255.66
1265.29
1274.26
1282.55
1290.12
1296.94
1302.99
1308.22
1312.63
1316.18
1318.86
1320.65
1321.54
957.98
975.36
992.61
1009.71
1026.63
1043.36
1059.87
1076.15
1092.18
1107.92
1123.36
1138.48
1153.25
1167.66
1181.66
1195.25
1208.38
1221.05
1233.20
1244.83
1255.89
1266.35
1276.19
1285.36
1293.84
1301.59
1308.58
1314.78
1320.16
1324.68
1328.33
1331.09
1332.93
1333.86
964.39
981.92
999.33
1016.58
1033.67
1050.56
1067.24
1083.69
1099.89
1115.81
1131.43
1146.73
1161.70
1176.29
1190.49
1204.28
1217.62
1230.49
1242.85
1254.69
1265.96
1276.63
1286.68
1296.05
1304.73
1312.67
1319.83
1326.19
1331.72
1336.37
1340.12
1342.96
1344.86
1345.81
970.44
988.12
1005.67
1023.08
1040.32
1057.37
1074.21
1090.82
1107.18
1123.28
1139.08
1154.56
1169.71
1184.49
1198.88
1212.87
1226.41
1239.48
1252.06
1264.10
1275.59
1286.47
1296.72
1306.31
1315.18
1323.32
1330.66
1337.19
1342.86
1347.65
1351.51
1354.43
1356.39
1357.37
976.13
993.94
1011.64
1029.18
1046.57
1063.77
1080.76
1097.53
1114.06
1130.31
1146.28
1161.94
1177.26
1192.23
1206.82
1220.99
1234.73
1248.01
1260.79
1273.05
1284.74
1295.84
1306.30
1316.10
1325.18
1333.51
1341.04
1347.74
1353.57
1358.49
1362.47
1365.48
1367.49
1368.50
981.43
999.38
1017.20
1034.89
1052.41
1069.75
1086.89
1103.81
1120.49
1136.90
1153.03
1168.86
1184.36
1199.50
1214.27
1228.63
1242.57
1256.04
1269.03
1281.49
1293.40
1304.71
1315.38
1325.39
1334.68
1343.21
1350.93
1357.81
1363.80
1368.86
1372.96
1376.05
1378.13
1379.17
986.35
1004.41
1022.36
1040.18
1057.83
1075.30
1092.58
1109.64
1126.46
1143.03
1159.31
1175.30
1190.96
1206.28
1221.22
1235.77
1249.89
1263.56
1276.74
1289.41
1301.52
1313.04
1323.93
1334.15
1343.64
1352.37
1360.29
1367.35
1373.51
1378.71
1382.93
1386.12
1388.27
1389.34
990.86
1009.05
1027.11
1045.04
1062.81
1080.41
1097.82
1115.01
1131.97
1148.68
1165.11
1181.24
1197.06
1212.54
1227.65
1242.37
1256.68
1270.53
1283.91
1296.77
1309.09
1320.82
1331.91
1342.34
1352.04
1360.97
1369.09
1376.33
1382.65
1388.00
1392.34
1395.63
1397.84
1398.95
994.98
1013.26
1031.44
1049.47
1067.36
1085.07
1102.60
1119.91
1137.00
1153.83
1170.40
1186.68
1202.64
1218.27
1233.54
1248.43
1262.90
1276.94
1290.50
1303.55
1316.07
1327.99
1339.29
1349.92
1359.83
1368.96
1377.26
1384.69
1391.18
1396.68
1401.14
1404.53
1406.81
1407.95
998.68
1017.06
1035.33
1053.46
1071.45
1089.27
1106.90
1124.33
1141.53
1158.48
1175.18
1191.58
1207.68
1223.46
1238.88
1253.92
1268.55
1282.75
1296.49
1309.72
1322.42
1334.54
1346.03
1356.85
1366.96
1376.28
1384.78
1392.38
1399.03
1404.68
1409.27
1412.75
1415.10
1416.27
1001.96
1020.43
1038.78
1057.01
1075.08
1093.00
1110.72
1128.25
1145.56
1162.62
1179.43
1195.95
1212.18
1228.08
1243.63
1258.81
1273.59
1287.95
1301.85
1315.25
1328.12
1340.41
1352.09
1363.10
1373.39
1382.90
1391.58
1399.35
1406.16
1411.95
1416.66
1420.24
1422.65
1423.86
1004.82
1023.36
1041.79
1060.09
1078.25
1096.24
1114.06
1131.67
1149.07
1166.23
1183.14
1199.77
1216.10
1232.11
1247.79
1263.10
1278.01
1292.51
1306.55
1320.10
1333.13
1345.59
1357.44
1368.62
1379.08
1388.76
1397.61
1405.54
1412.51
1418.43
1423.26
1426.93
1429.40
1430.64
1007.25
1025.85
1044.34
1062.71
1080.94
1099.00
1116.89
1134.58
1152.06
1169.30
1186.29
1203.01
1219.44
1235.56
1251.34
1266.76
1281.79
1296.40
1310.57
1324.26
1337.43
1350.03
1362.03
1373.37
1383.98
1393.82
1402.82
1410.91
1418.01
1424.06
1428.99
1432.74
1435.27
1436.54
1009.24
1027.89
1046.44
1064.86
1083.15
1101.27
1119.22
1136.97
1154.51
1171.83
1188.89
1205.69
1222.20
1238.39
1254.26
1269.77
1284.90
1299.62
1313.90
1327.70
1340.99
1353.72
1365.84
1377.31
1388.06
1398.04
1407.17
1415.38
1422.60
1428.76
1433.79
1437.62
1440.20
1441.50
1010.80
1029.49
1048.07
1066.54
1084.87
1103.04
1121.03
1138.84
1156.43
1173.80
1190.92
1207.78
1224.35
1240.61
1256.55
1272.13
1287.34
1302.14
1316.51
1330.40
1343.78
1356.61
1368.84
1380.41
1391.27
1401.36
1410.60
1418.92
1426.24
1432.49
1437.59
1441.48
1444.11
1445.43
1011.91
1030.63
1049.25
1067.74
1086.10
1104.30
1122.33
1140.17
1157.81
1175.21
1192.37
1209.27
1225.89
1242.20
1258.19
1273.83
1289.09
1303.95
1318.38
1332.34
1345.79
1358.69
1371.00
1382.65
1393.59
1403.76
1413.08
1421.48
1428.87
1435.19
1440.35
1444.29
1446.95
1448.28
1012.57
1031.31
1049.95
1068.46
1086.84
1105.06
1123.12
1140.98
1158.63
1176.06
1193.25
1210.17
1226.82
1243.16
1259.18
1274.85
1290.14
1305.04
1319.51
1333.51
1347.00
1359.95
1372.30
1384.00
1394.99
1405.21
1414.58
1423.02
1430.47
1436.83
1442.02
1445.99
1448.67
1450.01
1012.80
1031.54
1050.18
1068.70
1087.09
1105.32
1123.38
1141.24
1158.91
1176.34
1193.54
1210.47
1227.12
1243.48
1259.50
1275.19
1290.50
1305.40
1319.88
1333.90
1347.40
1360.37
1372.73
1384.45
1395.46
1405.69
1415.08
1423.54
1431.00
1437.37
1442.58
1446.56
1449.24
1450.59
1012.57
1031.31
1049.95
1068.46
1086.84
1105.06
1123.11
1140.97
1158.63
1176.06
1193.25
1210.17
1226.81
1243.16
1259.17
1274.84
1290.14
1305.04
1319.50
1333.50
1347.00
1359.95
1372.30
1384.00
1394.99
1405.21
1414.58
1423.02
1430.46
1436.82
1442.02
1445.99
1448.66
1450.01
1011.90
1030.62
1049.24
1067.74
1086.10
1104.30
1122.33
1140.17
1157.80
1175.21
1192.37
1209.27
1225.88
1242.20
1258.18
1273.82
1289.09
1303.95
1318.37
1332.33
1345.78
1358.69
1370.99
1382.64
1393.59
1403.75
1413.07
1421.47
1428.86
1435.18
1440.34
1444.28
1446.94
1448.27
1010.79
1029.48
1048.07
1066.54
1084.86
1103.03
1121.03
1138.83
1156.43
1173.79
1190.91
1207.77
1224.34
1240.60
1256.54
1272.13
1287.33
1302.13
1316.50
1330.39
1343.77
1356.60
1368.83
1380.40
1391.26
1401.35
1410.59
1418.91
1426.23
1432.48
1437.58
1441.47
1444.10
1445.42
1009.24
1027.89
1046.43
1064.86
1083.14
1101.26
1119.21
1136.96
1154.51
1171.82
1188.88
1205.68
1222.19
1238.39
1254.25
1269.76
1284.89
1299.61
1313.89
1327.69
1340.98
1353.70
1365.83
1377.30
1388.05
1398.02
1407.15
1415.36
1422.59
1428.74
1433.77
1437.60
1440.18
1441.48
1007.24
1025.84
1044.33
1062.70
1080.93
1098.99
1116.88
1134.57
1152.05
1169.29
1186.28
1203.00
1219.43
1235.55
1251.33
1266.74
1281.78
1296.39
1310.56
1324.25
1337.41
1350.02
1362.02
1373.35
1383.97
1393.81
1402.80
1410.89
1417.99
1424.04
1428.97
1432.72
1435.25
1436.52
1004.81
1023.35
1041.78
1060.08
1078.24
1096.23
1114.05
1131.66
1149.06
1166.22
1183.12
1199.75
1216.09
1232.10
1247.78
1263.08
1278.00
1292.49
1306.53
1320.09
1333.11
1345.57
1357.42
1368.60
1379.06
1388.74
1397.59
1405.52
1412.49
1418.41
1423.24
1426.91
1429.38
1430.62
1001.95
1020.42
1038.77
1056.99
1075.07
1092.98
1110.71
1128.24
1145.54
1162.61
1179.41
1195.94
1212.16
1228.06
1243.61
1258.79
1273.58
1287.93
1301.83
1315.23
1328.10
1340.39
1352.07
1363.08
1373.37
1382.88
1391.55
1399.33
1406.14
1411.93
1416.64
1420.22
1422.63
1423.84
998.67
1017.05
1035.31
1053.45
1071.44
1089.26
1106.89
1124.31
1141.51
1158.47
1175.16
1191.57
1207.67
1223.44
1238.86
1253.90
1268.53
1282.73
1296.47
1309.70
1322.40
1334.51
1346.01
1356.83
1366.93
1376.26
1384.75
1392.35
1399.01
1404.65
1409.24
1412.73
1415.07
1416.24
994.96
1013.25
1031.42
1049.46
1067.34
1085.06
1102.58
1119.89
1136.98
1153.81
1170.38
1186.66
1202.62
1218.25
1233.52
1248.41
1262.88
1276.92
1290.48
1303.53
1316.04
1327.97
1339.27
1349.89
1359.80
1368.93
1377.23
1384.66
1391.15
1396.65
1401.11
1404.50
1406.77
1407.91
990.85
1009.03
1027.10
1045.02
1062.80
1080.40
1097.80
1114.99
1131.95
1148.66
1165.09
1181.22
1197.04
1212.52
1227.63
1242.35
1256.65
1270.51
1283.88
1296.75
1309.06
1320.79
1331.89
1342.31
1352.01
1360.94
1369.05
1376.30
1382.62
1387.97
1392.31
1395.60
1397.81
1398.91
986.33
1004.40
1022.35
1040.16
1057.81
1075.28
1092.56
1109.62
1126.44
1143.01
1159.29
1175.28
1190.94
1206.25
1221.20
1235.74
1249.86
1263.53
1276.72
1289.38
1301.49
1313.01
1323.90
1334.12
1343.61
1352.34
1360.26
1367.32
1373.47
1378.68
1382.89
1386.09
1388.23
1389.30
981.41
999.36
1017.18
1034.87
1052.39
1069.73
1086.87
1103.79
1120.46
1136.88
1153.01
1168.83
1184.33
1199.47
1214.24
1228.61
1242.54
1256.01
1269.00
1281.46
1293.36
1304.67
1315.35
1325.35
1334.64
1343.17
1350.90
1357.77
1363.76
1368.82
1372.92
1376.02
1378.09
1379.13
976.11
993.92
1011.62
1029.16
1046.55
1063.75
1080.74
1097.51
1114.03
1130.29
1146.26
1161.91
1177.24
1192.20
1206.79
1220.96
1234.70
1247.98
1260.76
1273.01
1284.71
1295.80
1306.27
1316.06
1325.14
1333.47
1341.00
1347.70
1353.53
1358.45
1362.43
1365.44
1367.45
1368.46
970.42
988.10
1005.65
1023.06
1040.29
1057.34
1074.18
1090.80
1107.16
1123.25
1139.05
1154.53
1169.68
1184.46
1198.85
1212.84
1226.38
1239.45
1252.02
1264.07
1275.55
1286.43
1296.69
1306.27
1315.15
1323.28
1330.62
1337.15
1342.82
1347.60
1351.47
1354.39
1356.34
1357.32
964.37
981.90
999.30
1016.56
1033.64
1050.53
1067.21
1083.66
1099.86
1115.78
1131.40
1146.70
1161.67
1176.26
1190.46
1204.24
1217.58
1230.45
1242.82
1254.65
1265.92
1276.59
1286.64
1296.01
1304.69
1312.63
1319.79
1326.15
1331.67
1336.32
1340.08
1342.91
1344.81
1345.76
957.96
975.34
992.58
1009.68
1026.60
1043.33
1059.85
1076.12
1092.15
1107.89
1123.33
1138.45
1153.22
1167.62
1181.63
1195.21
1208.35
1221.01
1233.17
1244.79
1255.85
1266.31
1276.15
1285.32
1293.80
1301.55
1308.54
1314.74
1320.11
1324.64
1328.29
1331.04
1332.89
1333.81
951.20
968.42
985.50
1002.43
1019.19
1035.75
1052.09
1068.19
1084.04
1099.60
1114.86
1129.78
1144.36
1158.57
1172.38
1185.76
1198.69
1211.14
1223.09
1234.51
1245.36
1255.61
1265.25
1274.22
1282.51
1290.08
1296.90
1302.94
1308.17
1312.58
1316.13
1318.81
1320.60
1321.50
944.10
961.15
978.07
994.83
1011.41
1027.80
1043.96
1059.89
1075.55
1090.92
1105.99
1120.73
1135.11
1149.12
1162.72
1175.90
1188.63
1200.88
1212.62
1223.82
1234.47
1244.52
1253.96
1262.74
1270.84
1278.24
1284.89
1290.78
1295.88
1300.17
1303.63
1306.23
1307.98
1308.85
936.68
953.56
970.30
986.89
1003.29
1019.50
1035.48
1051.22
1066.69
1081.87
1096.75
1111.29
1125.48
1139.28
1152.69
1165.66
1178.19
1190.23
1201.76
1212.77
1223.21
1233.07
1242.31
1250.90
1258.82
1266.05
1272.55
1278.29
1283.27
1287.45
1290.81
1293.35
1295.04
1295.89
928.94
945.64
962.21
978.61
994.83
1010.85
1026.65
1042.20
1057.48
1072.47
1087.15
1101.50
1115.48
1129.09
1142.29
1155.06
1167.38
1179.22
1190.56
1201.36
1211.60
1221.26
1230.31
1238.73
1246.48
1253.54
1259.88
1265.49
1270.34
1274.42
1277.70
1280.17
1281.82
1282.64
920.90
937.42
953.80
970.02
986.05
1001.88
1017.49
1032.85
1047.93
1062.73
1077.21
1091.36
1105.15
1118.55
1131.55
1144.12
1156.24
1167.88
1179.01
1189.61
1199.67
1209.14
1218.00
1226.24
1233.82
1240.72
1246.92
1252.40
1257.13
1261.11
1264.31
1266.71
1268.32
1269.13
912.58
928.91
945.10
961.13
976.97
992.61
1008.02
1023.18
1038.07
1052.67
1066.95
1080.90
1094.49
1107.69
1120.49
1132.86
1144.77
1156.21
1167.15
1177.56
1187.42
1196.70
1205.39
1213.46
1220.87
1227.62
1233.68
1239.04
1243.66
1247.54
1250.66
1253.01
1254.58
1255.36
903.98
920.11
936.11
951.94
967.59
983.03
998.25
1013.21
1027.90
1042.30
1056.38
1070.13
1083.52
1096.52
1109.12
1121.28
1133.00
1144.24
1154.99
1165.21
1174.88
1183.99
1192.50
1200.40
1207.66
1214.26
1220.19
1225.42
1229.93
1233.72
1236.77
1239.06
1240.59
1241.36
895.11
911.05
926.85
942.49
957.93
973.18
988.19
1002.95
1017.45
1031.64
1045.53
1059.07
1072.26
1085.06
1097.45
1109.42
1120.95
1131.99
1142.54
1152.58
1162.07
1171.00
1179.34
1187.08
1194.19
1200.65
1206.45
1211.56
1215.98
1219.68
1222.65
1224.89
1226.38
1227.13
886.00
901.74
917.34
932.77
948.02
963.06
977.87
992.43
1006.72
1020.71
1034.39
1047.74
1060.72
1073.32
1085.52
1097.30
1108.62
1119.48
1129.84
1139.69
1149.01
1157.76
1165.94
1173.52
1180.49
1186.81
1192.49
1197.49
1201.80
1205.42
1208.32
1210.51
1211.97
1212.70
876.66
892.19
907.58
922.81
937.85
952.69
967.29
981.65
995.73
1009.53
1023.00
1036.15
1048.93
1061.33
1073.33
1084.91
1096.05
1106.71
1116.89
1126.56
1135.71
1144.30
1152.32
1159.74
1166.57
1172.76
1178.31
1183.21
1187.43
1190.96
1193.80
1195.94
1197.37
1198.08
867.09
882.41
897.60
912.62
927.45
942.08
956.48
970.63
984.51
998.10
1011.38
1024.32
1036.90
1049.10
1060.91
1072.30
1083.24
1093.72
1103.72
1113.22
1122.19
1130.61
1138.48
1145.76
1152.44
1158.51
1163.95
1168.74
1172.87
1176.33
1179.10
1181.19
1182.59
1183.29
857.32
872.43
887.40
902.21
916.84
931.26
945.45
959.39
973.07
986.45
999.52
1012.26
1024.65
1036.65
1048.27
1059.46
1070.22
1080.52
1090.34
1099.66
1108.46
1116.73
1124.44
1131.58
1138.13
1144.08
1149.40
1154.09
1158.13
1161.52
1164.24
1166.28
1167.65
1168.33
847.36
862.26
877.01
891.61
906.02
920.23
934.22
947.95
961.42
974.60
987.47
1000.00
1012.19
1024.00
1035.42
1046.43
1057.00
1067.12
1076.76
1085.92
1094.56
1102.67
1110.24
1117.24
1123.66
1129.48
1134.70
1139.29
1143.25
1146.56
1149.22
1151.23
1152.56
1153.23
837.22
851.90
866.45
880.83
895.03
909.02
922.79
936.32
949.58
962.56
975.22
987.56
999.55
1011.17
1022.39
1033.21
1043.60
1053.54
1063.02
1072.00
1080.49
1088.45
1095.87
1102.73
1109.03
1114.73
1119.84
1124.34
1128.22
1131.47
1134.07
1136.03
1137.34
1137.99
826.93
841.39
855.71
869.88
883.86
897.64
911.20
924.52
937.58
950.34
962.81
974.94
986.74
998.16
1009.20
1019.84
1030.04
1039.81
1049.11
1057.94
1066.26
1074.07
1081.35
1088.09
1094.26
1099.86
1104.86
1109.27
1113.07
1116.25
1118.80
1120.72
1122.00
1122.64
816.50
830.73
844.84
858.78
872.55
886.12
899.46
912.57
925.42
937.98
950.24
962.18
973.78
985.01
995.86
1006.31
1016.34
1025.94
1035.07
1043.74
1051.91
1059.57
1066.72
1073.32
1079.37
1084.86
1089.77
1094.09
1097.81
1100.93
1103.43
1105.31
1106.56
1107.19
805.94
819.95
833.83
847.55
861.10
874.45
887.59
900.49
913.12
925.48
937.54
949.28
960.68
971.73
982.39
992.66
1002.52
1011.94
1020.91
1029.42
1037.44
1044.96
1051.97
1058.45
1064.39
1069.77
1074.58
1078.82
1082.46
1085.52
1087.97
1089.81
1091.04
1091.65
795.27
809.06
822.71
836.21
849.54
862.68
875.60
888.29
900.72
912.87
924.73
936.27
947.48
958.33
968.82
978.91
988.59
997.84
1006.65
1015.01
1022.88
1030.26
1037.14
1043.49
1049.32
1054.59
1059.31
1063.47
1067.04
1070.03
1072.43
1074.24
1075.44
1076.04
784.51
798.07
811.50
824.78
837.89
850.81
863.52
875.99
888.21
900.16
911.82
923.17
934.18
944.85
955.15
965.06
974.57
983.66
992.31
1000.51
1008.24
1015.49
1022.24
1028.47
1034.18
1039.36
1043.99
1048.06
1051.56
1054.50
1056.85
1058.62
1059.80
1060.39
773.69
787.01
800.22
813.27
826.16
838.86
851.35
863.62
875.63
887.38
898.84
909.99
920.81
931.29
941.41
951.15
960.49
969.42
977.91
985.96
993.55
1000.66
1007.28
1013.40
1019.00
1024.08
1028.62
1032.61
1036.05
1038.92
1041.23
1042.96
1044.12
1044.70
762.81
775.90
788.88
801.71
814.38
826.86
839.14
851.19
863.00
874.54
885.80
896.76
907.39
917.69
927.63
937.19
946.37
955.13
963.47
971.38
978.82
985.80
992.30
998.30
1003.80
1008.78
1013.23
1017.14
1020.51
1023.33
1025.60
1027.30
1028.43
1029.00
751.89
764.76
777.51
790.11
802.56
814.82
826.89
838.73
850.33
861.67
872.73
883.50
893.94
904.06
913.82
923.21
932.22
940.83
949.02
956.77
964.08
970.93
977.31
983.20
988.59
993.47
997.84
1001.68
1004.99
1007.75
1009.97
1011.64
1012.75
1013.30
740.96
753.60
766.12
778.50
790.72
802.77
814.62
826.25
837.65
848.79
859.65
870.22
880.49
890.42
900.01
909.23
918.07
926.52
934.56
942.17
949.35
956.07
962.33
968.11
973.40
978.19
982.47
986.24
989.48
992.19
994.37
996.00
997.09
997.64
730.04
742.45
754.74
766.89
778.90
790.73
802.36
813.78
824.98
835.91
846.58
856.97
867.04
876.80
886.21
895.26
903.95
912.24
920.13
927.61
934.65
941.24
947.38
953.05
958.24
962.95
967.15
970.84
974.02
976.68
978.82
980.42
981.49
982.02
719.15
731.32
743.39
755.32
767.10
778.71
790.13
801.35
812.34
823.08
833.55
843.75
853.64
863.21
872.46
881.35
889.87
898.01
905.76
913.09
920.00
926.47
932.50
938.06
943.16
947.77
951.89
955.51
958.63
961.24
963.34
964.91
965.96
966.48
708.31
720.25
732.08
743.79
755.35
766.75
777.96
788.97
799.75
810.30
820.58
830.59
840.30
849.70
858.77
867.49
875.86
883.85
891.45
898.65
905.44
911.79
917.70
923.16
928.16
932.68
936.72
940.28
943.34
945.90
947.95
949.50
950.53
951.04
697.54
709.25
720.85
732.34
743.68
754.86
765.86
776.67
787.25
797.60
807.69
817.51
827.04
836.27
845.17
853.74
861.95
869.79
877.25
884.32
890.97
897.21
903.01
908.37
913.27
917.71
921.68
925.17
928.17
930.68
932.69
934.21
935.22
935.72
686.86
698.34
709.72
720.98
732.11
743.08
753.87
764.47
774.85
785.01
794.91
804.55
813.90
822.96
831.70
840.10
848.16
855.86
863.18
870.11
876.65
882.76
888.46
893.71
898.52
902.88
906.77
910.20
913.14
915.61
917.58
919.07
920.06
920.55
676.30
687.55
698.71
709.75
720.66
731.42
742.00
752.40
762.59
772.55
782.27
791.73
800.90
809.79
818.37
826.61
834.52
842.08
849.26
856.07
862.48
868.48
874.07
879.23
883.95
888.22
892.04
895.40
898.29
900.71
902.65
904.10
905.08
905.56
665.88
676.90
687.84
698.66
709.36
719.91
730.29
740.49
750.48
760.25
769.79
779.07
788.07
796.79
805.21
813.30
821.06
828.48
835.53
842.21
848.50
854.39
859.87
864.93
869.57
873.76
877.51
880.81
883.64
886.01
887.92
889.35
890.30
890.78
655.63
666.43
677.14
687.75
698.24
708.58
718.76
728.76
738.56
748.15
757.50
766.60
775.44
783.99
792.25
800.20
807.81
815.09
822.01
828.56
834.74
840.52
845.90
850.87
855.41
859.53
863.21
866.44
869.23
871.56
873.42
874.83
875.76
876.23
645.56
656.14
666.64
677.04
687.31
697.45
707.43
717.24
726.85
736.25
745.43
754.36
763.03
771.43
779.53
787.32
794.80
801.94
808.73
815.16
821.22
826.90
832.18
837.06
841.52
845.56
849.17
852.35
855.08
857.36
859.20
860.57
861.49
861.95
635.71
646.07
656.36
666.55
676.62
686.56
696.34
705.96
715.39
724.61
733.61
742.37
750.88
759.12
767.07
774.72
782.06
789.06
795.73
802.04
807.99
813.56
818.75
823.53
827.92
831.88
835.43
838.55
841.23
843.47
845.27
846.62
847.52
847.97
626.10
636.25
646.32
656.31
666.18
675.92
685.51
694.94
704.19
713.24
722.07
730.67
739.01
747.10
754.90
762.41
769.61
776.49
783.04
789.23
795.07
800.54
805.63
810.33
814.64
818.53
822.01
825.07
827.71
829.91
831.68
833.00
833.89
834.33
616.76
626.70
636.57
646.35
656.02
665.57
674.98
684.23
693.30
702.17
710.84
719.27
727.47
735.40
743.06
750.43
757.50
764.26
770.68
776.77
782.50
787.87
792.87
797.49
801.71
805.54
808.96
811.96
814.55
816.71
818.45
819.75
820.62
821.06
607.70
617.44
627.11
636.70
646.18
655.54
664.77
673.84
682.74
691.44
699.95
708.23
716.27
724.06
731.58
738.81
745.76
752.39
758.70
764.68
770.31
775.59
780.50
785.03
789.18
792.94
796.30
799.25
801.79
803.92
805.62
806.90
807.76
808.19
598.97
608.51
617.98
627.38
636.68
645.86
654.91
663.81
672.54
681.08
689.43
697.56
705.45
713.10
720.48
727.59
734.41
740.93
747.13
753.00
758.53
763.72
768.54
773.00
777.08
780.77
784.07
786.97
789.47
791.56
793.24
794.49
795.33
795.75
590.58
599.92
609.21
618.43
627.55
636.55
645.43
654.16
662.73
671.12
679.31
687.30
695.05
702.56
709.82
716.80
723.50
729.90
736.00
741.77
747.21
752.30
757.05
761.43
765.44
769.07
772.31
775.17
777.62
779.67
781.32
782.56
783.39
783.80
582.56
591.72
600.83
609.86
618.81
627.65
636.36
644.93
653.35
661.59
669.64
677.48
685.10
692.48
699.61
706.47
713.06
719.35
725.34
731.02
736.37
741.38
746.04
750.35
754.29
757.86
761.06
763.86
766.28
768.30
769.92
771.14
771.95
772.36
574.93
583.92
592.85
601.72
610.50
619.18
627.73
636.15
644.42
652.52
660.42
668.13
675.62
682.88
689.89
696.64
703.12
709.31
715.20
720.79
726.05
730.98
735.57
739.81
743.69
747.20
750.34
753.11
755.48
757.47
759.07
760.26
761.07
761.46
567.72
576.54
585.31
594.02
602.64
611.17
619.58
627.85
635.98
643.93
651.71
659.29
666.66
673.80
680.70
687.34
693.71
699.81
705.61
711.10
716.28
721.14
725.66
729.83
733.65
737.11
740.21
742.93
745.27
747.23
748.80
749.98
750.77
751.16
560.96
569.62
578.24
586.79
595.27
603.65
611.92
620.05
628.05
635.88
643.53
650.99
658.24
665.27
672.06
678.60
684.88
690.88
696.59
702.01
707.11
711.89
716.34
720.46
724.22
727.63
730.68
733.36
735.67
737.60
739.15
740.31
741.09
741.48
554.67
563.18
571.65
580.07
588.40
596.65
604.78
612.79
620.66
628.37
635.91
643.25
650.40
657.32
664.01
670.46
676.65
682.56
688.19
693.53
698.56
703.28
707.67
711.72
715.44
718.80
721.81
724.45
726.73
728.63
730.16
731.30
732.07
732.45
548.87
557.24
565.58
573.86
582.07
590.19
598.20
606.09
613.84
621.44
628.87
636.11
643.16
649.99
656.59
662.94
669.05
674.88
680.44
685.71
690.67
695.32
699.66
703.66
707.32
710.64
713.61
716.22
718.47
720.35
721.85
722.99
723.74
724.12
