551.77
560.13
568.45
576.72
584.91
593.01
601.00
608.86
616.59
624.16
631.56
638.77
645.78
652.58
659.14
665.47
671.54
677.35
682.87
688.11
693.04
697.67
701.97
705.95
709.59
712.89
715.84
718.43
720.67
722.53
724.03
725.16
725.91
726.28
557.51
566.01
574.46
582.85
591.17
599.39
607.50
615.48
623.32
630.99
638.50
645.81
652.92
659.81
666.47
672.88
679.03
684.91
690.51
695.82
700.82
705.50
709.86
713.89
717.58
720.92
723.91
726.53
728.80
730.69
732.20
733.34
734.10
734.48
563.73
572.38
580.97
589.50
597.95
606.31
614.54
622.65
630.61
638.40
646.02
653.44
660.66
667.65
674.40
680.91
687.15
693.11
698.79
704.17
709.24
713.99
718.41
722.50
726.24
729.62
732.65
735.31
737.60
739.52
741.06
742.21
742.98
743.37
570.42
579.22
587.97
596.65
605.24
613.74
622.11
630.35
638.44
646.36
654.09
661.63
668.96
676.06
682.92
689.52
695.86
701.91
707.67
713.13
718.28
723.10
727.58
731.73
735.52
738.96
742.03
744.73
747.05
749.00
750.56
751.73
752.51
752.90
577.56
586.52
595.42
604.26
613.01
621.65
630.17
638.55
646.77
654.83
662.69
670.36
677.80
685.02
691.98
698.69
705.13
711.28
717.13
722.67
727.90
732.79
737.35
741.56
745.41
748.90
752.01
754.75
757.11
759.09
760.67
761.86
762.65
763.05
585.10
594.24
603.31
612.31
621.22
630.02
638.69
647.22
655.59
663.78
671.78
679.58
687.15
694.49
701.57
708.39
714.93
721.18
727.13
732.76
738.07
743.04
747.67
751.95
755.86
759.40
762.57
765.35
767.75
769.75
771.36
772.57
773.37
773.78
593.04
602.36
611.61
620.78
629.86
638.82
647.65
656.34
664.86
673.20
681.34
689.27
696.97
704.44
711.64
718.58
725.23
731.58
737.63
743.36
748.76
753.81
758.52
762.86
766.84
770.44
773.66
776.49
778.92
780.96
782.59
783.82
784.64
785.05
601.35
610.85
620.28
629.63
638.89
648.02
657.02
665.86
674.54
683.03
691.32
699.40
707.24
714.83
722.16
729.22
735.99
742.45
748.61
754.43
759.92
765.06
769.85
774.27
778.31
781.97
785.25
788.12
790.60
792.67
794.33
795.58
796.41
796.83
609.99
619.69
629.31
638.85
648.28
657.59
666.76
675.78
684.62
693.27
701.71
709.93
717.91
725.65
733.11
740.29
747.18
753.76
760.02
765.95
771.53
776.76
781.63
786.13
790.24
793.97
797.30
800.22
802.74
804.85
806.54
807.81
808.65
809.08
618.96
628.85
638.67
648.39
658.01
667.51
676.85
686.04
695.05
703.86
712.46
720.84
728.97
736.84
744.44
751.75
758.77
765.46
771.84
777.87
783.55
788.88
793.83
798.41
802.59
806.39
809.77
812.75
815.31
817.46
819.18
820.47
821.33
821.76
628.21
638.30
648.32
658.24
668.05
677.73
687.26
696.63
705.81
714.79
723.56
732.09
740.37
748.39
756.13
763.58
770.72
777.54
784.02
790.17
795.95
801.37
806.42
811.07
815.34
819.19
822.64
825.67
828.28
830.46
832.21
833.53
834.41
834.84
637.72
648.02
658.25
668.37
678.38
688.25
697.97
707.51
716.87
726.02
734.95
743.65
752.09
760.25
768.14
775.72
782.99
789.94
796.55
802.80
808.70
814.22
819.35
824.09
828.43
832.36
835.87
838.96
841.61
843.83
845.62
846.95
847.85
848.29
647.47
657.99
668.42
678.75
688.95
699.02
708.93
718.66
728.20
737.53
746.63
755.49
764.09
772.41
780.44
788.17
795.57
802.65
809.38
815.75
821.75
827.37
832.60
837.43
841.85
845.85
849.42
852.57
855.27
857.53
859.35
860.71
861.62
862.07
657.44
668.17
678.81
689.35
699.76
710.02
720.13
730.05
739.77
749.28
758.55
767.58
776.34
784.82
793.00
800.87
808.42
815.62
822.48
828.97
835.08
840.81
846.13
851.05
855.55
859.63
863.27
866.47
869.22
871.53
873.37
874.76
875.69
876.15
667.59
678.54
689.40
700.15
710.76
721.23
731.53
741.64
751.55
761.24
770.69
779.89
788.82
797.46
805.79
813.81
821.50
828.84
835.82
842.43
848.66
854.49
859.92
864.93
869.51
873.66
877.37
880.63
883.44
885.78
887.67
889.08
890.02
890.50
677.91
689.08
700.16
711.12
721.94
732.61
743.11
753.42
763.52
773.39
783.03
792.40
801.49
810.29
818.78
826.95
834.79
842.26
849.38
856.11
862.45
868.39
873.92
879.03
883.70
887.92
891.70
895.03
897.88
900.27
902.19
903.63
904.59
905.07
688.36
699.76
711.05
722.23
733.27
744.14
754.85
765.35
775.64
785.71
795.52
805.07
814.33
823.30
831.95
840.27
848.25
855.87
863.11
869.97
876.44
882.49
888.12
893.32
898.08
902.39
906.24
909.62
912.53
914.97
916.92
918.39
919.37
919.86
698.94
710.56
722.07
733.47
744.71
755.80
766.71
777.41
787.90
798.15
808.15
817.87
827.31
836.45
845.26
853.74
861.86
869.63
877.01
884.00
890.58
896.74
902.48
907.78
912.63
917.02
920.94
924.39
927.36
929.84
931.83
933.32
934.32
934.82
709.60
721.45
733.19
744.80
756.26
767.56
778.67
789.58
800.26
810.70
820.89
830.79
840.41
849.71
858.69
867.32
875.60
883.51
891.03
898.15
904.85
911.13
916.98
922.38
927.31
931.79
935.78
939.30
942.32
944.85
946.88
948.41
949.42
949.93
720.34
732.42
744.38
756.21
767.88
779.39
790.71
801.82
812.70
823.34
833.71
843.80
853.59
863.07
872.21
881.00
889.43
897.49
905.15
912.40
919.23
925.63
931.58
937.08
942.12
946.67
950.75
954.33
957.41
959.99
962.06
963.61
964.65
965.16
731.13
743.43
755.62
767.66
779.56
791.28
802.80
814.12
825.20
836.03
846.59
856.86
866.84
876.48
885.80
894.75
903.34
911.54
919.34
926.73
933.69
940.21
946.28
951.88
957.01
961.65
965.80
969.45
972.59
975.22
977.33
978.91
979.97
980.50
741.95
754.47
766.88
779.15
791.26
803.20
814.93
826.45
837.73
848.75
859.51
869.97
880.12
889.94
899.42
908.55
917.29
925.64
933.59
941.11
948.20
954.84
961.02
966.73
971.96
976.69
980.92
984.64
987.84
990.52
992.67
994.28
995.36
995.90
752.77
765.52
778.16
790.65
802.97
815.12
827.06
838.79
850.27
861.49
872.44
883.09
893.42
903.42
913.07
922.36
931.26
939.77
947.86
955.53
962.75
969.51
975.81
981.63
986.95
991.77
996.09
999.88
1003.14
1005.87
1008.06
1009.71
1010.80
1011.35
763.58
776.56
789.41
802.13
814.67
827.03
839.18
851.11
862.80
874.22
885.36
896.19
906.71
916.89
926.72
936.17
945.24
953.90
962.14
969.94
977.30
984.19
990.61
996.54
1001.96
1006.88
1011.27
1015.14
1018.46
1021.25
1023.48
1025.16
1026.28
1026.83
774.35
787.56
800.64
813.57
826.33
838.91
851.27
863.41
875.29
886.91
898.24
909.27
919.98
930.34
940.34
949.96
959.19
968.01
976.40
984.35
991.84
998.86
1005.40
1011.44
1016.97
1021.98
1026.46
1030.39
1033.79
1036.62
1038.90
1040.61
1041.75
1042.32
785.08
798.51
811.81
824.96
837.94
850.73
863.30
875.64
887.73
899.55
911.08
922.30
933.19
943.73
953.91
963.70
973.10
982.08
990.62
998.71
1006.35
1013.50
1020.16
1026.31
1031.95
1037.05
1041.62
1045.63
1049.09
1051.98
1054.31
1056.05
1057.21
1057.80
795.73
809.39
822.91
836.28
849.47
862.47
875.26
887.81
900.10
912.12
923.84
935.25
946.33
957.06
967.41
977.38
986.94
996.08
1004.78
1013.02
1020.80
1028.08
1034.87
1041.14
1046.88
1052.08
1056.74
1060.83
1064.36
1067.31
1069.68
1071.46
1072.64
1073.24
806.30
820.18
833.92
847.51
860.91
874.13
887.12
899.88
912.37
924.59
936.51
948.12
959.38
970.29
980.83
990.97
1000.70
1010.00
1018.86
1027.26
1035.17
1042.59
1049.51
1055.90
1061.75
1067.05
1071.80
1075.97
1079.57
1082.58
1084.99
1086.81
1088.02
1088.62
816.76
830.86
844.82
858.62
872.24
885.67
898.87
911.83
924.53
936.95
949.07
960.87
972.32
983.42
994.13
1004.45
1014.36
1023.83
1032.84
1041.39
1049.45
1057.01
1064.06
1070.57
1076.53
1081.94
1086.78
1091.04
1094.71
1097.78
1100.24
1102.09
1103.33
1103.94
827.10
841.41
855.59
869.61
883.44
897.08
910.49
923.65
936.56
949.18
961.49
973.49
985.13
996.42
1007.32
1017.81
1027.89
1037.53
1046.71
1055.41
1063.62
1071.32
1078.50
1085.13
1091.22
1096.73
1101.66
1106.01
1109.75
1112.88
1115.39
1117.28
1118.54
1119.17
837.29
851.83
866.22
880.45
894.49
908.34
921.95
935.33
948.43
961.26
973.77
985.96
997.79
1009.27
1020.35
1031.03
1041.28
1051.09
1060.43
1069.29
1077.66
1085.50
1092.81
1099.58
1105.78
1111.40
1116.43
1120.86
1124.68
1127.88
1130.44
1132.37
1133.66
1134.30
847.33
862.08
876.68
891.12
905.38
919.43
933.26
946.83
960.14
973.16
985.88
998.26
1010.29
1021.95
1033.22
1044.08
1054.51
1064.49
1074.00
1083.02
1091.54
1099.53
1106.99
1113.88
1120.20
1125.94
1131.07
1135.59
1139.49
1142.75
1145.37
1147.34
1148.65
1149.31
857.20
872.16
886.97
901.62
916.08
930.34
944.37
958.15
971.67
984.89
997.80
1010.38
1022.60
1034.45
1045.91
1056.95
1067.56
1077.72
1087.40
1096.59
1105.26
1113.40
1121.00
1128.03
1134.47
1140.32
1145.56
1150.18
1154.15
1157.48
1160.16
1162.17
1163.51
1164.18
866.88
882.05
897.07
911.92
926.59
941.05
955.29
969.27
982.99
996.41
1009.52
1022.29
1034.71
1046.75
1058.40
1069.63
1080.42
1090.75
1100.61
1109.96
1118.79
1127.09
1134.83
1142.00
1148.57
1154.54
1159.89
1164.60
1168.66
1172.06
1174.79
1176.84
1178.21
1178.90
876.36
891.73
906.95
922.01
936.88
951.55
965.99
980.17
994.09
1007.71
1021.01
1033.98
1046.60
1058.83
1070.67
1082.09
1093.06
1103.57
1113.60
1123.13
1132.13
1140.58
1148.47
1155.78
1162.48
1168.57
1174.03
1178.84
1182.98
1186.46
1189.25
1191.35
1192.75
1193.45
885.62
901.19
916.61
931.87
946.95
961.81
976.45
990.84
1004.95
1018.77
1032.27
1045.44
1058.25
1070.68
1082.71
1094.31
1105.47
1116.17
1126.37
1136.07
1145.24
1153.85
1161.90
1169.35
1176.19
1182.41
1187.98
1192.89
1197.12
1200.67
1203.52
1205.67
1207.10
1207.82
894.64
910.41
926.04
941.50
956.77
971.83
986.66
1001.25
1015.56
1029.58
1043.28
1056.64
1069.65
1082.27
1094.49
1106.29
1117.64
1128.51
1138.90
1148.77
1158.11
1166.89
1175.09
1182.69
1189.67
1196.02
1201.71
1206.72
1211.05
1214.68
1217.60
1219.79
1221.26
1221.99
903.43
919.39
935.21
950.86
966.33
981.58
996.61
1011.39
1025.90
1040.11
1054.01
1067.57
1080.77
1093.59
1106.00
1117.99
1129.53
1140.59
1151.16
1161.22
1170.73
1179.67
1188.04
1195.79
1202.92
1209.40
1215.21
1220.33
1224.76
1228.47
1231.45
1233.69
1235.19
1235.94
911.95
928.10
944.11
959.95
975.61
991.06
1006.28
1021.25
1035.96
1050.36
1064.46
1078.21
1091.61
1104.62
1117.23
1129.41
1141.14
1152.39
1163.15
1173.38
1183.07
1192.19
1200.72
1208.63
1215.90
1222.52
1228.46
1233.70
1238.22
1242.02
1245.07
1247.36
1248.90
1249.67
920.20
936.53
952.73
968.76
984.60
1000.24
1015.65
1030.82
1045.71
1060.31
1074.60
1088.55
1102.14
1115.35
1128.15
1140.52
1152.44
1163.89
1174.83
1185.25
1195.12
1204.42
1213.11
1221.19
1228.61
1235.37
1241.44
1246.80
1251.42
1255.31
1258.43
1260.78
1262.36
1263.14
928.16
944.68
961.05
977.26
993.29
1009.12
1024.72
1040.07
1055.15
1069.94
1084.42
1098.56
1112.34
1125.75
1138.74
1151.31
1163.43
1175.07
1186.20
1196.81
1206.86
1216.33
1225.20
1233.44
1241.03
1247.93
1254.13
1259.61
1264.35
1268.32
1271.52
1273.93
1275.54
1276.35
935.82
952.52
969.07
985.46
1001.67
1017.67
1033.45
1048.99
1064.25
1079.23
1093.90
1108.23
1122.21
1135.81
1149.00
1161.76
1174.07
1185.90
1197.23
1208.03
1218.27
1227.92
1236.97
1245.38
1253.12
1260.18
1266.52
1272.13
1276.98
1281.05
1284.32
1286.79
1288.44
1289.27
943.18
960.04
976.76
993.32
1009.71
1025.89
1041.85
1057.56
1073.01
1088.18
1103.03
1117.55
1131.72
1145.51
1158.89
1171.85
1184.35
1196.38
1207.90
1218.89
1229.32
1239.16
1248.39
1256.97
1264.88
1272.09
1278.58
1284.32
1289.28
1293.45
1296.81
1299.34
1301.03
1301.88
950.21
967.23
984.12
1000.85
1017.40
1033.75
1049.89
1065.78
1081.41
1096.75
1111.79
1126.49
1140.85
1154.83
1168.41
1181.56
1194.26
1206.48
1218.20
1229.38
1240.00
1250.03
1259.44
1268.20
1276.28
1283.65
1290.29
1296.16
1301.24
1305.52
1308.96
1311.56
1313.29
1314.16
956.91
974.09
991.13
1008.02
1024.74
1041.26
1057.56
1073.62
1089.42
1104.94
1120.16
1135.05
1149.59
1163.75
1177.52
1190.87
1203.76
1216.18
1228.09
1239.47
1250.28
1260.50
1270.10
1279.04
1287.29
1294.83
1301.62
1307.63
1312.84
1317.22
1320.75
1323.41
1325.19
1326.08
963.26
980.59
997.79
1014.83
1031.71
1048.38
1064.85
1081.07
1097.04
1112.74
1128.13
1143.19
1157.92
1172.27
1186.22
1199.76
1212.84
1225.45
1237.56
1249.13
1260.14
1270.55
1280.34
1289.46
1297.89
1305.60
1312.54
1318.69
1324.03
1328.52
1332.14
1334.87
1336.70
1337.62
969.26
986.73
1004.07
1021.27
1038.29
1055.12
1071.74
1088.13
1104.26
1120.12
1135.68
1150.92
1165.81
1180.35
1194.48
1208.20
1221.48
1234.28
1246.58
1258.35
1269.56
1280.16
1290.14
1299.44
1308.05
1315.93
1323.03
1329.33
1334.80
1339.40
1343.12
1345.92
1347.80
1348.74
974.89
992.50
1009.98
1027.31
1044.48
1061.45
1078.22
1094.76
1111.05
1127.07
1142.79
1158.20
1173.27
1187.97
1202.29
1216.19
1229.66
1242.65
1255.14
1267.10
1278.50
1289.29
1299.46
1308.95
1317.74
1325.79
1333.05
1339.50
1345.10
1349.82
1353.63
1356.51
1358.44
1359.40
980.14
997.88
1015.49
1032.96
1050.26
1067.37
1084.28
1100.97
1117.40
1133.57
1149.45
1165.02
1180.26
1195.13
1209.62
1223.70
1237.34
1250.52
1263.20
1275.35
1286.94
1297.93
1308.28
1317.96
1326.93
1335.15
1342.58
1349.18
1354.91
1359.75
1363.66
1366.61
1368.59
1369.58
985.01
1002.87
1020.61
1038.20
1055.62
1072.87
1089.91
1106.73
1123.31
1139.62
1155.65
1171.37
1186.76
1201.80
1216.46
1230.71
1244.53
1257.88
1270.74
1283.08
1294.85
1306.03
1316.57
1326.43
1335.58
1343.97
1351.56
1358.31
1364.19
1369.14
1373.15
1376.18
1378.21
1379.23
989.49
1007.46
1025.31
1043.01
1060.56
1077.92
1095.09
1112.04
1128.75
1145.20
1161.37
1177.23
1192.77
1207.96
1222.78
1237.19
1251.18
1264.70
1277.74
1290.25
1302.21
1313.56
1324.29
1334.33
1343.66
1352.22
1359.97
1366.87
1372.88
1377.96
1382.06
1385.17
1387.25
1388.29
993.57
1011.64
1029.59
1047.40
1065.06
1082.53
1099.82
1116.88
1133.71
1150.29
1166.59
1182.59
1198.27
1213.60
1228.56
1243.13
1257.27
1270.96
1284.17
1296.85
1308.98
1320.51
1331.41
1341.63
1351.12
1359.85
1367.76
1374.81
1380.95
1386.14
1390.35
1393.53
1395.66
1396.73
997.24
1015.40
1033.44
1051.35
1069.11
1086.69
1104.07
1121.25
1138.19
1154.88
1171.30
1187.42
1203.23
1218.70
1233.80
1248.51
1262.80
1276.64
1290.00
1302.84
1315.13
1326.83
1337.90
1348.28
1357.94
1366.83
1374.89
1382.08
1388.35
1393.66
1397.96
1401.21
1403.40
1404.49
1000.49
1018.74
1036.86
1054.86
1072.70
1090.37
1107.85
1125.13
1142.17
1158.96
1175.49
1191.73
1207.65
1223.24
1238.46
1253.30
1267.73
1281.71
1295.21
1308.21
1320.65
1332.50
1343.72
1354.26
1364.08
1373.11
1381.32
1388.65
1395.04
1400.45
1404.84
1408.17
1410.40
1411.52
1003.32
1021.64
1039.84
1057.91
1075.83
1093.58
1111.15
1128.51
1145.64
1162.52
1179.15
1195.48
1211.51
1227.20
1242.54
1257.50
1272.05
1286.15
1299.79
1312.91
1325.49
1337.49
1348.85
1359.53
1369.48
1378.66
1387.00
1394.45
1400.96
1406.47
1410.94
1414.34
1416.62
1417.76
1005.73
1024.11
1042.37
1060.51
1078.49
1096.31
1113.95
1131.38
1148.59
1165.56
1182.26
1198.68
1214.80
1230.59
1246.02
1261.08
1275.73
1289.95
1303.70
1316.94
1329.64
1341.76
1353.24
1364.05
1374.13
1383.43
1391.89
1399.45
1406.06
1411.67
1416.22
1419.67
1421.99
1423.15
1007.70
1026.13
1044.45
1062.64
1080.68
1098.56
1116.25
1133.74
1151.01
1168.05
1184.82
1201.31
1217.50
1233.37
1248.89
1264.03
1278.77
1293.08
1306.92
1320.27
1333.07
1345.29
1356.88
1367.80
1377.99
1387.39
1395.95
1403.61
1410.31
1415.99
1420.61
1424.11
1426.47
1427.65
1009.24
1027.71
1046.07
1064.30
1082.38
1100.31
1118.05
1135.59
1152.91
1169.99
1186.82
1203.37
1219.62
1235.55
1251.13
1266.34
1281.15
1295.53
1309.45
1322.87
1335.76
1348.06
1359.74
1370.74
1381.02
1390.51
1399.15
1406.88
1413.66
1419.40
1424.07
1427.62
1430.00
1431.20
1010.35
1028.84
1047.23
1065.49
1083.60
1101.56
1119.33
1136.91
1154.26
1171.39
1188.25
1204.84
1221.13
1237.11
1252.73
1267.99
1282.86
1297.29
1311.27
1324.74
1337.69
1350.06
1361.80
1372.86
1383.20
1392.75
1401.45
1409.25
1416.07
1421.87
1426.58
1430.15
1432.56
1433.77
1011.01
1029.52
1047.92
1066.20
1084.34
1102.31
1120.10
1137.70
1155.08
1172.22
1189.11
1205.73
1222.04
1238.04
1253.70
1268.99
1283.88
1298.35
1312.36
1325.87
1338.85
1351.26
1363.04
1374.14
1384.52
1394.11
1402.85
1410.68
1417.53
1423.36
1428.09
1431.69
1434.11
1435.32
1011.23
1029.74
1048.16
1066.44
1084.58
1102.56
1120.36
1137.96
1155.35
1172.50
1189.40
1206.02
1222.35
1238.36
1254.02
1269.32
1284.22
1298.70
1312.72
1326.25
1339.24
1351.66
1363.45
1374.57
1384.96
1394.56
1403.31
1411.15
1418.02
1423.85
1428.60
1432.20
1434.62
1435.84
1011.01
1029.52
1047.92
1066.20
1084.34
1102.31
1120.10
1137.70
1155.08
1172.22
1189.11
1205.72
1222.04
1238.04
1253.70
1268.99
1283.88
1298.35
1312.36
1325.87
1338.85
1351.25
1363.03
1374.14
1384.51
1394.10
1402.84
1410.67
1417.53
1423.35
1428.09
1431.68
1434.10
1435.32
1010.34
1028.84
1047.22
1065.48
1083.60
1101.55
1119.33
1136.90
1154.26
1171.38
1188.25
1204.84
1221.13
1237.10
1252.73
1267.99
1282.85
1297.29
1311.26
1324.74
1337.68
1350.05
1361.79
1372.86
1383.19
1392.74
1401.45
1409.24
1416.06
1421.86
1426.57
1430.15
1432.55
1433.76
1009.24
1027.71
1046.06
1064.29
1082.38
1100.30
1118.04
1135.58
1152.90
1169.99
1186.81
1203.36
1219.61
1235.54
1251.12
1266.33
1281.14
1295.52
1309.44
1322.86
1335.75
1348.05
1359.73
1370.73
1381.01
1390.50
1399.14
1406.87
1413.64
1419.39
1424.06
1427.61
1429.99
1431.19
1007.70
1026.13
1044.44
1062.63
1080.67
1098.55
1116.24
1133.74
1151.01
1168.04
1184.81
1201.30
1217.49
1233.36
1248.88
1264.02
1278.76
1293.07
1306.91
1320.25
1333.06
1345.28
1356.87
1367.79
1377.97
1387.38
1395.94
1403.59
1410.29
1415.98
1420.59
1424.10
1426.45
1427.63
1005.72
1024.10
1042.36
1060.50
1078.49
1096.31
1113.94
1131.37
1148.58
1165.55
1182.25
1198.67
1214.79
1230.57
1246.01
1261.07
1275.72
1289.94
1303.68
1316.93
1329.63
1341.74
1353.23
1364.04
1374.12
1383.41
1391.87
1399.43
1406.04
1411.65
1416.20
1419.65
1421.97
1423.13
1003.32
1021.63
1039.83
1057.90
1075.82
1093.57
1111.14
1128.49
1145.63
1162.51
1179.13
1195.47
1211.50
1227.19
1242.53
1257.48
1272.03
1286.14
1299.77
1312.90
1325.48
1337.47
1348.83
1359.51
1369.47
1378.64
1386.98
1394.43
1400.94
1406.45
1410.92
1414.32
1416.59
1417.74
1000.48
1018.72
1036.85
1054.85
1072.69
1090.36
1107.84
1125.11
1142.16
1158.95
1175.48
1191.71
1207.63
1223.22
1238.45
1253.29
1267.71
1281.69
1295.20
1308.19
1320.63
1332.48
1343.70
1354.24
1364.05
1373.09
1381.30
1388.62
1395.02
1400.43
1404.82
1408.14
1410.38
1411.50
997.23
1015.39
1033.43
1051.34
1069.09
1086.67
1104.06
1121.23
1138.18
1154.87
1171.28
1187.41
1203.21
1218.68
1233.78
1248.49
1262.78
1276.62
1289.98
1302.82
1315.11
1326.81
1337.88
1348.26
1357.92
1366.81
1374.87
1382.06
1388.33
1393.63
1397.93
1401.19
1403.37
1404.47
993.56
1011.63
1029.58
1047.39
1065.04
1082.52
1099.80
1116.87
1133.70
1150.27
1166.57
1182.57
1198.25
1213.58
1228.54
1243.11
1257.25
1270.94
1284.14
1296.83
1308.95
1320.49
1331.38
1341.60
1351.10
1359.82
1367.73
1374.78
1380.92
1386.11
1390.32
1393.50
1395.63
1396.70
989.48
1007.45
1025.29
1043.00
1060.54
1077.91
1095.07
1112.02
1128.73
1145.18
1161.35
1177.21
1192.75
1207.94
1222.75
1237.17
1251.15
1264.68
1277.71
1290.23
1302.18
1313.54
1324.26
1334.30
1343.63
1352.19
1359.94
1366.84
1372.85
1377.92
1382.03
1385.13
1387.22
1388.26
985.00
1002.85
1020.59
1038.18
1055.60
1072.85
1089.89
1106.71
1123.29
1139.60
1155.63
1171.35
1186.74
1201.78
1216.43
1230.68
1244.50
1257.85
1270.71
1283.05
1294.82
1306.00
1316.54
1326.40
1335.55
1343.94
1351.53
1358.28
1364.15
1369.11
1373.11
1376.14
1378.17
1379.19
980.13
997.86
1015.47
1032.94
1050.24
1067.35
1084.26
1100.95
1117.38
1133.55
1149.43
1165.00
1180.23
1195.10
1209.59
1223.67
1237.32
1250.49
1263.17
1275.32
1286.91
1297.89
1308.25
1317.93
1326.90
1335.11
1342.54
1349.14
1354.88
1359.71
1363.62
1366.57
1368.55
1369.54
974.87
992.48
1009.96
1027.29
1044.46
1061.43
1078.20
1094.74
1111.03
1127.04
1142.76
1158.17
1173.24
1187.95
1202.26
1216.16
1229.63
1242.62
1255.11
1267.07
1278.46
1289.26
1299.42
1308.92
1317.71
1325.75
1333.02
1339.47
1345.07
1349.78
1353.59
1356.47
1358.40
1359.36
969.24
986.71
1004.05
1021.24
1038.27
1055.10
1071.71
1088.10
1104.23
1120.09
1135.65
1150.89
1165.79
1180.32
1194.45
1208.17
1221.45
1234.25
1246.55
1258.32
1269.52
1280.13
1290.10
1299.41
1308.02
1315.89
1322.99
1329.29
1334.76
1339.36
1343.07
1345.88
1347.76
1348.70
963.24
980.57
997.77
1014.81
1031.68
1048.36
1064.82
1081.05
1097.02
1112.71
1128.10
1143.17
1157.89
1172.24
1186.19
1199.72
1212.81
1225.42
1237.52
1249.10
1260.11
1270.52
1280.30
1289.42
1297.85
1305.56
1312.50
1318.65
1323.99
1328.48
1332.10
1334.83
1336.66
1337.57
956.88
974.06
991.11
1008.00
1024.71
1041.23
1057.53
1073.59
1089.39
1104.91
1120.13
1135.02
1149.56
1163.72
1177.49
1190.83
1203.73
1216.14
1228.05
1239.43
1250.24
1260.46
1270.06
1279.00
1287.25
1294.79
1301.57
1307.58
1312.79
1317.17
1320.70
1323.36
1325.15
1326.04
950.18
967.21
984.09
1000.82
1017.37
1033.73
1049.86
1065.75
1081.38
1096.72
1111.76
1126.46
1140.82
1154.79
1168.37
1181.52
1194.22
1206.44
1218.16
1229.34
1239.96
1249.99
1259.40
1268.16
1276.24
1283.61
1290.24
1296.11
1301.20
1305.47
1308.91
1311.51
1313.24
1314.11
943.15
960.01
976.73
993.30
1009.68
1025.86
1041.82
1057.53
1072.98
1088.14
1103.00
1117.52
1131.68
1145.47
1158.85
1171.81
1184.32
1196.34
1207.86
1218.85
1229.28
1239.12
1248.35
1256.93
1264.84
1272.05
1278.53
1284.27
1289.23
1293.40
1296.76
1299.29
1300.99
1301.83
935.80
952.49
969.04
985.43
1001.64
1017.64
1033.42
1048.95
1064.22
1079.20
1093.87
1108.20
1122.17
1135.77
1148.96
1161.72
1174.03
1185.86
1197.19
1207.99
1218.22
1227.88
1236.92
1245.33
1253.08
1260.13
1266.47
1272.08
1276.93
1281.00
1284.27
1286.74
1288.39
1289.22
928.13
944.65
961.02
977.23
993.26
1009.09
1024.68
1040.03
1055.11
1069.90
1084.38
1098.52
1112.31
1125.71
1138.70
1151.27
1163.39
1175.02
1186.16
1196.76
1206.82
1216.29
1225.16
1233.40
1240.98
1247.88
1254.08
1259.56
1264.30
1268.27
1271.47
1273.88
1275.49
1276.30
920.17
936.50
952.70
968.73
984.57
1000.21
1015.62
1030.78
1045.67
1060.27
1074.56
1088.51
1102.10
1115.31
1128.11
1140.48
1152.40
1163.85
1174.79
1185.21
1195.08
1204.37
1213.06
1221.14
1228.56
1235.32
1241.39
1246.74
1251.37
1255.26
1258.38
1260.73
1262.30
1263.09
911.92
928.07
944.08
959.92
975.58
991.03
1006.25
1021.22
1035.92
1050.33
1064.42
1078.17
1091.57
1104.58
1117.19
1129.37
1141.09
1152.35
1163.10
1173.34
1183.02
1192.14
1200.67
1208.58
1215.85
1222.47
1228.40
1233.64
1238.17
1241.96
1245.01
1247.31
1248.85
1249.61
903.39
919.36
935.17
950.82
966.29
981.55
996.58
1011.36
1025.86
1040.07
1053.97
1067.53
1080.73
1093.55
1105.96
1117.95
1129.48
1140.55
1151.12
1161.17
1170.68
1179.63
1187.99
1195.74
1202.87
1209.34
1215.15
1220.28
1224.70
1228.41
1231.40
1233.64
1235.14
1235.89
894.61
910.38
926.00
941.46
956.73
971.79
986.63
1001.21
1015.52
1029.54
1043.24
1056.60
1069.60
1082.23
1094.45
1106.24
1117.59
1128.47
1138.85
1148.72
1158.06
1166.84
1175.04
1182.64
1189.62
1195.97
1201.65
1206.67
1211.00
1214.62
1217.54
1219.73
1221.20
1221.93
885.58
901.15
916.58
931.84
946.91
961.78
976.41
990.80
1004.91
1018.73
1032.23
1045.40
1058.21
1070.63
1082.66
1094.27
1105.43
1116.12
1126.32
1136.02
1145.19
1153.80
1161.84
1169.29
1176.14
1182.35
1187.92
1192.83
1197.07
1200.62
1203.47
1205.61
1207.05
1207.76
876.32
891.69
906.92
921.97
936.85
951.51
965.95
980.13
994.04
1007.66
1020.97
1033.94
1046.55
1058.79
1070.62
1082.04
1093.01
1103.52
1113.55
1123.07
1132.07
1140.53
1148.42
1155.72
1162.43
1168.52
1173.97
1178.78
1182.93
1186.40
1189.19
1191.29
1192.69
1193.39
866.85
882.01
897.03
911.88
926.55
941.01
955.25
969.23
982.94
996.36
1009.47
1022.24
1034.66
1046.71
1058.35
1069.58
1080.37
1090.70
1100.55
1109.91
1118.74
1127.04
1134.78
1141.94
1148.52
1154.49
1159.83
1164.54
1168.60
1172.00
1174.73
1176.78
1178.15
1178.84
857.17
872.12
886.93
901.58
916.04
930.30
944.33
958.11
971.62
984.84
997.75
1010.33
1022.55
1034.40
1045.86
1056.90
1067.51
1077.67
1087.35
1096.53
1105.21
1113.35
1120.94
1127.97
1134.42
1140.27
1145.50
1150.12
1154.09
1157.42
1160.10
1162.11
1163.45
1164.12
847.30
862.04
876.64
891.08
905.34
919.39
933.21
946.79
960.10
973.12
985.83
998.21
1010.24
1021.90
1033.17
1044.03
1054.46
1064.44
1073.95
1082.97
1091.49
1099.48
1106.93
1113.82
1120.15
1125.88
1131.01
1135.53
1139.43
1142.69
1145.31
1147.28
1148.59
1149.25
837.26
851.79
866.18
880.40
894.45
908.29
921.91
935.28
948.39
961.21
973.72
985.91
997.74
1009.22
1020.30
1030.98
1041.23
1051.03
1060.38
1069.24
1077.60
1085.44
1092.76
1099.52
1105.72
1111.34
1116.37
1120.80
1124.62
1127.82
1130.38
1132.31
1133.60
1134.24
827.06
841.37
855.55
869.56
883.40
897.03
910.44
923.61
936.51
949.13
961.44
973.44
985.08
996.36
1007.26
1017.76
1027.84
1037.47
1046.65
1055.35
1063.56
1071.26
1078.44
1085.07
1091.16
1096.67
1101.60
1105.95
1109.69
1112.82
1115.33
1117.22
1118.48
1119.11
816.72
830.82
844.78
858.58
872.20
885.62
898.82
911.78
924.48
936.90
949.02
960.81
972.27
983.37
994.08
1004.40
1014.30
1023.77
1032.79
1041.33
1049.39
1056.95
1064.00
1070.51
1076.47
1081.88
1086.72
1090.98
1094.64
1097.71
1100.18
1102.03
1103.26
1103.88
806.26
820.14
833.88
847.46
860.87
874.08
887.07
899.83
912.32
924.54
936.46
948.06
959.33
970.24
980.77
990.91
1000.65
1009.95
1018.80
1027.20
1035.11
1042.53
1049.44
1055.83
1061.69
1066.99
1071.74
1075.91
1079.51
1082.52
1084.93
1086.74
1087.96
1088.56
795.69
809.35
822.87
836.24
849.43
862.43
875.21
887.76
900.05
912.07
923.79
935.20
946.28
957.00
967.36
977.32
986.88
996.02
1004.72
1012.96
1020.74
1028.02
1034.80
1041.07
1046.82
1052.02
1056.68
1060.77
1064.30
1067.24
1069.61
1071.39
1072.58
1073.17
785.04
798.47
811.77
824.92
837.89
850.68
863.25
875.59
887.68
899.50
911.03
922.25
933.13
943.68
953.85
963.65
973.04
982.02
990.56
998.65
1006.28
1013.44
1020.10
1026.25
1031.88
1036.99
1041.55
1045.57
1049.03
1051.92
1054.24
1055.98
1057.15
1057.73
774.31
787.52
800.60
813.53
826.29
838.86
851.22
863.36
875.24
886.86
898.19
909.22
919.92
930.28
940.28
949.90
959.13
967.95
976.34
984.29
991.78
998.80
1005.33
1011.37
1016.90
1021.91
1026.39
1030.33
1033.72
1036.56
1038.83
1040.54
1041.69
1042.26
763.53
776.51
789.37
802.08
814.62
826.98
839.13
851.06
862.75
874.17
885.30
896.14
906.66
916.84
926.66
936.11
945.18
953.84
962.08
969.88
977.24
984.13
990.54
996.47
1001.90
1006.81
1011.21
1015.07
1018.40
1021.18
1023.41
1025.09
1026.21
1026.77
752.72
765.48
778.11
790.60
802.93
815.07
827.01
838.74
850.22
861.44
872.38
883.03
893.36
903.36
913.01
922.30
931.20
939.71
947.80
955.46
962.68
969.45
975.75
981.56
986.89
991.71
996.02
999.81
1003.07
1005.80
1007.99
1009.64
1010.74
1011.28
741.90
754.43
766.84
779.10
791.21
803.15
814.88
826.40
837.68
848.70
859.45
869.91
880.06
889.89
899.37
908.49
917.23
925.58
933.53
941.05
948.14
954.78
960.96
966.67
971.89
976.62
980.85
984.57
987.78
990.45
992.60
994.22
995.29
995.83
731.09
743.38
755.57
767.62
779.51
791.23
802.75
814.07
825.14
835.97
846.53
856.81
866.78
876.43
885.74
894.69
903.28
911.48
919.28
926.67
933.62
940.14
946.21
951.81
956.94
961.58
965.73
969.38
972.52
975.15
977.26
978.84
979.90
980.43
720.30
732.37
744.33
756.16
767.84
779.34
790.66
801.77
812.65
823.28
833.65
843.74
853.53
863.01
872.15
880.94
889.37
897.42
905.08
912.33
919.17
925.56
931.52
937.02
942.05
946.61
950.68
954.26
957.34
959.92
961.99
963.54
964.58
965.09
709.56
721.40
733.14
744.75
756.21
767.51
778.62
789.52
800.21
810.65
820.83
830.74
840.35
849.65
858.63
867.26
875.54
883.44
890.96
898.08
904.79
911.07
916.91
922.31
927.25
931.72
935.72
939.23
942.25
944.78
946.81
948.34
949.35
949.86
698.89
710.51
722.03
733.42
744.66
755.75
766.65
777.36
787.84
798.09
808.09
817.82
827.25
836.39
845.20
853.68
861.80
869.56
876.94
883.93
890.51
896.68
902.41
907.71
912.56
916.95
920.87
924.32
927.28
929.77
931.76
933.25
934.25
934.75
688.32
699.71
711.01
722.18
733.21
744.09
754.79
765.30
775.59
785.65
795.46
805.01
814.27
823.24
831.89
840.21
848.19
855.80
863.05
869.91
876.37
882.42
888.05
893.25
898.01
902.32
906.17
909.55
912.46
914.90
916.85
918.32
919.30
919.79
677.86
689.03
700.11
711.06
721.89
732.56
743.06
753.36
763.46
773.34
782.97
792.34
801.43
810.23
818.72
826.89
834.72
842.20
849.31
856.04
862.39
868.33
873.85
878.96
883.63
887.85
891.63
894.95
897.81
900.20
902.12
903.56
904.52
905.00
667.54
678.49
689.35
700.10
710.71
721.18
731.47
741.59
751.50
761.19
770.64
779.83
788.76
797.39
805.73
813.75
821.43
828.77
835.75
842.36
848.59
854.42
859.85
864.86
869.44
873.59
877.30
880.56
883.37
885.71
887.59
889.01
889.95
890.42
657.39
668.12
678.76
689.30
699.71
709.97
720.07
729.99
739.71
749.22
758.49
767.52
776.28
784.76
792.94
800.81
808.35
815.56
822.41
828.90
835.01
840.74
846.06
850.98
855.48
859.55
863.19
866.40
869.15
871.45
873.30
874.69
875.61
876.08
647.42
657.94
668.37
678.70
688.90
698.97
708.87
718.61
728.14
737.47
746.57
755.43
764.02
772.34
780.37
788.10
795.51
802.58
809.31
815.68
821.68
827.30
832.53
837.36
841.78
845.78
849.35
852.49
855.20
857.46
859.27
860.63
861.54
862.00
637.67
647.98
658.20
668.32
678.33
688.19
697.91
707.46
716.81
725.96
734.89
743.59
752.02
760.19
768.07
775.66
782.93
789.87
796.48
802.73
808.63
814.15
819.28
824.02
828.36
832.29
835.80
838.88
841.54
843.76
845.54
846.88
847.77
848.22
628.16
638.25
648.27
658.19
668.00
677.68
687.21
696.57
705.75
714.73
723.50
732.03
740.31
748.32
756.06
763.51
770.65
777.47
783.96
790.10
795.88
801.30
806.35
811.00
815.26
819.12
822.57
825.60
828.21
830.39
832.14
833.45
834.33
834.77
618.91
628.80
638.62
648.34
657.96
667.45
676.80
685.98
694.99
703.80
712.40
720.78
728.91
736.78
744.38
751.69
758.70
765.40
771.77
777.80
783.48
788.81
793.76
798.34
802.52
806.31
809.70
812.68
815.24
817.38
819.10
820.39
821.25
821.68
609.95
619.64
629.26
638.80
648.23
657.54
666.71
675.72
684.56
693.21
701.65
709.87
717.85
725.58
733.04
740.23
747.11
753.69
759.95
765.88
771.46
776.69
781.56
786.05
790.17
793.89
797.22
800.15
802.67
804.77
806.46
807.73
808.58
809.00
601.30
610.80
620.23
629.58
638.83
647.96
656.96
665.81
674.48
682.97
691.26
699.34
707.18
714.77
722.10
729.15
735.92
742.39
748.54
754.36
759.85
764.99
769.78
774.19
778.24
781.90
785.17
788.05
790.52
792.59
794.25
795.50
796.33
796.75
593.00
602.31
611.56
620.73
629.80
638.76
647.60
656.28
664.80
673.14
681.28
689.21
696.91
704.37
711.57
718.51
725.16
731.51
737.56
743.29
748.68
753.74
758.44
762.79
766.76
770.36
773.58
776.41
778.85
780.88
782.52
783.74
784.56
784.97
585.06
594.19
603.26
612.26
621.17
629.97
638.64
647.16
655.53
663.72
671.72
679.52
687.09
694.42
701.50
708.32
714.86
721.11
727.06
732.69
738.00
742.97
747.60
751.87
755.78
759.33
762.49
765.28
767.67
769.68
771.28
772.49
773.30
773.70
577.51
586.47
595.37
604.21
612.95
621.59
630.11
638.49
646.71
654.77
662.63
670.29
677.74
684.95
691.92
698.63
705.06
711.21
717.06
722.60
727.83
732.72
737.28
741.48
745.33
748.82
751.94
754.68
757.04
759.01
760.59
761.78
762.58
762.97
570.38
579.17
587.92
596.60
605.19
613.68
622.05
630.29
638.38
646.30
654.03
661.57
668.90
675.99
682.85
689.45
695.79
701.84
707.60
713.06
718.20
723.02
727.51
731.65
735.45
738.88
741.95
744.65
746.98
748.92
750.48
751.65
752.43
752.82
563.69
572.33
580.92
589.45
597.90
606.25
614.49
622.59
630.55
638.34
645.96
653.38
660.59
667.58
674.33
680.84
687.08
693.04
698.72
704.10
709.17
713.92
718.34
722.42
726.16
729.55
732.57
735.23
737.53
739.44
740.98
742.13
742.90
743.29
557.46
565.96
574.41
582.80
591.11
599.33
607.44
615.42
623.26
630.93
638.44
645.75
652.86
659.74
666.40
672.81
678.96
684.84
690.44
695.74
700.74
705.43
709.79
713.82
717.51
720.85
723.83
726.46
728.72
730.61
732.12
733.26
734.02
734.40
551.72
560.08
568.40
576.67
584.86
592.95
600.94
608.80
616.53
624.10
631.49
638.71
645.72
652.51
659.08
665.40
671.47
677.28
682.80
688.04
692.97
697.59
701.90
705.88
709.52
712.82
715.76
718.36
720.59
722.46
723.95
725.08
725.83
726.20
550.82
559.19
567.52
575.79
583.98
592.09
600.09
607.96
615.70
623.28
630.69
637.91
644.93
651.74
658.32
664.66
670.74
676.55
682.09
687.34
692.28
696.92
701.23
705.22
708.87
712.17
715.13
717.73
719.96
721.84
723.34
724.46
725.22
725.59
556.58
565.09
573.55
581.95
590.27
598.50
606.62
614.61
622.46
630.14
637.66
644.98
652.11
659.01
665.68
672.10
678.26
684.16
689.77
695.08
700.09
704.79
709.16
713.20
716.90
720.24
723.24
725.87
728.14
730.03
731.55
732.69
733.46
733.84
562.83
571.48
580.08
588.62
597.08
605.44
613.69
621.81
629.78
637.59
645.22
652.65
659.88
666.88
673.65
680.17
686.42
692.40
698.09
703.48
708.56
713.32
717.75
721.85
725.59
728.99
732.02
734.69
736.99
738.91
740.45
741.61
742.38
742.77
569.54
578.35
587.11
595.79
604.40
612.90
621.29
629.54
637.64
645.57
653.33
660.88
668.22
675.33
682.20
688.82
695.17
701.24
707.01
712.48
717.64
722.47
726.97
731.13
734.93
738.37
741.45
744.16
746.49
748.44
750.00
751.17
751.96
752.35
576.70
585.67
594.59
603.44
612.19
620.85
629.38
637.77
646.01
654.08
661.96
669.64
677.10
684.33
691.31
698.04
704.49
710.65
716.52
722.07
727.31
732.22
736.78
741.00
744.86
748.36
751.49
754.23
756.60
758.58
760.17
761.36
762.15
762.55
584.27
593.42
602.51
611.52
620.44
629.25
637.94
646.48
654.87
663.08
671.09
678.90
686.49
693.84
700.94
707.78
714.33
720.60
726.56
732.21
737.53
742.52
747.16
751.44
755.37
758.92
762.09
764.89
767.29
769.30
770.91
772.12
772.93
773.33
592.24
601.57
610.83
620.02
629.11
638.09
646.93
655.64
664.17
672.53
680.69
688.64
696.36
703.84
711.06
718.01
724.68
731.05
737.11
742.86
748.27
753.34
758.05
762.41
766.40
770.01
773.24
776.08
778.52
780.56
782.20
783.43
784.25
784.66
600.58
610.09
619.54
628.90
638.17
647.32
656.34
665.20
673.90
682.41
690.72
698.81
706.67
714.28
721.63
728.71
735.49
741.97
748.14
753.98
759.49
764.64
769.44
773.87
777.93
781.60
784.88
787.77
790.25
792.33
793.99
795.25
796.08
796.50
609.25
618.96
628.60
638.15
647.60
656.93
666.12
675.15
684.01
692.68
701.15
709.39
717.39
725.14
732.62
739.83
746.73
753.33
759.61
765.55
771.15
776.40
781.28
785.79
789.92
793.65
796.99
799.93
802.45
804.57
806.26
807.53
808.38
808.81
618.24
628.15
637.99
647.73
657.37
666.88
676.25
685.46
694.49
703.32
711.95
720.34
728.49
736.39
744.01
751.34
758.37
765.09
771.48
777.53
783.23
788.57
793.54
798.13
802.33
806.13
809.53
812.52
815.09
817.24
818.96
820.26
821.12
821.55
627.52
637.64
647.68
657.62
667.45
677.15
686.70
696.09
705.29
714.30
723.08
731.64
739.94
747.98
755.74
763.21
770.37
777.21
783.72
789.88
795.69
801.12
806.18
810.85
815.13
819.00
822.46
825.50
828.12
830.31
832.06
833.38
834.26
834.70
637.07
647.39
657.64
667.78
677.81
687.71
697.45
707.02
716.40
725.58
734.53
743.25
751.71
759.90
767.81
775.41
782.71
789.67
796.30
802.58
808.49
814.02
819.18
823.93
828.29
832.23
835.75
838.85
841.51
843.74
845.53
846.87
847.77
848.21
646.85
657.39
667.85
678.20
688.43
698.52
708.45
718.21
727.77
737.13
746.25
755.14
763.76
772.10
780.16
787.91
795.34
802.44
809.19
815.58
821.60
827.24
832.49
837.33
841.76
845.78
849.37
852.52
855.23
857.50
859.32
860.69
861.60
862.06
656.85
667.61
678.28
688.84
699.27
709.56
719.69
729.64
739.39
748.92
758.23
767.28
776.06
784.57
792.78
800.67
808.24
815.47
822.35
828.86
834.99
840.74
846.08
851.01
855.53
859.62
863.27
866.49
869.25
871.56
873.42
874.81
875.74
876.20
667.04
678.02
688.90
699.67
710.32
720.81
731.14
741.28
751.22
760.94
770.42
779.64
788.59
797.26
805.62
813.67
821.38
828.74
835.75
842.38
848.63
854.48
859.93
864.95
869.55
873.72
877.44
880.71
883.53
885.89
887.78
889.19
890.14
890.61
677.39
688.59
699.69
710.68
721.53
732.23
742.76
753.10
763.23
773.14
782.80
792.20
801.32
810.15
818.67
826.86
834.72
842.23
849.36
856.12
862.49
868.45
873.99
879.12
883.80
888.05
891.84
895.18
898.04
900.44
902.37
903.81
904.78
905.26
687.88
699.31
710.63
721.83
732.90
743.81
754.54
765.08
775.40
785.50
795.34
804.92
814.21
823.21
831.89
840.24
848.24
855.89
863.16
870.05
876.53
882.60
888.26
893.47
898.25
902.57
906.44
909.84
912.76
915.21
917.17
918.64
919.62
920.11
698.49
710.14
721.69
733.11
744.39
755.51
766.45
777.18
787.70
797.99
808.02
817.78
827.25
836.41
845.25
853.76
861.92
869.70
877.11
884.13
890.73
896.92
902.68
908.00
912.86
917.27
921.21
924.67
927.65
930.14
932.14
933.64
934.64
935.15
709.19
721.07
732.84
744.48
755.98
767.31
778.45
789.39
800.11
810.59
820.81
830.75
840.39
849.73
858.74
867.40
875.71
883.65
891.19
898.34
905.07
911.37
917.24
922.66
927.62
932.11
936.12
939.65
942.69
945.23
947.26
948.79
949.81
950.32
719.96
732.07
744.07
755.93
767.64
779.19
790.54
801.68
812.60
823.27
833.68
843.80
853.63
863.14
872.31
881.14
889.60
897.68
905.37
912.65
919.51
925.93
931.91
937.43
942.49
947.06
951.15
954.75
957.84
960.43
962.51
964.07
965.11
965.63
730.79
743.12
755.34
767.43
779.36
791.12
802.68
814.03
825.14
836.01
846.61
856.92
866.93
876.61
885.96
894.95
903.56
911.80
919.63
927.04
934.03
940.58
946.67
952.29
957.44
962.10
966.27
969.94
973.09
975.73
977.85
979.44
980.50
981.03
741.64
754.20
766.65
778.95
791.10
803.07
814.85
826.40
837.72
848.79
859.58
870.07
880.26
890.12
899.64
908.79
917.57
925.96
933.93
941.49
948.61
955.27
961.48
967.21
972.46
977.21
981.46
985.20
988.41
991.10
993.26
994.88
995.96
996.50
752.49
765.29
777.96
790.49
802.85
815.04
827.02
838.79
850.31
861.57
872.56
883.24
893.61
903.65
913.34
922.67
931.60
940.14
948.27
955.96
963.21
970.01
976.33
982.17
987.52
992.36
996.69
1000.50
1003.78
1006.52
1008.72
1010.37
1011.47
1012.03
763.34
776.36
789.26
802.01
814.59
826.99
839.19
851.16
862.88
874.35
885.52
896.40
906.96
917.18
927.04
936.53
945.63
954.33
962.60
970.44
977.83
984.75
991.19
997.15
1002.59
1007.53
1011.94
1015.83
1019.17
1021.96
1024.21
1025.89
1027.02
1027.58
774.15
787.40
800.52
813.49
826.30
838.91
851.32
863.50
875.43
887.09
898.46
909.53
920.27
930.68
940.72
950.38
959.64
968.50
976.92
984.91
992.43
999.48
1006.05
1012.11
1017.67
1022.70
1027.20
1031.15
1034.56
1037.41
1039.70
1041.42
1042.56
1043.14
784.91
798.38
811.73
824.92
837.94
850.77
863.39
875.78
887.91
899.77
911.35
922.61
933.54
944.12
954.34
964.18
973.61
982.62
991.20
999.33
1007.00
1014.18
1020.87
1027.05
1032.71
1037.84
1042.43
1046.46
1049.94
1052.84
1055.17
1056.93
1058.10
1058.68
795.60
809.30
822.86
836.28
849.52
862.56
875.39
887.98
900.32
912.39
924.16
935.61
946.73
957.50
967.90
977.91
987.51
996.69
1005.42
1013.70
1021.51
1028.83
1035.64
1041.94
1047.71
1052.94
1057.62
1061.73
1065.27
1068.24
1070.62
1072.40
1073.60
1074.19
806.20
820.12
833.91
847.54
861.00
874.25
887.29
900.10
912.64
924.91
936.87
948.52
959.83
970.79
981.37
991.55
1001.33
1010.67
1019.56
1028.00
1035.95
1043.40
1050.35
1056.77
1062.65
1067.98
1072.75
1076.94
1080.55
1083.58
1086.00
1087.83
1089.05
1089.65
816.69
830.83
844.84
858.69
872.36
885.83
899.09
912.10
924.84
937.31
949.48
961.32
972.82
983.97
994.73
1005.09
1015.04
1024.55
1033.60
1042.19
1050.29
1057.89
1064.96
1071.50
1077.50
1082.93
1087.80
1092.08
1095.76
1098.85
1101.32
1103.18
1104.42
1105.04
827.06
841.42
855.65
869.71
883.60
897.28
910.74
923.96
936.92
949.58
961.95
973.99
985.68
997.02
1007.96
1018.51
1028.63
1038.31
1047.53
1056.27
1064.52
1072.26
1079.47
1086.14
1092.25
1097.79
1102.75
1107.11
1110.88
1114.02
1116.55
1118.45
1119.72
1120.35
837.29
851.87
866.31
880.59
894.69
908.58
922.25
935.68
948.83
961.71
974.27
986.51
998.40
1009.92
1021.05
1031.77
1042.07
1051.92
1061.31
1070.21
1078.62
1086.50
1093.85
1100.65
1106.88
1112.53
1117.59
1122.04
1125.88
1129.09
1131.67
1133.61
1134.90
1135.55
847.36
862.15
876.81
891.30
905.61
919.71
933.59
947.22
960.59
973.66
986.42
998.86
1010.94
1022.65
1033.97
1044.88
1055.36
1065.38
1074.94
1084.01
1092.57
1100.60
1108.09
1115.02
1121.37
1127.14
1132.30
1136.84
1140.76
1144.04
1146.67
1148.65
1149.97
1150.63
857.26
872.27
887.13
901.83
916.35
930.66
944.75
958.58
972.15
985.43
998.39
1011.02
1023.30
1035.20
1046.71
1057.81
1068.47
1078.67
1088.40
1097.63
1106.35
1114.53
1122.17
1129.23
1135.71
1141.59
1146.86
1151.50
1155.50
1158.85
1161.53
1163.56
1164.91
1165.58
866.97
882.18
897.26
912.17
926.89
941.41
955.70
969.74
983.51
996.99
1010.15
1022.98
1035.46
1047.55
1059.25
1070.54
1081.38
1091.76
1101.66
1111.06
1119.94
1128.28
1136.06
1143.27
1149.88
1155.88
1161.26
1165.99
1170.08
1173.50
1176.24
1178.31
1179.69
1180.38
876.47
891.90
907.18
922.29
937.22
951.94
966.44
980.68
994.65
1008.33
1021.69
1034.72
1047.39
1059.68
1071.58
1083.05
1094.07
1104.64
1114.72
1124.29
1133.34
1141.84
1149.77
1157.12
1163.86
1169.99
1175.48
1180.31
1184.48
1187.98
1190.78
1192.90
1194.31
1195.01
885.76
901.39
916.87
932.19
947.32
962.24
976.94
991.38
1005.55
1019.43
1033.00
1046.22
1059.09
1071.58
1083.66
1095.32
1106.54
1117.29
1127.55
1137.29
1146.51
1155.17
1163.26
1170.76
1177.64
1183.89
1189.50
1194.44
1198.70
1202.27
1205.14
1207.30
1208.74
1209.46
894.82
910.64
926.32
941.84
957.17
972.29
987.19
1001.83
1016.20
1030.28
1044.04
1057.47
1070.53
1083.22
1095.50
1107.35
1118.75
1129.69
1140.13
1150.06
1159.45
1168.28
1176.52
1184.17
1191.20
1197.58
1203.30
1208.35
1212.71
1216.36
1219.30
1221.51
1222.98
1223.72
903.62
919.64
935.52
951.23
966.76
982.08
997.17
1012.01
1026.58
1040.86
1054.82
1068.44
1081.70
1094.58
1107.06
1119.11
1130.70
1141.83
1152.45
1162.56
1172.13
1181.13
1189.54
1197.34
1204.51
1211.03
1216.88
1222.04
1226.50
1230.23
1233.24
1235.50
1237.01
1237.76
912.17
928.38
944.45
960.36
976.08
991.59
1006.87
1021.91
1036.68
1051.15
1065.30
1079.12
1092.58
1105.66
1118.33
1130.57
1142.37
1153.68
1164.50
1174.79
1184.54
1193.71
1202.29
1210.25
1217.58
1224.24
1230.22
1235.49
1240.05
1243.87
1246.95
1249.26
1250.81
1251.58
920.45
936.84
953.10
969.19
985.10
1000.80
1016.28
1031.51
1046.47
1061.13
1075.48
1089.50
1103.16
1116.43
1129.30
1141.74
1153.73
1165.23
1176.24
1186.72
1196.65
1206.01
1214.76
1222.89
1230.36
1237.17
1243.28
1248.68
1253.34
1257.26
1260.41
1262.78
1264.36
1265.15
928.43
945.01
961.45
977.73
993.82
1009.71
1025.37
1040.79
1055.94
1070.80
1085.34
1099.55
1113.41
1126.88
1139.94
1152.58
1164.76
1176.47
1187.67
1198.34
1208.46
1217.99
1226.92
1235.22
1242.86
1249.82
1256.07
1261.59
1266.36
1270.37
1273.60
1276.03
1277.65
1278.46
936.12
952.88
969.49
985.95
1002.22
1018.29
1034.14
1049.74
1065.08
1080.13
1094.86
1109.27
1123.31
1136.98
1150.24
1163.08
1175.46
1187.36
1198.76
1209.62
1219.93
1229.65
1238.76
1247.23
1255.04
1262.15
1268.55
1274.20
1279.09
1283.19
1286.50
1288.99
1290.66
1291.49
943.50
960.42
977.21
993.84
1010.29
1026.54
1042.56
1058.35
1073.87
1089.10
1104.03
1118.62
1132.86
1146.72
1160.18
1173.21
1185.79
1197.89
1209.49
1220.55
1231.05
1240.97
1250.26
1258.91
1266.88
1274.16
1280.70
1286.49
1291.50
1295.71
1299.10
1301.65
1303.36
1304.22
950.55
967.64
984.59
1001.39
1018.01
1034.43
1050.63
1066.60
1082.30
1097.71
1112.82
1127.61
1142.04
1156.09
1169.74
1182.97
1195.75
1208.05
1219.84
1231.10
1241.80
1251.91
1261.39
1270.22
1278.37
1285.81
1292.51
1298.43
1303.57
1307.88
1311.36
1313.99
1315.74
1316.62
957.27
974.52
991.63
1008.59
1025.37
1041.96
1058.33
1074.47
1090.34
1105.94
1121.23
1136.20
1150.81
1165.06
1178.91
1192.33
1205.30
1217.80
1229.80
1241.26
1252.15
1262.45
1272.13
1281.15
1289.48
1297.08
1303.94
1310.01
1315.27
1319.70
1323.27
1325.96
1327.77
1328.67
963.64
981.04
998.31
1015.42
1032.36
1049.11
1065.65
1081.95
1097.99
1113.76
1129.23
1144.38
1159.18
1173.61
1187.65
1201.27
1214.44
1227.13
1239.33
1250.99
1262.08
1272.58
1282.45
1291.66
1300.17
1307.95
1314.97
1321.19
1326.59
1331.13
1334.80
1337.56
1339.41
1340.34
969.66
987.20
1004.61
1021.87
1038.97
1055.87
1072.57
1089.03
1105.24
1121.17
1136.81
1152.14
1167.12
1181.73
1195.95
1209.76
1223.13
1236.02
1248.41
1260.27
1271.57
1282.27
1292.33
1301.73
1310.43
1318.39
1325.57
1331.95
1337.48
1342.14
1345.91
1348.75
1350.65
1351.60
975.30
992.98
1010.54
1027.94
1045.18
1062.23
1079.07
1095.69
1112.06
1128.15
1143.96
1159.45
1174.60
1189.40
1203.80
1217.80
1231.35
1244.44
1257.03
1269.09
1280.58
1291.48
1301.74
1311.34
1320.22
1328.36
1335.71
1342.24
1347.92
1352.70
1356.57
1359.49
1361.44
1362.42
980.58
998.38
1016.07
1033.61
1050.98
1068.17
1085.16
1101.92
1118.44
1134.69
1150.65
1166.31
1181.63
1196.59
1211.17
1225.35
1239.09
1252.37
1265.15
1277.40
1289.09
1300.19
1310.65
1320.44
1329.51
1337.83
1345.35
1352.05
1357.86
1362.77
1366.74
1369.74
1371.75
1372.76
985.46
1003.39
1021.20
1038.86
1056.36
1073.68
1090.80
1107.71
1124.36
1140.76
1156.88
1172.69
1188.17
1203.30
1218.05
1232.40
1246.32
1259.78
1272.75
1285.19
1297.08
1308.37
1319.02
1329.00
1338.26
1346.77
1354.46
1361.31
1367.28
1372.31
1376.39
1379.47
1381.53
1382.57
989.95
1007.99
1025.91
1043.69
1061.31
1078.76
1096.01
1113.04
1129.83
1146.36
1162.62
1178.57
1194.21
1209.49
1224.41
1238.92
1253.01
1266.65
1279.80
1292.43
1304.50
1315.98
1326.83
1337.00
1346.44
1355.13
1363.00
1370.01
1376.11
1381.28
1385.46
1388.62
1390.74
1391.81
994.04
1012.19
1030.21
1048.10
1065.83
1083.38
1100.75
1117.90
1134.81
1151.48
1167.86
1183.96
1199.73
1215.16
1230.23
1244.90
1259.16
1272.96
1286.28
1299.09
1311.34
1323.00
1334.03
1344.39
1354.02
1362.87
1370.91
1378.08
1384.33
1389.62
1393.91
1397.15
1399.33
1400.42
997.72
1015.96
1034.08
1052.06
1069.89
1087.55
1105.02
1122.28
1139.31
1156.09
1172.60
1188.82
1204.72
1220.29
1235.50
1250.32
1264.72
1278.68
1292.17
1305.14
1317.56
1329.40
1340.60
1351.13
1360.94
1369.96
1378.16
1385.49
1391.88
1397.29
1401.68
1405.01
1407.24
1408.36
1000.99
1019.30
1037.51
1055.58
1073.50
1091.25
1108.82
1126.17
1143.30
1160.19
1176.81
1193.14
1209.16
1224.86
1240.19
1255.15
1269.69
1283.80
1297.43
1310.56
1323.14
1335.14
1346.51
1357.20
1367.17
1376.35
1384.71
1392.18
1398.70
1404.23
1408.72
1412.13
1414.41
1415.56
1003.83
1022.22
1040.50
1058.64
1076.64
1094.48
1112.12
1129.57
1146.79
1163.77
1180.48
1196.92
1213.05
1228.85
1244.30
1259.37
1274.04
1288.28
1302.04
1315.31
1328.04
1340.18
1351.70
1362.55
1372.66
1382.00
1390.50
1398.10
1404.75
1410.39
1414.98
1418.45
1420.79
1421.96
1006.24
1024.69
1043.03
1061.25
1079.31
1097.22
1114.93
1132.45
1149.75
1166.81
1183.61
1200.13
1216.35
1232.25
1247.80
1262.98
1277.76
1292.11
1305.99
1319.38
1332.24
1344.51
1356.16
1367.14
1377.39
1386.86
1395.49
1403.22
1409.98
1415.72
1420.39
1423.93
1426.32
1427.51
1008.22
1026.72
1045.12
1063.38
1081.51
1099.47
1117.24
1134.82
1152.19
1169.31
1186.18
1202.78
1219.07
1235.05
1250.69
1265.95
1280.82
1295.27
1309.25
1322.75
1335.71
1348.09
1359.86
1370.95
1381.32
1390.90
1399.64
1407.47
1414.33
1420.16
1424.90
1428.50
1430.93
1432.14
1009.77
1028.31
1046.74
1065.05
1083.22
1101.22
1119.05
1136.68
1154.09
1171.27
1188.19
1204.84
1221.20
1237.24
1252.94
1268.28
1283.22
1297.74
1311.81
1325.38
1338.43
1350.90
1362.76
1373.95
1384.41
1394.08
1402.91
1410.83
1417.77
1423.67
1428.47
1432.12
1434.58
1435.81
1010.87
1029.44
1047.91
1066.24
1084.44
1102.48
1120.34
1138.00
1155.45
1172.67
1189.63
1206.32
1222.73
1238.81
1254.56
1269.94
1284.94
1299.52
1313.64
1327.28
1340.39
1352.93
1364.85
1376.10
1386.63
1396.38
1405.27
1413.25
1420.25
1426.21
1431.05
1434.74
1437.22
1438.46
1011.53
1030.12
1048.60
1066.96
1085.18
1103.23
1121.11
1138.80
1156.27
1173.51
1190.50
1207.21
1223.64
1239.76
1255.53
1270.95
1285.98
1300.59
1314.74
1328.42
1341.57
1354.15
1366.11
1377.41
1387.98
1397.76
1406.70
1414.72
1421.75
1427.74
1432.61
1436.32
1438.82
1440.07
1011.75
1030.35
1048.84
1067.20
1085.42
1103.48
1121.37
1139.06
1156.54
1173.79
1190.78
1207.51
1223.95
1240.07
1255.86
1271.28
1286.32
1300.94
1315.11
1328.80
1341.96
1354.55
1366.53
1377.84
1388.42
1398.22
1407.17
1415.21
1422.25
1428.25
1433.13
1436.85
1439.35
1440.60
1011.53
1030.12
1048.60
1066.96
1085.18
1103.23
1121.11
1138.80
1156.27
1173.51
1190.49
1207.21
1223.64
1239.75
1255.53
1270.95
1285.97
1300.58
1314.74
1328.42
1341.56
1354.14
1366.11
1377.40
1387.97
1397.76
1406.69
1414.71
1421.75
1427.73
1432.61
1436.32
1438.81
1440.06
1010.87
1029.44
1047.90
1066.24
1084.44
1102.47
1120.33
1138.00
1155.45
1172.66
1189.63
1206.32
1222.72
1238.81
1254.55
1269.94
1284.94
1299.51
1313.63
1327.27
1340.38
1352.92
1364.84
1376.10
1386.63
1396.37
1405.27
1413.25
1420.24
1426.20
1431.04
1434.73
1437.21
1438.45
1009.76
1028.30
1046.74
1065.05
1083.21
1101.22
1119.04
1136.67
1154.08
1171.26
1188.19
1204.84
1221.19
1237.23
1252.93
1268.27
1283.21
1297.73
1311.80
1325.37
1338.42
1350.90
1362.75
1373.94
1384.40
1394.07
1402.90
1410.82
1417.76
1423.66
1428.46
1432.11
1434.57
1435.80
1008.22
1026.72
1045.11
1063.38
1081.50
1099.46
1117.24
1134.82
1152.18
1169.31
1186.17
1202.77
1219.07
1235.04
1250.68
1265.94
1280.81
1295.26
1309.24
1322.73
1335.69
1348.08
1359.85
1370.94
1381.31
1390.89
1399.63
1407.46
1414.32
1420.15
1424.89
1428.49
1430.91
1432.13
1006.23
1024.68
1043.03
1061.24
1079.30
1097.21
1114.93
1132.44
1149.74
1166.80
1183.60
1200.12
1216.34
1232.24
1247.79
1262.97
1277.74
1292.09
1305.98
1319.37
1332.22
1344.50
1356.15
1367.13
1377.38
1386.85
1395.47
1403.20
1409.96
1415.70
1420.37
1423.91
1426.30
1427.49
1003.82
1022.21
1040.49
1058.63
1076.63
1094.46
1112.11
1129.55
1146.78
1163.75
1180.47
1196.90
1213.03
1228.83
1244.28
1259.36
1274.03
1288.26
1302.03
1315.30
1328.02
1340.17
1351.68
1362.53
1372.65
1381.98
1390.48
1398.08
1404.73
1410.37
1414.95
1418.43
1420.77
1421.94
1000.98
1019.29
1037.50
1055.57
1073.49
1091.24
1108.80
1126.16
1143.29
1160.17
1176.79
1193.13
1209.15
1224.84
1240.18
1255.13
1269.67
1283.78
1297.41
1310.54
1323.12
1335.12
1346.48
1357.18
1367.14
1376.33
1384.69
1392.15
1398.68
1404.21
1408.70
1412.10
1414.39
1415.54
997.71
1015.95
1034.06
1052.05
1069.88
1087.54
1105.01
1122.26
1139.29
1156.07
1172.58
1188.80
1204.70
1220.27
1235.48
1250.30
1264.70
1278.66
1292.15
1305.12
1317.54
1329.38
1340.58
1351.11
1360.91
1369.94
1378.14
1385.46
1391.85
1397.26
1401.65
1404.98
1407.21
1408.33
994.03
1012.17
1030.19
1048.08
1065.81
1083.37
1100.73
1117.88
1134.80
1151.46
1167.85
1183.94
1199.71
1215.14
1230.21
1244.88
1259.13
1272.94
1286.26
1299.06
1311.32
1322.98
1334.01
1344.36
1353.99
1362.85
1370.88
1378.05
1384.30
1389.59
1393.88
1397.12
1399.30
1400.39
989.94
1007.98
1025.90
1043.68
1061.30
1078.74
1095.99
1113.02
1129.81
1146.34
1162.60
1178.55
1194.19
1209.47
1224.38
1238.90
1252.99
1266.63
1279.77
1292.40
1304.48
1315.96
1326.80
1336.97
1346.42
1355.10
1362.96
1369.98
1376.08
1381.25
1385.42
1388.59
1390.71
1391.77
985.45
1003.37
1021.18
1038.84
1056.34
1073.66
1090.79
1107.68
1124.34
1140.74
1156.85
1172.66
1188.14
1203.27
1218.02
1232.37
1246.29
1259.75
1272.72
1285.16
1297.05
1308.34
1318.99
1328.97
1338.23
1346.73
1354.43
1361.28
1367.24
1372.28
1376.35
1379.43
1381.50
1382.53
980.56
998.37
1016.05
1033.59
1050.96
1068.15
1085.14
1101.90
1118.41
1134.66
1150.63
1166.28
1181.60
1196.57
1211.15
1225.32
1239.06
1252.34
1265.12
1277.37
1289.06
1300.16
1310.62
1320.40
1329.48
1337.79
1345.32
1352.01
1357.83
1362.73
1366.70
1369.70
1371.71
1372.72
975.28
992.96
1010.51
1027.92
1045.16
1062.21
1079.05
1095.67
1112.03
1128.13
1143.93
1159.42
1174.58
1189.37
1203.77
1217.77
1231.32
1244.41
1257.00
1269.05
1280.55
1291.44
1301.71
1311.30
1320.18
1328.32
1335.67
1342.21
1347.88
1352.66
1356.53
1359.45
1361.40
1362.38
969.64
987.18
1004.59
1021.85
1038.95
1055.85
1072.54
1089.00
1105.21
1121.15
1136.79
1152.11
1167.09
1181.70
1195.92
1209.73
1223.10
1235.99
1248.38
1260.24
1271.53
1282.23
1292.30
1301.70
1310.39
1318.35
1325.53
1331.91
1337.44
1342.10
1345.86
1348.71
1350.61
1351.56
963.62
981.02
998.28
1015.40
1032.34
1049.09
1065.62
1081.92
1097.97
1113.73
1129.20
1144.35
1159.15
1173.58
1187.62
1201.23
1214.40
1227.10
1239.29
1250.95
1262.05
1272.55
1282.42
1291.62
1300.13
1307.91
1314.93
1321.15
1326.55
1331.09
1334.75
1337.52
1339.37
1340.30
957.25
974.49
991.60
1008.56
1025.35
1041.93
1058.31
1074.44
1090.31
1105.91
1121.20
1136.16
1150.78
1165.03
1178.87
1192.29
1205.27
1217.77
1229.76
1241.22
1252.11
1262.42
1272.09
1281.11
1289.43
1297.04
1303.89
1309.97
1315.23
1319.66
1323.23
1325.92
1327.72
1328.62
950.53
967.61
984.57
1001.36
1017.98
1034.40
1050.60
1066.57
1082.27
1097.68
1112.79
1127.57
1142.00
1156.05
1169.71
1182.94
1195.71
1208.01
1219.80
1231.06
1241.76
1251.87
1261.35
1270.18
1278.33
1285.76
1292.46
1298.39
1303.52
1307.84
1311.32
1313.94
1315.69
1316.57
943.47
960.40
977.18
993.81
1010.26
1026.51
1042.53
1058.32
1073.84
1089.07
1104.00
1118.59
1132.83
1146.69
1160.15
1173.18
1185.76
1197.86
1209.45
1220.51
1231.01
1240.92
1250.22
1258.87
1266.84
1274.11
1280.65
1286.44
1291.45
1295.66
1299.05
1301.60
1303.31
1304.17
936.09
952.85
969.46
985.92
1002.19
1018.26
1034.11
1049.71
1065.05
1080.09
1094.83
1109.23
1123.28
1136.94
1150.20
1163.04
1175.42
1187.32
1198.72
1209.58
1219.89
1229.61
1238.72
1247.19
1254.99
1262.10
1268.50
1274.15
1279.04
1283.15
1286.45
1288.94
1290.61
1291.44
928.41
944.98
961.42
977.70
993.79
1009.68
1025.34
1040.76
1055.90
1070.76
1085.31
1099.52
1113.37
1126.84
1139.90
1152.54
1164.72
1176.43
1187.63
1198.30
1208.41
1217.95
1226.88
1235.17
1242.81
1249.77
1256.02
1261.54
1266.31
1270.32
1273.55
1275.98
1277.60
1278.41
920.42
936.81
953.07
969.16
985.07
1000.77
1016.25
1031.47
1046.43
1061.10
1075.45
1089.46
1103.12
1116.39
1129.26
1141.70
1153.68
1165.19
1176.20
1186.68
1196.61
1205.96
1214.71
1222.84
1230.32
1237.12
1243.23
1248.63
1253.29
1257.21
1260.35
1262.72
1264.31
1265.10
912.14
928.35
944.42
960.32
976.04
991.55
1006.84
1021.87
1036.64
1051.11
1065.26
1079.08
1092.54
1105.62
1118.29
1130.53
1142.32
1153.64
1164.45
1174.74
1184.49
1193.66
1202.24
1210.20
1217.53
1224.19
1230.16
1235.44
1240.00
1243.82
1246.89
1249.21
1250.75
1251.53
903.59
919.61
935.49
951.20
966.73
982.05
997.14
1011.98
1026.54
1040.82
1054.78
1068.40
1081.66
1094.54
1107.01
1119.06
1130.66
1141.78
1152.41
1162.51
1172.08
1181.08
1189.49
1197.29
1204.46
1210.98
1216.83
1221.99
1226.45
1230.18
1233.18
1235.44
1236.95
1237.71
894.78
910.61
926.29
941.80
957.14
972.26
987.15
1001.79
1016.16
1030.24
1044.00
1057.42
1070.49
1083.17
1095.45
1107.30
1118.71
1129.64
1140.08
1150.01
1159.40
1168.23
1176.47
1184.12
1191.14
1197.53
1203.25
1208.30
1212.66
1216.31
1219.24
1221.45
1222.93
1223.66
885.73
901.35
916.83
932.15
947.28
962.21
976.90
991.34
1005.51
1019.39
1032.95
1046.18
1059.04
1071.53
1083.62
1095.28
1106.49
1117.24
1127.50
1137.24
1146.46
1155.12
1163.21
1170.70
1177.59
1183.84
1189.44
1194.38
1198.64
1202.21
1205.08
1207.24
1208.69
1209.41
876.44
891.86
907.14
922.26
937.18
951.90
966.40
980.64
994.61
1008.29
1021.65
1034.68
1047.35
1059.64
1071.53
1083.00
1094.02
1104.59
1114.67
1124.24
1133.28
1141.78
1149.72
1157.06
1163.81
1169.93
1175.42
1180.25
1184.43
1187.92
1190.73
1192.84
1194.25
1194.95
866.93
882.15
897.22
912.13
926.85
941.37
955.66
969.70
983.47
996.94
1010.11
1022.94
1035.41
1047.51
1059.21
1070.49
1081.33
1091.71
1101.61
1111.01
1119.89
1128.23
1136.01
1143.21
1149.82
1155.83
1161.20
1165.94
1170.02
1173.44
1176.19
1178.25
1179.63
1180.32
857.22
872.23
887.09
901.79
916.31
930.62
944.71
958.54
972.11
985.38
998.34
1010.97
1023.25
1035.16
1046.66
1057.76
1068.41
1078.62
1088.34
1097.57
1106.29
1114.48
1122.11
1129.17
1135.66
1141.54
1146.80
1151.44
1155.44
1158.79
1161.47
1163.50
1164.85
1165.52
847.32
862.12
876.77
891.26
905.57
919.67
933.55
947.18
960.54
973.61
986.38
998.81
1010.89
1022.60
1033.92
1044.83
1055.31
1065.33
1074.89
1083.95
1092.51
1100.54
1108.03
1114.96
1121.31
1127.08
1132.24
1136.78
1140.70
1143.98
1146.61
1148.59
1149.91
1150.57
837.25
851.83
866.27
880.55
894.65
908.54
922.21
935.63
948.79
961.66
974.22
986.46
998.35
1009.87
1021.00
1031.72
1042.02
1051.87
1061.26
1070.16
1078.56
1086.44
1093.79
1100.59
1106.82
1112.47
1117.53
1121.98
1125.82
1129.03
1131.61
1133.55
1134.84
1135.49
827.02
841.38
855.61
869.67
883.56
897.24
910.70
923.91
936.87
949.54
961.90
973.94
985.63
996.96
1007.91
1018.45
1028.57
1038.25
1047.47
1056.21
1064.46
1072.20
1079.41
1086.08
1092.19
1097.73
1102.69
1107.05
1110.81
1113.96
1116.49
1118.39
1119.65
1120.29
816.65
830.79
844.80
858.65
872.32
885.79
899.04
912.05
924.80
937.26
949.43
961.27
972.77
983.91
994.67
1005.04
1014.98
1024.49
1033.55
1042.13
1050.23
1057.83
1064.90
1071.44
1077.44
1082.87
1087.73
1092.01
1095.70
1098.78
1101.26
1103.12
1104.36
1104.98
806.16
820.08
833.86
847.50
860.95
874.21
887.25
900.05
912.59
924.86
936.82
948.47
959.78
970.73
981.31
991.50
1001.27
1010.61
1019.51
1027.94
1035.89
1043.34
1050.29
1056.71
1062.59
1067.92
1072.68
1076.88
1080.49
1083.51
1085.94
1087.76
1088.98
1089.59
795.56
809.25
822.82
836.23
849.47
862.51
875.34
887.94
900.27
912.34
924.10
935.56
946.68
957.45
967.84
977.85
987.45
996.63
1005.37
1013.64
1021.45
1028.77
1035.58
1041.88
1047.65
1052.88
1057.55
1061.67
1065.21
1068.17
1070.55
1072.34
1073.53
1074.13
784.87
798.34
811.68
824.88
837.90
850.73
863.34
875.73
887.86
899.72
911.29
922.55
933.48
944.07
954.28
964.12
973.55
982.57
991.14
999.27
1006.94
1014.12
1020.81
1026.99
1032.65
1037.78
1042.36
1046.40
1049.87
1052.78
1055.11
1056.86
1058.03
1058.61
774.11
787.35
800.47
813.45
826.25
838.86
851.27
863.45
875.37
887.03
898.41
909.48
920.22
930.62
940.66
950.32
959.58
968.44
976.86
984.85
992.37
999.42
1005.98
1012.05
1017.60
1022.63
1027.13
1031.09
1034.49
1037.34
1039.63
1041.35
1042.50
1043.07
763.30
776.31
789.21
801.96
814.54
826.94
839.14
851.11
862.83
874.29
885.47
896.35
906.90
917.12
926.98
936.47
945.58
954.27
962.54
970.38
977.77
984.69
991.13
997.08
1002.53
1007.47
1011.88
1015.76
1019.10
1021.90
1024.14
1025.82
1026.95
1027.51
752.45
765.24
777.91
790.44
802.81
814.99
826.97
838.74
850.26
861.52
872.50
883.19
893.56
903.60
913.28
922.61
931.54
940.08
948.21
955.90
963.15
969.94
976.27
982.11
987.45
992.30
996.63
1000.43
1003.71
1006.45
1008.65
1010.30
1011.41
1011.96
741.59
754.16
766.60
778.91
791.05
803.02
814.80
826.35
837.67
848.73
859.52
870.02
880.21
890.06
899.58
908.73
917.51
925.90
933.87
941.42
948.54
955.21
961.42
967.15
972.39
977.15
981.39
985.13
988.34
991.03
993.19
994.81
995.89
996.43
730.74
743.08
755.30
767.38
779.31
791.06
802.63
813.97
825.09
835.96
846.55
856.86
866.87
876.55
885.90
894.88
903.50
911.73
919.56
926.98
933.97
940.51
946.60
952.23
957.37
962.04
966.20
969.87
973.02
975.66
977.78
979.37
980.43
980.96
719.92
732.02
744.02
755.88
767.59
779.13
790.49
801.63
812.55
823.22
833.62
843.74
853.57
863.08
872.25
881.08
889.54
897.62
905.31
912.59
919.44
925.87
931.85
937.37
942.42
946.99
951.08
954.68
957.77
960.36
962.44
964.00
965.04
965.56
709.15
721.02
732.79
744.43
755.93
767.26
778.40
789.34
800.06
810.53
820.75
830.69
840.33
849.67
858.68
867.34
875.65
883.58
891.13
898.27
905.00
911.31
917.17
922.59
927.55
932.04
936.05
939.58
942.62
945.16
947.19
948.72
949.74
950.25
698.44
710.09
721.64
733.06
744.34
755.46
766.39
777.13
787.65
797.93
807.96
817.72
827.19
836.35
845.19
853.70
861.85
869.64
877.05
884.06
890.67
896.86
902.61
907.93
912.80
917.20
921.14
924.60
927.58
930.07
932.07
933.57
934.57
935.07
687.84
699.26
710.58
721.78
732.85
743.76
754.49
765.02
775.35
785.44
795.28
804.86
814.15
823.15
831.83
840.18
848.18
855.82
863.09
869.98
876.46
882.54
888.19
893.41
898.18
902.50
906.37
909.77
912.69
915.13
917.09
918.57
919.55
920.04
677.34
688.54
699.64
710.63
721.48
732.18
742.71
753.05
763.18
773.08
782.74
792.14
801.26
810.09
818.61
826.80
834.66
842.16
849.30
856.05
862.42
868.38
873.93
879.05
883.73
887.98
891.77
895.10
897.97
900.37
902.30
903.74
904.71
905.19
666.99
677.97
688.85
699.62
710.26
720.76
731.08
741.22
751.16
760.88
770.36
779.58
788.53
797.20
805.56
813.60
821.31
828.68
835.68
842.31
848.56
854.41
859.86
864.88
869.48
873.65
877.37
880.64
883.46
885.81
887.70
889.12
890.07
890.54
656.81
667.56
678.23
688.79
699.22
709.51
719.64
729.58
739.33
748.87
758.17
767.22
776.00
784.50
792.71
800.61
808.17
815.40
822.28
828.79
834.92
840.67
846.01
850.94
855.46
859.55
863.20
866.41
869.18
871.49
873.34
874.74
875.67
876.13
646.81
657.34
667.80
678.15
688.38
698.47
708.40
718.15
727.72
737.07
746.19
755.07
763.70
772.04
780.10
787.84
795.27
802.37
809.12
815.51
821.53
827.17
832.41
837.26
841.69
845.71
849.29
852.45
855.16
857.43
859.25
860.62
861.53
861.98
637.02
647.35
657.59
667.73
677.76
687.65
697.39
706.96
716.34
725.52
734.47
743.18
751.65
759.84
767.74
775.35
782.64
789.61
796.23
802.51
808.42
813.95
819.10
823.86
828.21
832.15
835.68
838.77
841.44
843.67
845.45
846.80
847.69
848.14
627.48
637.59
647.63
657.57
667.40
677.10
686.65
696.03
705.24
714.24
723.02
731.58
739.88
747.92
755.68
763.15
770.31
777.15
783.65
789.81
795.62
801.05
806.11
810.78
815.06
818.93
822.39
825.43
828.04
830.23
831.99
833.31
834.19
834.63
618.20
628.10
637.94
647.68
657.32
666.83
676.20
685.40
694.43
703.26
711.89
720.28
728.43
736.32
743.94
751.27
758.30
765.02
771.41
777.46
783.16
788.50
793.47
798.06
802.25
806.06
809.45
812.44
815.01
817.16
818.89
820.18
821.05
821.48
609.20
618.91
628.55
638.10
647.55
656.88
666.06
675.10
683.95
692.62
701.09
709.33
717.33
725.08
732.56
739.76
746.66
753.26
759.54
765.48
771.08
776.33
781.21
785.72
789.84
793.58
796.92
799.85
802.38
804.49
806.18
807.46
808.31
808.73
600.53
610.04
619.49
628.85
638.12
647.27
656.28
665.14
673.84
682.35
690.66
698.75
706.61
714.22
721.57
728.64
735.42
741.90
748.07
753.91
759.42
764.57
769.37
773.80
777.85
781.53
784.81
787.69
790.18
792.25
793.92
795.17
796.00
796.42
592.19
601.52
610.78
619.97
629.06
638.03
646.88
655.58
664.11
672.47
680.63
688.57
696.29
703.77
710.99
717.94
724.61
730.98
737.04
742.79
748.20
753.26
757.98
762.34
766.33
769.94
773.16
776.00
778.44
780.48
782.12
783.35
784.17
784.58
584.23
593.37
602.46
611.47
620.39
629.20
637.88
646.43
654.81
663.02
671.03
678.84
686.43
693.78
700.88
707.71
714.27
720.53
726.49
732.14
737.46
742.44
747.08
751.37
755.29
758.84
762.02
764.81
767.21
769.22
770.83
772.04
772.85
773.26
576.65
585.62
594.54
603.38
612.14
620.79
629.32
637.72
645.95
654.02
661.90
669.58
677.04
684.27
691.25
697.97
704.42
710.58
716.45
722.00
727.24
732.14
736.71
740.93
744.79
748.29
751.41
754.16
756.52
758.50
760.09
761.28
762.08
762.47
569.50
578.30
587.06
595.74
604.35
612.85
621.23
629.48
637.58
645.51
653.26
660.82
668.16
675.27
682.14
688.75
695.10
701.17
706.94
712.41
717.57
722.40
726.90
731.05
734.85
738.30
741.38
744.08
746.41
748.36
749.92
751.10
751.88
752.27
562.78
571.43
580.03
588.57
597.03
605.39
613.64
621.75
629.72
637.53
645.15
652.59
659.81
666.82
673.58
680.10
686.35
692.33
698.02
703.41
708.49
713.25
717.68
721.77
725.52
728.91
731.95
734.62
736.91
738.83
740.37
741.53
742.30
742.69
556.53
565.04
573.50
581.89
590.22
598.44
606.56
614.55
622.40
630.08
637.60
644.92
652.04
658.94
665.61
672.03
678.20
684.09
689.70
695.01
700.02
704.72
709.09
713.12
716.82
720.17
723.16
725.79
728.06
729.95
731.47
732.62
733.38
733.76
550.77
559.14
567.47
575.74
583.93
592.04
600.03
607.91
615.64
623.22
630.62
637.85
644.87
651.67
658.25
664.59
670.67
676.48
682.02
687.26
692.21
696.84
701.16
705.14
708.79
712.10
715.05
717.65
719.89
721.76
723.26
724.39
725.14
725.52
