555.50
563.85
572.15
580.39
588.56
596.62
604.58
612.41
620.09
627.62
634.98
642.15
649.12
655.87
662.39
668.67
674.70
680.46
685.94
691.14
696.03
700.62
704.89
708.83
712.44
715.71
718.64
721.21
723.42
725.27
726.75
727.87
728.61
728.98
561.16
569.64
578.07
586.43
594.72
602.90
610.97
618.91
626.71
634.34
641.80
649.06
656.12
662.97
669.58
675.94
682.04
687.88
693.43
698.69
703.65
708.30
712.62
716.61
720.27
723.58
726.54
729.14
731.38
733.25
734.76
735.88
736.64
737.01
567.30
575.92
584.49
592.98
601.40
609.71
617.90
625.96
633.87
641.62
649.19
656.56
663.72
670.66
677.36
683.82
690.01
695.92
701.55
706.88
711.91
716.62
721.00
725.05
728.75
732.10
735.10
737.74
740.01
741.91
743.43
744.57
745.33
745.72
573.90
582.67
591.38
600.02
608.57
617.02
625.34
633.53
641.57
649.44
657.12
664.60
671.88
678.92
685.72
692.27
698.55
704.55
710.26
715.67
720.77
725.55
729.99
734.10
737.85
741.25
744.29
746.97
749.27
751.19
752.74
753.90
754.67
755.06
580.93
589.86
598.72
607.51
616.21
624.80
633.27
641.60
649.77
657.76
665.57
673.17
680.56
687.71
694.62
701.27
707.65
713.74
719.54
725.03
730.21
735.05
739.57
743.73
747.54
751.00
754.08
756.79
759.13
761.08
762.65
763.82
764.61
765.00
588.37
597.47
606.49
615.44
624.30
633.04
641.66
650.13
658.43
666.57
674.50
682.23
689.74
697.01
704.03
710.79
717.27
723.46
729.35
734.93
740.18
745.11
749.69
753.92
757.79
761.29
764.43
767.18
769.55
771.53
773.12
774.32
775.12
775.51
596.20
605.47
614.67
623.79
632.80
641.70
650.47
659.09
667.55
675.82
683.89
691.76
699.39
706.79
713.92
720.79
727.38
733.67
739.66
745.33
750.67
755.67
760.32
764.62
768.56
772.12
775.30
778.10
780.51
782.52
784.13
785.35
786.16
786.56
604.40
613.84
623.22
632.51
641.69
650.76
659.69
668.47
677.07
685.49
693.71
701.71
709.48
717.00
724.26
731.25
737.95
744.34
750.43
756.19
761.62
766.71
771.44
775.81
779.81
783.43
786.66
789.51
791.95
794.00
795.64
796.88
797.70
798.11
612.92
622.56
632.12
641.58
650.95
660.19
669.28
678.22
686.98
695.56
703.92
712.06
719.97
727.62
735.01
742.12
748.93
755.44
761.63
767.50
773.02
778.19
783.00
787.45
791.51
795.19
798.48
801.37
803.86
805.94
807.61
808.87
809.70
810.12
621.76
631.59
641.34
650.99
660.53
669.95
679.22
688.32
697.25
705.98
714.50
722.79
730.83
738.63
746.14
753.38
760.31
766.94
773.24
779.20
784.82
790.08
794.98
799.50
803.63
807.38
810.72
813.66
816.20
818.31
820.01
821.28
822.14
822.56
630.89
640.91
650.85
660.70
670.43
680.02
689.47
698.74
707.84
716.73
725.40
733.85
742.04
749.97
757.63
764.99
772.05
778.79
785.20
791.28
796.99
802.35
807.33
811.93
816.14
819.95
823.35
826.34
828.92
831.07
832.80
834.10
834.96
835.40
640.28
650.50
660.64
670.68
680.60
690.38
700.00
709.46
718.72
727.78
736.62
745.22
753.56
761.64
769.43
776.93
784.12
790.98
797.51
803.68
809.50
814.95
820.02
824.71
828.99
832.87
836.33
839.38
842.00
844.19
845.95
847.27
848.15
848.59
649.90
660.33
670.67
680.91
691.02
700.99
710.80
720.43
729.87
739.10
748.10
756.86
765.36
773.59
781.52
789.16
796.47
803.46
810.11
816.40
822.32
827.87
833.03
837.80
842.16
846.11
849.63
852.73
855.40
857.63
859.42
860.77
861.66
862.11
659.73
670.37
680.92
691.35
701.66
711.83
721.83
731.64
741.26
750.66
759.83
768.75
777.41
785.79
793.87
801.65
809.10
816.21
822.98
829.38
835.42
841.07
846.32
851.17
855.61
859.63
863.22
866.38
869.10
871.37
873.19
874.56
875.47
875.93
669.75
680.60
691.36
702.00
712.51
722.87
733.06
743.06
752.86
762.44
771.78
780.87
789.69
798.22
806.45
814.37
821.95
829.20
836.09
842.61
848.76
854.51
859.86
864.80
869.32
873.41
877.07
880.28
883.05
885.36
887.22
888.61
889.54
890.01
679.93
691.00
701.96
712.81
723.52
734.08
744.47
754.66
764.64
774.40
783.92
793.17
802.15
810.84
819.23
827.29
835.02
842.40
849.41
856.05
862.31
868.17
873.62
878.65
883.25
887.42
891.14
894.42
897.23
899.59
901.48
902.90
903.85
904.32
690.25
701.53
712.71
723.77
734.69
745.45
756.03
766.41
776.58
786.52
796.21
805.64
814.79
823.64
832.17
840.38
848.25
855.77
862.91
869.68
876.05
882.01
887.56
892.69
897.38
901.62
905.41
908.75
911.62
914.02
915.94
917.39
918.35
918.83
700.69
712.19
723.58
734.85
745.97
756.93
767.71
778.29
788.65
798.77
808.64
818.24
827.56
836.57
845.27
853.63
861.64
869.29
876.57
883.46
889.95
896.02
901.67
906.89
911.67
915.99
919.85
923.25
926.17
928.62
930.58
932.05
933.03
933.52
711.21
722.94
734.55
746.03
757.36
768.52
779.50
790.27
800.82
811.13
821.18
830.96
840.44
849.62
858.47
866.99
875.15
882.94
890.35
897.37
903.97
910.16
915.92
921.23
926.10
930.50
934.44
937.90
940.87
943.36
945.36
946.86
947.86
948.36
721.81
733.76
745.58
757.28
768.82
780.19
791.36
802.33
813.08
823.57
833.81
843.76
853.42
862.76
871.78
880.44
888.75
896.69
904.23
911.38
918.11
924.41
930.27
935.68
940.64
945.12
949.13
952.66
955.69
958.23
960.26
961.79
962.81
963.32
732.46
744.62
756.67
768.58
780.33
791.90
803.28
814.45
825.39
836.07
846.49
856.62
866.45
875.97
885.14
893.97
902.43
910.51
918.19
925.47
932.32
938.74
944.71
950.22
955.27
959.84
963.92
967.51
970.60
973.19
975.26
976.82
977.85
978.37
743.14
755.52
767.79
779.91
791.87
803.65
815.23
826.60
837.73
848.61
859.21
869.52
879.53
889.21
898.55
907.54
916.15
924.38
932.20
939.61
946.58
953.12
959.20
964.82
969.96
974.61
978.77
982.43
985.58
988.21
990.33
991.91
992.97
993.50
753.82
766.43
778.91
791.24
803.42
815.41
827.19
838.76
850.09
861.15
871.94
882.44
892.62
902.48
911.98
921.13
929.90
938.27
946.23
953.78
960.88
967.54
973.73
979.45
984.69
989.43
993.67
997.40
1000.60
1003.29
1005.44
1007.06
1008.14
1008.68
764.50
777.32
790.02
802.57
814.95
827.15
839.14
850.91
862.43
873.69
884.67
895.34
905.71
915.73
925.41
934.72
943.64
952.17
960.27
967.95
975.19
981.97
988.27
994.10
999.44
1004.27
1008.59
1012.38
1015.65
1018.39
1020.58
1022.23
1023.33
1023.88
775.14
788.18
801.10
813.86
826.46
838.86
851.06
863.02
874.74
886.19
897.36
908.22
918.76
928.97
938.81
948.28
957.37
966.04
974.30
982.11
989.48
996.38
1002.81
1008.74
1014.18
1019.10
1023.50
1027.37
1030.70
1033.49
1035.72
1037.40
1038.52
1039.08
785.73
798.99
812.12
825.10
837.90
850.52
862.92
875.08
887.00
898.65
910.00
921.05
931.77
942.15
952.17
961.81
971.05
979.88
988.28
996.24
1003.74
1010.77
1017.31
1023.36
1028.89
1033.91
1038.39
1042.33
1045.73
1048.57
1050.85
1052.56
1053.70
1054.27
796.25
809.73
823.07
836.26
849.28
862.10
874.70
887.07
899.19
911.03
922.57
933.81
944.71
955.27
965.46
975.26
984.67
993.65
1002.20
1010.31
1017.94
1025.10
1031.77
1037.92
1043.56
1048.67
1053.24
1057.26
1060.72
1063.61
1065.94
1067.68
1068.85
1069.43
806.68
820.38
833.94
847.34
860.56
873.59
886.40
898.97
911.28
923.31
935.05
946.47
957.56
968.29
978.66
988.63
998.20
1007.34
1016.05
1024.30
1032.07
1039.36
1046.15
1052.42
1058.17
1063.37
1068.03
1072.12
1075.65
1078.60
1080.97
1082.75
1083.94
1084.53
817.01
830.92
844.69
858.31
871.74
884.97
897.98
910.75
923.26
935.49
947.42
959.03
970.30
981.22
991.75
1001.90
1011.63
1020.94
1029.79
1038.19
1046.11
1053.53
1060.44
1066.83
1072.68
1077.99
1082.73
1086.91
1090.50
1093.51
1095.93
1097.74
1098.95
1099.56
827.22
841.34
855.32
869.15
882.79
896.22
909.44
922.41
935.11
947.54
959.66
971.46
982.91
994.01
1004.72
1015.04
1024.94
1034.41
1043.42
1051.97
1060.03
1067.58
1074.62
1081.13
1087.10
1092.50
1097.34
1101.60
1105.26
1108.33
1110.79
1112.64
1113.88
1114.49
837.29
851.62
865.81
879.84
893.69
907.33
920.74
933.91
946.82
959.44
971.75
983.74
995.38
1006.66
1017.55
1028.04
1038.11
1047.74
1056.91
1065.61
1073.81
1081.51
1088.68
1095.31
1101.39
1106.90
1111.83
1116.17
1119.91
1123.04
1125.55
1127.43
1128.69
1129.32
847.20
861.74
876.14
890.38
904.43
918.27
931.89
945.25
958.36
971.17
983.67
995.85
1007.68
1019.14
1030.21
1040.88
1051.12
1060.92
1070.25
1079.10
1087.45
1095.29
1102.59
1109.35
1115.54
1121.16
1126.18
1130.61
1134.42
1137.61
1140.17
1142.10
1143.39
1144.03
856.95
871.69
886.30
900.74
914.99
929.03
942.85
956.41
969.71
982.72
995.42
1007.78
1019.80
1031.44
1042.70
1053.54
1063.95
1073.92
1083.41
1092.42
1100.92
1108.90
1116.34
1123.23
1129.54
1135.26
1140.39
1144.90
1148.79
1152.04
1154.66
1156.62
1157.93
1158.59
866.51
881.46
896.26
910.90
925.35
939.60
953.61
967.37
980.87
994.07
1006.96
1019.51
1031.72
1043.55
1054.98
1066.00
1076.59
1086.72
1096.38
1105.55
1114.21
1122.33
1129.91
1136.92
1143.36
1149.19
1154.42
1159.02
1162.99
1166.31
1168.98
1170.98
1172.32
1172.99
875.87
891.02
906.02
920.86
935.51
949.95
964.16
978.12
991.80
1005.20
1018.28
1031.02
1043.42
1055.43
1067.05
1078.25
1089.01
1099.32
1109.15
1118.48
1127.29
1135.56
1143.28
1150.43
1156.98
1162.94
1168.26
1172.96
1177.01
1180.40
1183.12
1185.17
1186.54
1187.22
885.01
900.36
915.56
930.59
945.44
960.07
974.48
988.63
1002.51
1016.09
1029.37
1042.30
1054.88
1067.08
1078.88
1090.27
1101.21
1111.69
1121.68
1131.18
1140.15
1148.57
1156.44
1163.72
1170.40
1176.47
1181.91
1186.70
1190.83
1194.29
1197.07
1199.16
1200.56
1201.25
893.93
909.47
924.86
940.09
955.12
969.95
984.55
998.89
1012.96
1026.74
1040.20
1053.33
1066.09
1078.48
1090.47
1102.03
1113.15
1123.81
1133.97
1143.63
1152.76
1161.34
1169.36
1176.78
1183.59
1189.78
1195.33
1200.21
1204.43
1207.96
1210.80
1212.94
1214.37
1215.08
902.60
918.33
933.91
949.33
964.55
979.57
994.36
1008.89
1023.15
1037.12
1050.77
1064.08
1077.04
1089.61
1101.78
1113.53
1124.83
1135.66
1146.00
1155.83
1165.12
1173.86
1182.02
1189.59
1196.53
1202.85
1208.51
1213.50
1217.80
1221.41
1224.31
1226.49
1227.95
1228.67
911.02
926.93
942.70
958.30
973.71
988.91
1003.89
1018.61
1033.06
1047.21
1061.05
1074.55
1087.69
1100.45
1112.81
1124.74
1136.22
1147.23
1157.75
1167.75
1177.21
1186.10
1194.42
1202.13
1209.21
1215.65
1221.43
1226.52
1230.92
1234.60
1237.56
1239.79
1241.28
1242.03
919.16
935.26
951.21
966.99
982.58
997.97
1013.13
1028.03
1042.67
1057.01
1071.03
1084.72
1098.05
1110.99
1123.53
1135.65
1147.31
1158.50
1169.19
1179.37
1188.99
1198.05
1206.53
1214.38
1221.61
1228.18
1234.07
1239.27
1243.76
1247.52
1250.55
1252.83
1254.35
1255.11
927.03
943.30
959.42
975.38
991.16
1006.72
1022.06
1037.15
1051.96
1066.48
1080.69
1094.57
1108.08
1121.21
1133.94
1146.23
1158.08
1169.45
1180.32
1190.67
1200.47
1209.69
1218.32
1226.33
1233.70
1240.40
1246.41
1251.72
1256.31
1260.16
1263.25
1265.58
1267.14
1267.91
934.60
951.04
967.33
983.47
999.41
1015.15
1030.67
1045.93
1060.93
1075.63
1090.02
1104.08
1117.77
1131.09
1144.00
1156.48
1168.51
1180.06
1191.11
1201.63
1211.60
1220.99
1229.79
1237.95
1245.46
1252.30
1258.44
1263.86
1268.55
1272.48
1275.64
1278.02
1279.61
1280.41
941.86
958.47
974.93
991.23
1007.34
1023.26
1038.94
1054.38
1069.55
1084.43
1099.00
1113.24
1127.11
1140.61
1153.70
1166.37
1178.58
1190.31
1201.54
1212.24
1222.38
1231.94
1240.90
1249.22
1256.88
1263.85
1270.12
1275.66
1280.44
1284.46
1287.70
1290.13
1291.76
1292.57
948.81
965.57
982.19
998.66
1014.94
1031.01
1046.87
1062.47
1077.82
1092.87
1107.61
1122.02
1136.08
1149.76
1163.03
1175.87
1188.27
1200.18
1211.59
1222.47
1232.78
1242.52
1251.63
1260.11
1267.92
1275.04
1281.44
1287.09
1291.98
1296.09
1299.40
1301.89
1303.55
1304.38
955.42
972.34
989.12
1005.73
1022.17
1038.41
1054.42
1070.20
1085.71
1100.93
1115.84
1130.43
1144.66
1158.51
1171.96
1184.99
1197.56
1209.65
1221.24
1232.29
1242.78
1252.69
1261.97
1270.61
1278.57
1285.83
1292.36
1298.13
1303.13
1307.33
1310.71
1313.26
1314.96
1315.81
961.69
978.76
995.68
1012.45
1029.04
1045.43
1061.61
1077.54
1093.21
1108.59
1123.67
1138.43
1152.83
1166.85
1180.48
1193.68
1206.43
1218.70
1230.46
1241.69
1252.36
1262.43
1271.88
1280.68
1288.80
1296.20
1302.86
1308.76
1313.87
1318.16
1321.61
1324.22
1325.96
1326.83
967.62
984.82
1001.89
1018.80
1035.53
1052.07
1068.40
1084.48
1100.31
1115.85
1131.09
1146.01
1160.58
1174.77
1188.57
1201.94
1214.86
1227.31
1239.25
1250.65
1261.49
1271.73
1281.35
1290.31
1298.58
1306.12
1312.92
1318.94
1324.15
1328.54
1332.07
1334.74
1336.52
1337.41
973.18
990.51
1007.72
1024.76
1041.64
1058.32
1074.78
1091.01
1106.99
1122.68
1138.08
1153.15
1167.88
1182.24
1196.20
1209.74
1222.83
1235.45
1247.56
1259.14
1270.15
1280.56
1290.34
1299.46
1307.88
1315.57
1322.50
1328.64
1333.97
1338.44
1342.05
1344.78
1346.60
1347.51
978.37
995.83
1013.16
1030.33
1047.34
1064.15
1080.75
1097.12
1113.24
1129.08
1144.62
1159.85
1174.73
1189.24
1203.36
1217.07
1230.32
1243.11
1255.38
1267.13
1278.30
1288.88
1298.82
1308.10
1316.67
1324.51
1331.57
1337.84
1343.27
1347.84
1351.53
1354.31
1356.17
1357.10
983.18
1000.76
1018.20
1035.50
1052.63
1069.56
1086.29
1102.79
1119.04
1135.02
1150.71
1166.07
1181.10
1195.77
1210.04
1223.90
1237.31
1250.26
1262.69
1274.60
1285.94
1296.67
1306.77
1316.20
1324.92
1332.90
1340.10
1346.48
1352.02
1356.69
1360.45
1363.30
1365.20
1366.15
987.60
1005.29
1022.84
1040.25
1057.49
1074.55
1091.40
1108.02
1124.39
1140.50
1156.31
1171.82
1186.98
1201.79
1216.21
1230.21
1243.78
1256.87
1269.47
1281.53
1293.02
1303.91
1314.17
1323.74
1332.61
1340.72
1348.05
1354.55
1360.20
1364.95
1368.79
1371.69
1373.63
1374.61
991.63
1009.41
1027.07
1044.58
1061.92
1079.09
1096.05
1112.78
1129.27
1145.50
1161.44
1177.06
1192.36
1207.30
1221.85
1236.00
1249.70
1262.94
1275.68
1287.89
1299.53
1310.57
1320.97
1330.69
1339.69
1347.93
1355.38
1362.00
1367.75
1372.59
1376.51
1379.46
1381.44
1382.43
995.25
1013.12
1030.87
1048.48
1065.92
1083.18
1100.24
1117.08
1133.67
1150.01
1166.06
1181.80
1197.21
1212.27
1226.95
1241.22
1255.06
1268.44
1281.31
1293.66
1305.43
1316.61
1327.15
1337.00
1346.13
1354.50
1362.07
1368.80
1374.64
1379.57
1383.55
1386.56
1388.58
1389.59
998.47
1016.42
1034.25
1051.93
1069.46
1086.81
1103.96
1120.89
1137.58
1154.01
1170.16
1186.01
1201.53
1216.70
1231.50
1245.89
1259.84
1273.34
1286.34
1298.81
1310.71
1322.02
1332.68
1342.66
1351.91
1360.40
1368.08
1374.90
1380.84
1385.84
1389.89
1392.95
1395.00
1396.03
1001.26
1019.28
1037.18
1054.94
1072.55
1089.97
1107.20
1124.21
1140.99
1157.51
1173.75
1189.69
1205.30
1220.57
1235.47
1249.96
1264.02
1277.63
1290.74
1303.32
1315.34
1326.76
1337.54
1347.63
1356.99
1365.58
1373.36
1380.28
1386.30
1391.38
1395.48
1398.59
1400.67
1401.71
1003.64
1021.72
1039.68
1057.50
1075.17
1092.66
1109.96
1127.04
1143.89
1160.48
1176.80
1192.82
1208.52
1223.87
1238.85
1253.43
1267.59
1281.29
1294.50
1307.18
1319.30
1330.82
1341.70
1351.89
1361.35
1370.03
1377.89
1384.89
1390.98
1396.13
1400.29
1403.44
1405.55
1406.60
1005.59
1023.72
1041.73
1059.60
1077.32
1094.87
1112.22
1129.36
1146.27
1162.92
1179.31
1195.39
1211.16
1226.58
1241.64
1256.30
1270.53
1284.31
1297.60
1310.36
1322.57
1334.17
1345.13
1355.41
1364.95
1373.71
1381.65
1388.72
1394.87
1400.07
1404.27
1407.46
1409.59
1410.66
1007.11
1025.28
1043.33
1061.24
1079.00
1096.59
1113.99
1131.17
1148.13
1164.83
1181.26
1197.40
1213.22
1228.70
1243.81
1258.53
1272.83
1286.67
1300.02
1312.86
1325.13
1336.80
1347.82
1358.17
1367.77
1376.60
1384.60
1391.72
1397.92
1403.17
1407.41
1410.62
1412.77
1413.85
1008.20
1026.39
1044.47
1062.41
1080.20
1097.82
1115.25
1132.47
1149.46
1166.20
1182.67
1198.84
1214.70
1230.22
1245.37
1260.14
1274.48
1288.36
1301.76
1314.64
1326.96
1338.68
1349.76
1360.15
1369.80
1378.68
1386.72
1393.88
1400.12
1405.40
1409.67
1412.90
1415.06
1416.15
1008.85
1027.06
1045.16
1063.12
1080.93
1098.56
1116.01
1133.25
1150.26
1167.02
1183.51
1199.71
1215.59
1231.13
1246.31
1261.10
1275.47
1289.38
1302.81
1315.72
1328.07
1339.82
1350.93
1361.34
1371.03
1379.93
1388.00
1395.19
1401.45
1406.74
1411.03
1414.27
1416.45
1417.54
1009.07
1027.28
1045.39
1063.35
1081.17
1098.81
1116.26
1133.51
1150.53
1167.29
1183.79
1199.99
1215.89
1231.44
1246.63
1261.42
1275.80
1289.72
1303.16
1316.08
1328.44
1340.20
1351.31
1361.74
1371.44
1380.35
1388.42
1395.62
1401.89
1407.19
1411.48
1414.73
1416.91
1418.00
1008.85
1027.06
1045.16
1063.12
1080.93
1098.56
1116.01
1133.25
1150.26
1167.02
1183.51
1199.70
1215.59
1231.13
1246.31
1261.10
1275.46
1289.38
1302.81
1315.72
1328.07
1339.82
1350.92
1361.34
1371.02
1379.92
1387.99
1395.18
1401.45
1406.74
1411.02
1414.27
1416.44
1417.53
1008.19
1026.39
1044.47
1062.41
1080.20
1097.82
1115.25
1132.47
1149.46
1166.19
1182.66
1198.84
1214.70
1230.22
1245.37
1260.13
1274.47
1288.36
1301.76
1314.64
1326.96
1338.68
1349.75
1360.14
1369.80
1378.67
1386.71
1393.88
1400.12
1405.39
1409.66
1412.89
1415.06
1416.14
1007.10
1025.27
1043.32
1061.24
1079.00
1096.59
1113.98
1131.17
1148.12
1164.83
1181.26
1197.39
1213.21
1228.69
1243.81
1258.52
1272.82
1286.66
1300.02
1312.85
1325.12
1336.79
1347.82
1358.16
1367.76
1376.59
1384.59
1391.71
1397.91
1403.16
1407.40
1410.61
1412.76
1413.84
1005.58
1023.71
1041.72
1059.60
1077.32
1094.86
1112.21
1129.35
1146.26
1162.92
1179.30
1195.38
1211.15
1226.57
1241.63
1256.29
1270.52
1284.30
1297.59
1310.35
1322.56
1334.16
1345.12
1355.39
1364.93
1373.70
1381.64
1388.70
1394.86
1400.06
1404.26
1407.44
1409.58
1410.65
1003.63
1021.71
1039.67
1057.49
1075.16
1092.65
1109.95
1127.03
1143.88
1160.47
1176.79
1192.81
1208.50
1223.86
1238.84
1253.42
1267.58
1281.28
1294.49
1307.17
1319.29
1330.81
1341.68
1351.87
1361.33
1370.02
1377.88
1384.88
1390.97
1396.11
1400.27
1403.42
1405.53
1406.59
1001.25
1019.27
1037.17
1054.93
1072.54
1089.96
1107.19
1124.20
1140.98
1157.50
1173.74
1189.67
1205.29
1220.56
1235.45
1249.95
1264.01
1277.61
1290.72
1303.31
1315.33
1326.75
1337.52
1347.61
1356.97
1365.57
1373.34
1380.26
1386.28
1391.36
1395.46
1398.57
1400.65
1401.69
998.46
1016.41
1034.23
1051.92
1069.45
1086.80
1103.95
1120.88
1137.57
1154.00
1170.15
1186.00
1201.52
1216.69
1231.48
1245.87
1259.83
1273.32
1286.32
1298.79
1310.70
1322.00
1332.66
1342.64
1351.89
1360.38
1368.05
1374.88
1380.81
1385.82
1389.87
1392.93
1394.98
1396.01
995.24
1013.11
1030.86
1048.46
1065.90
1083.16
1100.22
1117.06
1133.66
1149.99
1166.04
1181.78
1197.20
1212.26
1226.93
1241.21
1255.04
1268.42
1281.29
1293.63
1305.41
1316.59
1327.12
1336.98
1346.11
1354.48
1362.05
1368.77
1374.62
1379.55
1383.53
1386.54
1388.55
1389.56
991.62
1009.40
1027.05
1044.56
1061.91
1079.07
1096.03
1112.77
1129.26
1145.48
1161.42
1177.05
1192.34
1207.28
1221.83
1235.97
1249.68
1262.92
1275.66
1287.86
1299.51
1310.54
1320.94
1330.66
1339.66
1347.91
1355.36
1361.97
1367.72
1372.57
1376.48
1379.43
1381.41
1382.40
987.59
1005.27
1022.83
1040.23
1057.47
1074.53
1091.38
1108.00
1124.37
1140.48
1156.29
1171.80
1186.96
1201.77
1216.19
1230.19
1243.76
1256.85
1269.44
1281.50
1293.00
1303.89
1314.14
1323.72
1332.58
1340.69
1348.02
1354.52
1360.17
1364.92
1368.76
1371.66
1373.60
1374.57
983.16
1000.74
1018.18
1035.48
1052.61
1069.55
1086.27
1102.77
1119.02
1135.00
1150.68
1166.05
1181.08
1195.74
1210.02
1223.87
1237.29
1250.23
1262.67
1274.57
1285.91
1296.65
1306.75
1316.17
1324.89
1332.87
1340.07
1346.45
1351.99
1356.66
1360.42
1363.26
1365.16
1366.12
978.35
995.81
1013.14
1030.31
1047.32
1064.13
1080.73
1097.10
1113.22
1129.06
1144.60
1159.82
1174.70
1189.22
1203.34
1217.04
1230.30
1243.08
1255.36
1267.10
1278.27
1288.85
1298.79
1308.07
1316.64
1324.47
1331.54
1337.80
1343.23
1347.81
1351.49
1354.28
1356.14
1357.07
973.16
990.49
1007.69
1024.74
1041.62
1058.29
1074.76
1090.99
1106.96
1122.66
1138.05
1153.13
1167.85
1182.21
1196.17
1209.71
1222.80
1235.42
1247.53
1259.11
1270.11
1280.52
1290.30
1299.42
1307.84
1315.53
1322.47
1328.61
1333.93
1338.41
1342.02
1344.74
1346.56
1347.47
967.60
984.80
1001.87
1018.78
1035.51
1052.05
1068.37
1084.46
1100.28
1115.82
1131.07
1145.98
1160.55
1174.74
1188.54
1201.91
1214.83
1227.28
1239.21
1250.62
1261.46
1271.70
1281.31
1290.27
1298.54
1306.09
1312.88
1318.90
1324.12
1328.50
1332.03
1334.70
1336.48
1337.37
961.67
978.74
995.66
1012.43
1029.02
1045.41
1061.58
1077.51
1093.18
1108.57
1123.65
1138.40
1152.80
1166.82
1180.45
1193.65
1206.40
1218.67
1230.43
1241.66
1252.33
1262.40
1271.85
1280.64
1288.76
1296.16
1302.82
1308.72
1313.82
1318.11
1321.57
1324.18
1325.92
1326.79
955.40
972.31
989.09
1005.71
1022.15
1038.38
1054.40
1070.17
1085.68
1100.90
1115.81
1130.40
1144.63
1158.48
1171.93
1184.95
1197.52
1209.62
1221.20
1232.25
1242.75
1252.65
1261.93
1270.57
1278.53
1285.79
1292.32
1298.09
1303.09
1307.29
1310.67
1313.21
1314.92
1315.77
948.78
965.54
982.17
998.63
1014.91
1030.98
1046.84
1062.44
1077.79
1092.84
1107.58
1121.99
1136.05
1149.72
1162.99
1175.84
1188.23
1200.14
1211.55
1222.43
1232.74
1242.48
1251.59
1260.07
1267.88
1274.99
1281.39
1287.05
1291.94
1296.04
1299.35
1301.84
1303.51
1304.34
941.84
958.44
974.90
991.20
1007.32
1023.23
1038.91
1054.35
1069.52
1084.40
1098.97
1113.20
1127.08
1140.57
1153.67
1166.33
1178.54
1190.27
1201.50
1212.20
1222.34
1231.90
1240.85
1249.17
1256.83
1263.81
1270.07
1275.61
1280.40
1284.42
1287.65
1290.09
1291.71
1292.53
934.57
951.01
967.31
983.44
999.38
1015.12
1030.64
1045.90
1060.90
1075.60
1089.99
1104.04
1117.74
1131.05
1143.96
1156.44
1168.47
1180.02
1191.07
1201.59
1211.56
1220.95
1229.74
1237.90
1245.42
1252.25
1258.39
1263.81
1268.50
1272.43
1275.59
1277.97
1279.57
1280.36
927.00
943.27
959.39
975.35
991.12
1006.69
1022.03
1037.11
1051.93
1066.45
1080.66
1094.53
1108.04
1121.17
1133.90
1146.19
1158.04
1169.41
1180.28
1190.62
1200.42
1209.65
1218.28
1226.28
1233.65
1240.35
1246.37
1251.67
1256.26
1260.11
1263.20
1265.53
1267.09
1267.86
919.13
935.23
951.18
966.96
982.55
997.94
1013.09
1028.00
1042.63
1056.97
1070.99
1084.68
1098.01
1110.95
1123.49
1135.61
1147.27
1158.46
1169.15
1179.32
1188.95
1198.01
1206.48
1214.34
1221.56
1228.13
1234.02
1239.22
1243.71
1247.47
1250.50
1252.78
1254.30
1255.06
910.99
926.90
942.67
958.27
973.68
988.88
1003.85
1018.57
1033.02
1047.17
1061.01
1074.51
1087.65
1100.41
1112.77
1124.70
1136.18
1147.19
1157.70
1167.70
1177.16
1186.06
1194.37
1202.08
1209.16
1215.60
1221.38
1226.47
1230.86
1234.55
1237.51
1239.74
1241.23
1241.97
902.57
918.30
933.88
949.29
964.52
979.53
994.32
1008.85
1023.11
1037.08
1050.73
1064.04
1076.99
1089.57
1101.74
1113.48
1124.78
1135.61
1145.95
1155.78
1165.08
1173.81
1181.97
1189.54
1196.48
1202.80
1208.45
1213.44
1217.75
1221.36
1224.26
1226.44
1227.89
1228.62
893.89
909.43
924.83
940.05
955.09
969.91
984.51
998.85
1012.92
1026.70
1040.16
1053.28
1066.05
1078.44
1090.42
1101.99
1113.11
1123.76
1133.93
1143.58
1152.71
1161.29
1169.30
1176.73
1183.54
1189.73
1195.27
1200.16
1204.38
1207.91
1210.75
1212.88
1214.31
1215.02
884.98
900.32
915.52
930.56
945.40
960.03
974.44
988.59
1002.47
1016.05
1029.32
1042.26
1054.84
1067.04
1078.84
1090.22
1101.16
1111.64
1121.63
1131.13
1140.09
1148.52
1156.38
1163.67
1170.35
1176.42
1181.85
1186.64
1190.77
1194.23
1197.01
1199.10
1200.50
1201.20
875.83
890.98
905.99
920.82
935.47
949.91
964.12
978.08
991.76
1005.15
1018.23
1030.98
1043.37
1055.38
1067.00
1078.20
1088.97
1099.27
1109.10
1118.42
1127.24
1135.51
1143.23
1150.37
1156.93
1162.88
1168.21
1172.90
1176.95
1180.34
1183.06
1185.11
1186.48
1187.16
866.47
881.42
896.23
910.86
925.31
939.56
953.57
967.33
980.82
994.02
1006.91
1019.47
1031.67
1043.50
1054.93
1065.95
1076.54
1086.67
1096.33
1105.50
1114.15
1122.28
1129.86
1136.87
1143.30
1149.14
1154.36
1158.96
1162.93
1166.25
1168.92
1170.93
1172.26
1172.93
856.91
871.66
886.26
900.70
914.95
928.99
942.81
956.37
969.67
982.67
995.37
1007.74
1019.75
1031.39
1042.65
1053.49
1063.90
1073.87
1083.36
1092.37
1100.87
1108.85
1116.29
1123.17
1129.48
1135.20
1140.33
1144.84
1148.73
1151.98
1154.60
1156.56
1157.87
1158.53
847.16
861.71
876.10
890.34
904.39
918.23
931.84
945.21
958.31
971.12
983.63
995.80
1007.63
1019.09
1030.16
1040.83
1051.07
1060.86
1070.20
1079.05
1087.40
1095.23
1102.54
1109.29
1115.48
1121.10
1126.13
1130.55
1134.36
1137.55
1140.11
1142.04
1143.33
1143.97
837.25
851.58
865.77
879.80
893.65
907.29
920.70
933.87
946.77
959.39
971.70
983.69
995.33
1006.61
1017.50
1027.99
1038.06
1047.69
1056.86
1065.56
1073.76
1081.45
1088.62
1095.25
1101.33
1106.84
1111.77
1116.11
1119.85
1122.97
1125.49
1127.37
1128.63
1129.26
827.18
841.30
855.28
869.10
882.74
896.18
909.39
922.36
935.07
947.49
959.61
971.41
982.86
993.96
1004.67
1014.99
1024.89
1034.35
1043.37
1051.91
1059.97
1067.53
1074.57
1081.07
1087.04
1092.44
1097.28
1101.54
1105.20
1108.27
1110.73
1112.58
1113.82
1114.43
816.97
830.88
844.65
858.26
871.70
884.93
897.94
910.70
923.21
935.44
947.37
958.98
970.25
981.16
991.70
1001.85
1011.58
1020.88
1029.74
1038.13
1046.05
1053.47
1060.38
1066.77
1072.62
1077.93
1082.67
1086.85
1090.44
1093.45
1095.86
1097.68
1098.89
1099.49
806.64
820.34
833.90
847.30
860.52
873.54
886.35
898.92
911.23
923.26
935.00
946.42
957.51
968.24
978.60
988.58
998.14
1007.29
1015.99
1024.24
1032.01
1039.30
1046.09
1052.36
1058.10
1063.31
1067.97
1072.06
1075.59
1078.54
1080.91
1082.69
1083.87
1084.47
796.21
809.69
823.03
836.22
849.23
862.05
874.66
887.02
899.14
910.97
922.52
933.75
944.66
955.21
965.40
975.21
984.61
993.59
1002.15
1010.25
1017.88
1025.04
1031.70
1037.86
1043.50
1048.61
1053.18
1057.20
1060.66
1063.55
1065.87
1067.62
1068.78
1069.36
785.68
798.95
812.08
825.05
837.86
850.47
862.87
875.03
886.95
898.59
909.95
921.00
931.72
942.10
952.11
961.75
970.99
979.82
988.22
996.18
1003.68
1010.71
1017.25
1023.30
1028.83
1033.84
1038.33
1042.27
1045.67
1048.50
1050.78
1052.49
1053.64
1054.21
775.09
788.14
801.05
813.81
826.41
838.81
851.01
862.97
874.69
886.14
897.31
908.17
918.71
928.91
938.76
948.23
957.31
965.98
974.24
982.05
989.42
996.32
1002.75
1008.68
1014.11
1019.04
1023.43
1027.30
1030.64
1033.42
1035.66
1037.34
1038.46
1039.02
764.45
777.28
789.97
802.52
814.91
827.10
839.09
850.86
862.38
873.64
884.61
895.29
905.65
915.68
925.35
934.66
943.58
952.11
960.21
967.89
975.13
981.90
988.21
994.04
999.37
1004.20
1008.52
1012.32
1015.59
1018.32
1020.51
1022.16
1023.26
1023.81
753.78
766.38
778.86
791.20
803.37
815.36
827.14
838.71
850.03
861.10
871.89
882.38
892.56
902.42
911.92
921.07
929.84
938.21
946.17
953.71
960.82
967.47
973.67
979.39
984.62
989.37
993.60
997.33
1000.54
1003.22
1005.37
1006.99
1008.07
1008.61
743.10
755.48
767.74
779.86
791.82
803.60
815.18
826.55
837.68
848.55
859.15
869.47
879.47
889.15
898.49
907.48
916.09
924.31
932.14
939.54
946.52
953.06
959.14
964.75
969.89
974.55
978.71
982.36
985.51
988.15
990.26
991.84
992.90
993.43
732.42
744.58
756.62
768.53
780.28
791.85
803.23
814.40
825.33
836.02
846.43
856.57
866.40
875.91
885.08
893.91
902.37
910.45
918.13
925.40
932.25
938.67
944.64
950.15
955.20
959.77
963.85
967.44
970.53
973.12
975.19
976.75
977.79
978.30
721.77
733.71
745.54
757.23
768.77
780.14
791.31
802.28
813.02
823.52
833.75
843.70
853.36
862.70
871.72
880.38
888.69
896.63
904.17
911.31
918.04
924.34
930.20
935.62
940.57
945.06
949.07
952.59
955.62
958.16
960.19
961.72
962.74
963.25
711.17
722.89
734.50
745.98
757.31
768.47
779.45
790.22
800.77
811.08
821.13
830.90
840.39
849.56
858.41
866.93
875.09
882.88
890.29
897.30
903.91
910.09
915.85
921.17
926.03
930.43
934.37
937.83
940.80
943.29
945.29
946.79
947.79
948.29
700.64
712.14
723.53
734.80
745.92
756.88
767.66
778.24
788.59
798.72
808.59
818.19
827.50
836.51
845.20
853.56
861.58
869.23
876.50
883.39
889.88
895.95
901.61
906.82
911.60
915.92
919.78
923.18
926.10
928.55
930.51
931.98
932.96
933.45
690.20
701.49
712.66
723.72
734.64
745.39
755.97
766.35
776.52
786.46
796.15
805.58
814.73
823.58
832.11
840.32
848.19
855.70
862.85
869.61
875.98
881.95
887.50
892.62
897.31
901.55
905.34
908.68
911.55
913.95
915.87
917.32
918.28
918.76
679.88
690.95
701.91
712.76
723.47
734.03
744.41
754.60
764.59
774.34
783.86
793.11
802.09
810.78
819.16
827.23
834.95
842.33
849.35
855.99
862.24
868.10
873.55
878.58
883.18
887.35
891.07
894.35
897.16
899.52
901.41
902.83
903.77
904.25
669.70
680.55
691.31
701.95
712.46
722.81
733.00
743.00
752.80
762.38
771.72
780.81
789.62
798.16
806.39
814.30
821.89
829.13
836.02
842.55
848.69
854.44
859.79
864.73
869.25
873.34
877.00
880.21
882.98
885.29
887.15
888.54
889.47
889.93
659.68
670.32
680.87
691.30
701.61
711.77
721.77
731.59
741.20
750.60
759.77
768.69
777.35
785.73
793.81
801.58
809.03
816.15
822.91
829.32
835.35
841.00
846.25
851.10
855.54
859.56
863.15
866.31
869.02
871.29
873.12
874.48
875.40
875.85
649.85
660.28
670.62
680.85
690.97
700.93
710.74
720.38
729.81
739.04
748.04
756.80
765.30
773.52
781.46
789.09
796.41
803.40
810.04
816.33
822.25
827.80
832.96
837.73
842.09
846.03
849.56
852.66
855.33
857.56
859.35
860.69
861.59
862.04
640.23
650.45
660.59
670.63
680.54
690.32
699.95
709.40
718.66
727.72
736.56
745.15
753.50
761.57
769.37
776.86
784.05
790.91
797.44
803.62
809.44
814.88
819.95
824.63
828.92
832.79
836.26
839.30
841.93
844.12
845.87
847.19
848.08
848.52
630.84
640.86
650.80
660.65
670.37
679.97
689.41
698.69
707.78
716.67
725.34
733.79
741.98
749.91
757.56
764.93
771.99
778.73
785.14
791.21
796.92
802.28
807.26
811.86
816.06
819.87
823.28
826.27
828.84
831.00
832.72
834.02
834.89
835.32
621.72
631.54
641.29
650.94
660.48
669.89
679.16
688.26
697.19
705.92
714.44
722.72
730.77
738.56
746.08
753.31
760.25
766.87
773.17
779.13
784.75
790.01
794.91
799.42
803.56
807.30
810.65
813.59
816.12
818.24
819.93
821.21
822.06
822.49
612.88
622.51
632.06
641.53
650.89
660.13
669.23
678.16
686.92
695.50
703.86
712.00
719.91
727.56
734.95
742.05
748.87
755.38
761.57
767.43
772.95
778.12
782.93
787.37
791.44
795.12
798.41
801.30
803.79
805.87
807.54
808.79
809.63
810.05
604.35
613.79
623.17
632.46
641.64
650.71
659.64
668.41
677.01
685.43
693.65
701.65
709.42
716.94
724.19
731.18
737.88
744.28
750.36
756.12
761.55
766.64
771.37
775.74
779.73
783.35
786.59
789.43
791.88
793.93
795.57
796.80
797.62
798.03
596.16
605.42
614.62
623.73
632.75
641.65
650.42
659.04
667.49
675.76
683.83
691.69
699.33
706.72
713.86
720.73
727.31
733.60
739.59
745.26
750.60
755.60
760.25
764.55
768.48
772.04
775.23
778.02
780.43
782.44
784.06
785.27
786.08
786.49
588.33
597.42
606.44
615.39
624.25
632.99
641.60
650.07
658.38
666.51
674.44
682.17
689.68
696.95
703.97
710.72
717.20
723.39
729.28
734.86
740.11
745.03
749.61
753.84
757.72
761.22
764.35
767.11
769.48
771.46
773.05
774.24
775.04
775.44
580.88
589.81
598.67
607.46
616.16
624.75
633.21
641.54
649.71
657.70
665.51
673.11
680.50
687.65
694.56
701.20
707.58
713.67
719.47
724.96
730.14
734.98
739.49
743.66
747.47
750.92
754.01
756.72
759.05
761.00
762.57
763.75
764.53
764.92
573.85
582.62
591.33
599.96
608.52
616.96
625.29
633.47
641.51
649.38
657.06
664.54
671.81
678.85
685.66
692.20
698.48
704.48
710.19
715.60
720.70
725.47
729.92
734.02
737.78
741.18
744.22
746.89
749.19
751.12
752.66
753.82
754.59
754.98
567.25
575.87
584.43
592.93
601.34
609.65
617.84
625.90
633.81
641.56
649.12
656.49
663.66
670.59
677.30
683.75
689.94
695.85
701.48
706.81
711.84
716.54
720.93
724.97
728.68
732.03
735.03
737.66
739.93
741.83
743.35
744.49
745.26
745.64
561.11
569.59
578.02
586.38
594.66
602.84
610.91
618.85
626.65
634.28
641.73
649.00
656.06
662.90
669.51
675.87
681.98
687.81
693.36
698.62
703.58
708.22
712.55
716.54
720.20
723.51
726.46
729.06
731.30
733.18
734.68
735.81
736.56
736.94
555.45
563.80
572.10
580.34
588.50
596.57
604.52
612.35
620.03
627.56
634.92
642.08
649.05
655.80
662.32
668.60
674.63
680.39
685.87
691.06
695.96
700.55
704.82
708.76
712.37
715.64
718.56
721.13
723.34
725.19
726.67
727.79
728.53
728.91
554.58
562.93
571.24
579.48
587.65
595.73
603.69
611.53
619.23
626.76
634.13
641.31
648.29
655.05
661.59
667.88
673.92
679.69
685.18
690.39
695.29
699.89
704.17
708.12
711.74
715.02
717.95
720.52
722.74
724.59
726.08
727.20
727.94
728.32
560.26
568.74
577.17
585.55
593.84
602.03
610.11
618.06
625.87
633.51
640.98
648.26
655.33
662.19
668.81
675.18
681.30
687.15
692.71
697.98
702.95
707.61
711.94
715.94
719.61
722.92
725.89
728.50
730.74
732.62
734.12
735.26
736.01
736.39
566.42
575.04
583.61
592.12
600.54
608.86
617.07
625.14
633.06
640.82
648.40
655.79
662.96
669.91
676.63
683.10
689.30
695.23
700.87
706.21
711.25
715.97
720.36
724.42
728.13
731.49
734.50
737.14
739.41
741.32
742.84
743.99
744.75
745.14
573.04
581.81
590.53
599.18
607.75
616.20
624.54
632.74
640.79
648.67
656.37
663.87
671.15
678.21
685.03
691.59
697.88
703.90
709.62
715.05
720.16
724.94
729.40
733.51
737.28
740.69
743.74
746.41
748.72
750.65
752.20
753.36
754.14
754.52
580.09
589.03
597.90
606.71
615.42
624.02
632.50
640.84
649.02
657.03
664.86
672.48
679.88
687.05
693.97
700.63
707.03
713.13
718.95
724.45
729.64
734.50
739.02
743.19
747.02
750.48
753.57
756.29
758.63
760.59
762.16
763.34
764.13
764.52
587.56
596.66
605.71
614.67
623.54
632.29
640.92
649.41
657.73
665.88
673.83
681.58
689.10
696.39
703.42
710.20
716.69
722.90
728.80
734.39
739.66
744.60
749.19
753.43
757.31
760.83
763.97
766.73
769.11
771.09
772.69
773.89
774.69
775.09
595.42
604.70
613.91
623.04
632.07
640.99
649.78
658.41
666.88
675.17
683.26
691.14
698.79
706.20
713.36
720.24
726.85
733.16
739.16
744.84
750.20
755.21
759.88
764.19
768.13
771.70
774.89
777.70
780.12
782.13
783.75
784.97
785.78
786.19
603.64
613.10
622.49
631.80
641.00
650.08
659.03
667.82
676.45
684.88
693.12
701.14
708.92
716.46
723.74
730.75
737.46
743.88
749.98
755.76
761.20
766.30
771.05
775.43
779.44
783.07
786.31
789.17
791.62
793.67
795.32
796.56
797.38
797.79
612.20
621.85
631.42
640.91
650.29
659.54
668.66
677.62
686.40
694.99
703.37
711.54
719.46
727.14
734.54
741.67
748.50
755.03
761.24
767.11
772.65
777.84
782.67
787.12
791.20
794.89
798.19
801.09
803.59
805.67
807.35
808.61
809.44
809.86
621.07
630.91
640.67
650.35
659.91
669.34
678.63
687.76
696.70
705.45
713.99
722.31
730.37
738.19
745.72
752.98
759.93
766.57
772.89
778.87
784.51
789.79
794.70
799.23
803.38
807.13
810.49
813.44
815.98
818.10
819.80
821.08
821.94
822.36
630.22
640.27
650.23
660.09
669.84
679.46
688.92
698.22
707.34
716.25
724.95
733.41
741.63
749.58
757.26
764.64
771.72
778.48
784.91
791.00
796.74
802.11
807.10
811.72
815.94
819.76
823.18
826.18
828.76
830.92
832.66
833.96
834.83
835.26
639.64
649.89
660.05
670.11
680.05
689.85
699.50
708.98
718.26
727.35
736.21
744.83
753.20
761.30
769.11
776.63
783.84
790.72
797.27
803.47
809.31
814.77
819.86
824.56
828.85
832.74
836.22
839.28
841.91
844.10
845.87
847.19
848.08
848.52
649.30
659.75
670.11
680.37
690.51
700.50
710.34
720.00
729.46
738.71
747.74
756.52
765.05
773.30
781.26
788.91
796.25
803.26
809.93
816.24
822.18
827.75
832.93
837.71
842.08
846.04
849.58
852.69
855.37
857.61
859.41
860.75
861.65
862.10
659.16
669.83
680.40
690.86
701.19
711.38
721.41
731.25
740.89
750.32
759.52
768.47
777.15
785.55
793.66
801.46
808.93
816.07
822.86
829.28
835.34
841.00
846.28
851.15
855.60
859.63
863.24
866.40
869.13
871.41
873.24
874.61
875.53
875.99
669.22
680.09
690.87
701.54
712.08
722.46
732.68
742.71
752.54
762.14
771.51
780.63
789.47
798.03
806.29
814.23
821.84
829.11
836.03
842.57
848.73
854.51
859.88
864.83
869.37
873.48
877.15
880.37
883.15
885.47
887.33
888.73
889.66
890.13
679.43
690.52
701.52
712.39
723.13
733.72
744.13
754.35
764.37
774.15
783.70
792.98
801.99
810.71
819.12
827.21
834.96
842.37
849.41
856.07
862.35
868.23
873.69
878.74
883.36
887.55
891.28
894.57
897.40
899.76
901.66
903.08
904.03
904.51
689.78
701.10
712.30
723.39
734.34
745.13
755.74
766.15
776.35
786.32
796.04
805.50
814.68
823.56
832.12
840.36
848.26
855.80
862.97
869.75
876.15
882.13
887.70
892.85
897.55
901.81
905.62
908.97
911.85
914.26
916.19
917.64
918.61
919.09
700.25
711.79
723.21
734.51
745.66
756.66
767.47
778.07
788.47
798.62
808.52
818.16
827.50
836.54
845.27
853.66
861.70
869.38
876.68
883.59
890.11
896.20
901.88
907.11
911.91
916.25
920.13
923.54
926.47
928.92
930.89
932.37
933.36
933.85
710.82
722.57
734.21
745.73
757.09
768.29
779.30
790.10
800.69
811.03
821.11
830.92
840.44
849.65
858.53
867.08
875.26
883.08
890.52
897.56
904.19
910.41
916.18
921.52
926.40
930.82
934.77
938.25
941.24
943.74
945.74
947.25
948.25
948.75
721.45
733.43
745.29
757.01
768.59
779.99
791.21
802.21
812.99
823.52
833.79
843.77
853.46
862.84
871.89
880.59
888.93
896.89
904.46
911.63
918.39
924.71
930.60
936.03
941.01
945.51
949.54
953.08
956.12
958.67
960.71
962.24
963.27
963.78
732.14
744.33
756.41
768.35
780.14
791.75
803.17
814.37
825.34
836.06
846.52
856.69
866.55
876.10
885.31
894.17
902.66
910.77
918.48
925.78
932.66
939.10
945.10
950.64
955.70
960.29
964.39
968.00
971.10
973.69
975.77
977.34
978.38
978.90
742.85
755.27
767.56
779.72
791.72
803.54
815.16
826.57
837.73
848.65
859.29
869.64
879.68
889.40
898.77
907.79
916.44
924.69
932.55
939.98
946.99
953.55
959.66
965.30
970.46
975.13
979.31
982.98
986.15
988.79
990.91
992.50
993.57
994.10
753.57
766.21
778.73
791.10
803.31
815.34
827.17
838.77
850.13
861.24
872.07
882.60
892.82
902.71
912.26
921.44
930.24
938.65
946.64
954.21
961.35
968.03
974.25
980.00
985.25
990.02
994.27
998.02
1001.24
1003.93
1006.09
1007.72
1008.80
1009.34
764.27
777.14
789.87
802.46
814.89
827.12
839.16
850.96
862.52
873.82
884.84
895.56
905.96
916.03
925.74
935.08
944.04
952.60
960.74
968.45
975.72
982.52
988.86
994.71
1000.07
1004.92
1009.26
1013.07
1016.35
1019.10
1021.30
1022.96
1024.06
1024.61
774.95
788.03
800.99
813.79
826.43
838.88
851.11
863.12
874.88
886.38
897.58
908.49
919.07
929.31
939.19
948.70
957.82
966.53
974.82
982.67
990.07
997.00
1003.46
1009.42
1014.87
1019.82
1024.24
1028.12
1031.47
1034.27
1036.51
1038.20
1039.33
1039.89
785.57
798.88
812.05
825.07
837.92
850.57
863.02
875.23
887.19
898.87
910.27
921.36
932.13
942.55
952.60
962.28
971.56
980.43
988.86
996.86
1004.39
1011.45
1018.02
1024.09
1029.66
1034.69
1039.20
1043.16
1046.57
1049.42
1051.71
1053.43
1054.58
1055.15
796.12
809.65
823.04
836.27
849.33
862.20
874.85
887.26
899.42
911.30
922.89
934.17
945.12
955.72
965.95
975.79
985.24
994.26
1002.85
1010.99
1018.66
1025.85
1032.54
1038.73
1044.39
1049.52
1054.11
1058.15
1061.63
1064.54
1066.87
1068.62
1069.79
1070.38
806.59
820.33
833.94
847.39
860.66
873.73
886.58
899.20
911.56
923.64
935.42
946.89
958.02
968.80
979.20
989.22
998.83
1008.01
1016.75
1025.04
1032.85
1040.17
1046.99
1053.29
1059.06
1064.29
1068.97
1073.08
1076.63
1079.59
1081.97
1083.76
1084.95
1085.55
816.95
830.91
844.73
858.39
871.87
885.15
898.21
911.02
923.58
935.86
947.83
959.49
970.81
981.77
992.35
1002.54
1012.31
1021.66
1030.56
1038.99
1046.94
1054.40
1061.34
1067.76
1073.64
1078.97
1083.74
1087.94
1091.55
1094.58
1097.00
1098.83
1100.04
1100.65
827.19
841.36
855.40
869.27
882.95
896.44
909.70
922.72
935.48
947.95
960.12
971.97
983.47
994.61
1005.37
1015.74
1025.68
1035.19
1044.24
1052.83
1060.92
1068.52
1075.59
1082.13
1088.13
1093.56
1098.42
1102.70
1106.38
1109.46
1111.94
1113.80
1115.04
1115.66
837.29
851.68
865.92
880.00
893.89
907.58
921.05
934.27
947.22
959.89
972.26
984.29
995.98
1007.31
1018.25
1028.79
1038.90
1048.58
1057.79
1066.53
1074.77
1082.51
1089.71
1096.38
1102.48
1108.02
1112.98
1117.34
1121.10
1124.24
1126.77
1128.67
1129.93
1130.57
847.24
861.83
876.28
890.57
904.67
918.56
932.23
945.65
958.81
971.67
984.23
996.45
1008.33
1019.84
1030.97
1041.68
1051.97
1061.81
1071.19
1080.08
1088.47
1096.35
1103.69
1110.48
1116.71
1122.35
1127.40
1131.85
1135.69
1138.89
1141.47
1143.41
1144.70
1145.34
857.01
871.82
886.47
900.96
915.27
929.36
943.23
956.85
970.20
983.26
996.01
1008.43
1020.50
1032.20
1043.50
1054.39
1064.86
1074.87
1084.41
1093.46
1102.01
1110.03
1117.51
1124.42
1130.77
1136.53
1141.68
1146.22
1150.13
1153.40
1156.03
1158.01
1159.32
1159.98
866.60
881.61
896.47
911.16
925.67
939.96
954.03
967.85
981.40
994.65
1007.60
1020.21
1032.47
1044.35
1055.84
1066.91
1077.55
1087.73
1097.44
1106.65
1115.35
1123.52
1131.14
1138.19
1144.66
1150.53
1155.78
1160.41
1164.40
1167.74
1170.43
1172.45
1173.79
1174.47
875.99
891.20
906.26
921.15
935.86
950.35
964.62
978.63
992.38
1005.83
1018.96
1031.77
1044.21
1056.28
1067.96
1079.21
1090.03
1100.38
1110.26
1119.64
1128.50
1136.82
1144.58
1151.76
1158.36
1164.34
1169.70
1174.43
1178.50
1181.91
1184.65
1186.71
1188.09
1188.77
885.17
900.57
915.83
930.92
945.82
960.51
974.97
989.18
1003.12
1016.76
1030.09
1043.09
1055.72
1067.98
1079.84
1091.28
1102.27
1112.81
1122.86
1132.40
1141.42
1149.89
1157.80
1165.12
1171.85
1177.95
1183.42
1188.24
1192.40
1195.88
1198.68
1200.78
1202.19
1202.89
894.11
909.71
925.16
940.44
955.54
970.42
985.08
999.48
1013.61
1027.45
1040.97
1054.16
1066.98
1079.43
1091.47
1103.10
1114.27
1124.98
1135.21
1144.92
1154.10
1162.73
1170.79
1178.25
1185.11
1191.34
1196.92
1201.84
1206.08
1209.64
1212.50
1214.65
1216.08
1216.80
902.81
918.60
934.24
949.71
965.00
980.08
994.92
1009.52
1023.84
1037.87
1051.58
1064.96
1077.97
1090.61
1102.84
1114.65
1126.01
1136.90
1147.29
1157.18
1166.52
1175.31
1183.53
1191.14
1198.13
1204.48
1210.18
1215.20
1219.54
1223.17
1226.09
1228.29
1229.76
1230.49
911.25
927.23
943.06
958.72
974.19
989.45
1004.49
1019.27
1033.79
1048.00
1061.90
1075.47
1088.67
1101.50
1113.92
1125.91
1137.45
1148.52
1159.10
1169.16
1178.67
1187.63
1195.99
1203.75
1210.88
1217.37
1223.18
1228.31
1232.74
1236.45
1239.44
1241.68
1243.18
1243.93
919.43
935.58
951.59
967.44
983.09
998.54
1013.76
1028.73
1043.43
1057.84
1071.93
1085.68
1099.07
1112.08
1124.69
1136.87
1148.60
1159.85
1170.61
1180.84
1190.53
1199.65
1208.17
1216.08
1223.36
1229.97
1235.91
1241.15
1245.67
1249.47
1252.52
1254.82
1256.35
1257.12
927.32
943.65
959.83
975.86
991.69
1007.32
1022.73
1037.88
1052.76
1067.35
1081.63
1095.57
1109.15
1122.35
1135.14
1147.51
1159.42
1170.86
1181.79
1192.20
1202.07
1211.35
1220.04
1228.11
1235.53
1242.28
1248.34
1253.69
1258.32
1262.20
1265.31
1267.66
1269.23
1270.02
934.91
951.41
967.77
983.97
999.98
1015.79
1031.37
1046.70
1061.76
1076.54
1091.00
1105.12
1118.89
1132.27
1145.25
1157.80
1169.90
1181.52
1192.64
1203.23
1213.27
1222.73
1231.58
1239.81
1247.37
1254.27
1260.46
1265.92
1270.65
1274.61
1277.81
1280.21
1281.82
1282.62
942.20
958.86
975.39
991.76
1007.94
1023.92
1039.67
1055.18
1070.42
1085.37
1100.01
1114.32
1128.27
1141.84
1155.00
1167.74
1180.02
1191.83
1203.13
1213.90
1224.12
1233.75
1242.77
1251.15
1258.88
1265.91
1272.23
1277.82
1282.65
1286.70
1289.97
1292.43
1294.07
1294.89
949.16
965.99
982.68
999.21
1015.56
1031.70
1047.63
1063.30
1078.72
1093.84
1108.66
1123.15
1137.28
1151.03
1164.38
1177.30
1189.77
1201.76
1213.24
1224.20
1234.59
1244.39
1253.58
1262.13
1270.01
1277.19
1283.64
1289.35
1294.29
1298.44
1301.78
1304.29
1305.98
1306.82
955.80
972.78
989.63
1006.31
1022.82
1039.13
1055.21
1071.06
1086.64
1101.94
1116.93
1131.59
1145.89
1159.83
1173.36
1186.46
1199.11
1211.29
1222.95
1234.09
1244.66
1254.64
1264.00
1272.71
1280.75
1288.07
1294.67
1300.50
1305.55
1309.79
1313.21
1315.78
1317.51
1318.37
962.09
979.22
996.22
1013.05
1029.71
1046.18
1062.42
1078.43
1094.17
1109.63
1124.79
1139.62
1154.11
1168.21
1181.92
1195.20
1208.04
1220.39
1232.24
1243.56
1254.31
1264.46
1274.00
1282.88
1291.07
1298.54
1305.28
1311.23
1316.39
1320.73
1324.23
1326.87
1328.63
1329.51
968.03
985.30
1002.44
1019.42
1036.23
1052.84
1069.24
1085.40
1101.30
1116.92
1132.24
1147.24
1161.89
1176.17
1190.05
1203.51
1216.52
1229.05
1241.08
1252.58
1263.51
1273.84
1283.54
1292.59
1300.94
1308.57
1315.44
1321.53
1326.80
1331.24
1334.81
1337.51
1339.32
1340.22
973.61
991.02
1008.29
1025.41
1042.35
1059.11
1075.65
1091.96
1108.01
1123.78
1139.26
1154.42
1169.23
1183.68
1197.73
1211.36
1224.54
1237.25
1249.46
1261.13
1272.23
1282.74
1292.61
1301.82
1310.34
1318.11
1325.13
1331.34
1336.73
1341.27
1344.92
1347.69
1349.53
1350.46
978.82
996.35
1013.75
1031.00
1048.07
1064.96
1081.64
1098.09
1114.29
1130.21
1145.84
1161.15
1176.12
1190.72
1204.93
1218.73
1232.08
1244.96
1257.34
1269.18
1280.46
1291.14
1301.18
1310.56
1319.22
1327.15
1334.31
1340.65
1346.15
1350.79
1354.53
1357.35
1359.24
1360.19
983.65
1001.29
1018.81
1036.18
1053.38
1070.40
1087.20
1103.78
1120.12
1136.18
1151.95
1167.40
1182.52
1197.28
1211.65
1225.61
1239.12
1252.17
1264.71
1276.72
1288.16
1299.01
1309.22
1318.75
1327.57
1335.65
1342.94
1349.41
1355.03
1359.77
1363.59
1366.47
1368.41
1369.37
988.08
1005.84
1023.46
1040.95
1058.26
1075.40
1092.33
1109.03
1125.49
1141.68
1157.58
1173.18
1188.44
1203.34
1217.86
1231.96
1245.63
1258.83
1271.54
1283.71
1295.32
1306.32
1316.69
1326.38
1335.35
1343.57
1351.00
1357.60
1363.33
1368.16
1372.06
1375.01
1376.98
1377.97
992.12
1009.98
1027.70
1045.29
1062.71
1079.96
1097.00
1113.81
1130.39
1146.70
1162.73
1178.45
1193.84
1208.88
1223.54
1237.78
1251.60
1264.95
1277.80
1290.13
1301.89
1313.05
1323.57
1333.41
1342.53
1350.89
1358.44
1365.16
1371.00
1375.93
1379.91
1382.92
1384.93
1385.94
995.76
1013.70
1031.52
1049.20
1066.72
1084.06
1101.20
1118.13
1134.81
1151.23
1167.37
1183.21
1198.72
1213.89
1228.67
1243.05
1257.00
1270.49
1283.48
1295.95
1307.85
1319.16
1329.82
1339.80
1349.06
1357.55
1365.24
1372.07
1378.01
1383.03
1387.08
1390.15
1392.20
1393.23
998.98
1017.00
1034.91
1052.67
1070.28
1087.71
1104.94
1121.96
1138.73
1155.26
1171.50
1187.45
1203.07
1218.34
1233.24
1247.75
1261.82
1275.43
1288.56
1301.15
1313.19
1324.63
1335.42
1345.54
1354.92
1363.54
1371.34
1378.28
1384.32
1389.42
1393.55
1396.67
1398.76
1399.81
1001.79
1019.88
1037.85
1055.69
1073.38
1090.88
1108.19
1125.29
1142.16
1158.77
1175.11
1191.14
1206.86
1222.24
1237.24
1251.85
1266.03
1279.76
1293.00
1305.72
1317.87
1329.43
1340.35
1350.58
1360.08
1368.81
1376.71
1383.76
1389.89
1395.06
1399.25
1402.42
1404.55
1405.61
1004.17
1022.32
1040.36
1058.26
1076.01
1093.58
1110.96
1128.13
1145.07
1161.76
1178.17
1194.29
1210.09
1225.56
1240.65
1255.35
1269.63
1283.46
1296.80
1309.62
1321.88
1333.54
1344.56
1354.90
1364.50
1373.33
1381.33
1388.46
1394.67
1399.92
1404.16
1407.38
1409.54
1410.62
1006.12
1024.33
1042.42
1060.37
1078.17
1095.80
1113.24
1130.46
1147.46
1164.21
1180.69
1196.88
1212.75
1228.29
1243.46
1258.23
1272.59
1286.50
1299.93
1312.83
1325.18
1336.93
1348.04
1358.47
1368.16
1377.07
1385.16
1392.36
1398.64
1403.94
1408.24
1411.49
1413.68
1414.77
1007.65
1025.89
1044.02
1062.01
1079.86
1097.53
1115.01
1132.28
1149.33
1166.13
1182.66
1198.90
1214.83
1230.42
1245.65
1260.49
1274.91
1288.89
1302.38
1315.35
1327.77
1339.59
1350.78
1361.27
1371.04
1380.01
1388.16
1395.42
1401.76
1407.11
1411.45
1414.73
1416.94
1418.04
1008.74
1027.01
1045.17
1063.19
1081.06
1098.77
1116.28
1133.59
1150.67
1167.50
1184.07
1200.35
1216.32
1231.95
1247.22
1262.11
1276.57
1290.60
1304.14
1317.16
1329.63
1341.51
1352.74
1363.29
1373.10
1382.13
1390.32
1397.63
1404.00
1409.39
1413.76
1417.07
1419.28
1420.40
1009.40
1027.68
1045.86
1063.90
1081.79
1099.51
1117.04
1134.37
1151.47
1168.33
1184.92
1201.22
1217.21
1232.87
1248.17
1263.08
1277.57
1291.63
1305.20
1318.25
1330.75
1342.66
1353.92
1364.50
1374.35
1383.41
1391.63
1398.96
1405.36
1410.77
1415.15
1418.47
1420.70
1421.82
1009.61
1027.91
1046.09
1064.13
1082.03
1099.76
1117.30
1134.63
1151.74
1168.60
1185.20
1201.51
1217.51
1233.17
1248.48
1263.40
1277.91
1291.97
1305.55
1318.61
1331.13
1343.04
1354.32
1364.91
1374.76
1383.83
1392.06
1399.41
1405.81
1411.23
1415.62
1418.94
1421.18
1422.29
1009.39
1027.68
1045.85
1063.90
1081.79
1099.51
1117.04
1134.37
1151.47
1168.33
1184.92
1201.22
1217.21
1232.87
1248.16
1263.08
1277.57
1291.62
1305.19
1318.25
1330.75
1342.66
1353.92
1364.50
1374.34
1383.40
1391.62
1398.96
1405.35
1410.77
1415.15
1418.47
1420.70
1421.82
1008.74
1027.01
1045.16
1063.19
1081.06
1098.76
1116.28
1133.58
1150.66
1167.50
1184.07
1200.35
1216.31
1231.94
1247.22
1262.10
1276.57
1290.59
1304.13
1317.16
1329.63
1341.50
1352.73
1363.28
1373.10
1382.12
1390.32
1397.62
1404.00
1409.39
1413.75
1417.06
1419.28
1420.39
1007.64
1025.89
1044.01
1062.01
1079.85
1097.52
1115.00
1132.28
1149.33
1166.12
1182.65
1198.89
1214.82
1230.41
1245.64
1260.48
1274.90
1288.88
1302.37
1315.35
1327.76
1339.59
1350.77
1361.26
1371.03
1380.01
1388.15
1395.41
1401.74
1407.10
1411.44
1414.72
1416.92
1418.03
1006.12
1024.32
1042.41
1060.36
1078.16
1095.79
1113.23
1130.46
1147.46
1164.21
1180.68
1196.87
1212.74
1228.28
1243.45
1258.23
1272.58
1286.49
1299.92
1312.82
1325.17
1336.92
1348.03
1358.46
1368.15
1377.06
1385.14
1392.35
1398.62
1403.93
1408.23
1411.48
1413.66
1414.76
1004.16
1022.31
1040.35
1058.25
1076.00
1093.57
1110.95
1128.12
1145.06
1161.75
1178.16
1194.28
1210.08
1225.54
1240.64
1255.34
1269.62
1283.44
1296.78
1309.60
1321.86
1333.52
1344.55
1354.88
1364.49
1373.31
1381.32
1388.44
1394.65
1399.90
1404.15
1407.36
1409.52
1410.60
1001.78
1019.87
1037.85
1055.68
1073.36
1090.87
1108.18
1125.28
1142.15
1158.76
1175.09
1191.13
1206.85
1222.22
1237.23
1251.84
1266.02
1279.75
1292.99
1305.70
1317.86
1329.41
1340.33
1350.56
1360.06
1368.79
1376.70
1383.74
1389.87
1395.04
1399.23
1402.40
1404.53
1405.59
998.97
1016.99
1034.90
1052.66
1070.27
1087.69
1104.93
1121.94
1138.72
1155.24
1171.49
1187.43
1203.05
1218.33
1233.23
1247.73
1261.80
1275.42
1288.54
1301.14
1313.17
1324.61
1335.40
1345.52
1354.90
1363.52
1371.32
1378.26
1384.30
1389.40
1393.52
1396.64
1398.74
1399.78
995.74
1013.69
1031.51
1049.19
1066.71
1084.05
1101.19
1118.11
1134.79
1151.22
1167.36
1183.20
1198.71
1213.87
1228.65
1243.03
1256.98
1270.47
1283.46
1295.93
1307.83
1319.14
1329.80
1339.78
1349.04
1357.53
1365.21
1372.05
1377.99
1383.00
1387.06
1390.12
1392.18
1393.21
992.11
1009.96
1027.69
1045.28
1062.70
1079.94
1096.98
1113.80
1130.37
1146.68
1162.71
1178.43
1193.82
1208.86
1223.52
1237.76
1251.58
1264.93
1277.78
1290.10
1301.86
1313.02
1323.54
1333.38
1342.50
1350.86
1358.42
1365.14
1370.97
1375.90
1379.88
1382.89
1384.90
1385.91
988.07
1005.82
1023.45
1040.93
1058.25
1075.38
1092.31
1109.01
1125.47
1141.66
1157.56
1173.16
1188.42
1203.32
1217.83
1231.94
1245.61
1258.81
1271.51
1283.68
1295.29
1306.29
1316.66
1326.35
1335.32
1343.54
1350.97
1357.57
1363.30
1368.13
1372.03
1374.98
1376.95
1377.94
983.63
1001.27
1018.79
1036.16
1053.36
1070.38
1087.18
1103.76
1120.10
1136.16
1151.93
1167.38
1182.50
1197.26
1211.63
1225.58
1239.10
1252.14
1264.68
1276.69
1288.14
1298.98
1309.19
1318.72
1327.54
1335.62
1342.91
1349.38
1355.00
1359.73
1363.55
1366.44
1368.37
1369.34
978.80
996.33
1013.73
1030.98
1048.05
1064.94
1081.62
1098.07
1114.26
1130.19
1145.81
1161.12
1176.09
1190.69
1204.91
1218.70
1232.06
1244.94
1257.31
1269.16
1280.43
1291.11
1301.15
1310.52
1319.19
1327.12
1334.27
1340.62
1346.12
1350.75
1354.49
1357.32
1359.21
1360.15
973.59
991.00
1008.27
1025.39
1042.33
1059.08
1075.63
1091.93
1107.98
1123.76
1139.24
1154.39
1169.21
1183.65
1197.70
1211.33
1224.51
1237.22
1249.43
1261.10
1272.20
1282.71
1292.58
1301.79
1310.30
1318.08
1325.09
1331.31
1336.69
1341.23
1344.89
1347.65
1349.49
1350.42
968.01
985.28
1002.42
1019.40
1036.21
1052.82
1069.21
1085.37
1101.27
1116.90
1132.22
1147.21
1161.86
1176.14
1190.02
1203.48
1216.49
1229.02
1241.05
1252.54
1263.47
1273.80
1283.51
1292.55
1300.90
1308.53
1315.40
1321.49
1326.76
1331.20
1334.77
1337.47
1339.28
1340.18
962.07
979.20
996.19
1013.03
1029.69
1046.15
1062.40
1078.40
1094.14
1109.61
1124.76
1139.59
1154.08
1168.18
1181.89
1195.17
1208.00
1220.36
1232.21
1243.52
1254.27
1264.43
1273.96
1282.84
1291.03
1298.50
1305.24
1311.19
1316.35
1320.69
1324.19
1326.82
1328.59
1329.47
955.77
972.76
989.60
1006.29
1022.79
1039.10
1055.19
1071.03
1086.61
1101.91
1116.90
1131.56
1145.86
1159.79
1173.32
1186.43
1199.08
1211.25
1222.92
1234.05
1244.62
1254.60
1263.96
1272.67
1280.71
1288.03
1294.63
1300.46
1305.51
1309.75
1313.16
1315.74
1317.46
1318.32
949.14
965.97
982.65
999.18
1015.53
1031.67
1047.60
1063.28
1078.69
1093.81
1108.63
1123.11
1137.24
1150.99
1164.34
1177.26
1189.73
1201.72
1213.21
1224.16
1234.55
1244.35
1253.54
1262.09
1269.97
1277.15
1283.60
1289.31
1294.25
1298.39
1301.73
1304.25
1305.93
1306.77
942.17
958.84
975.36
991.73
1007.91
1023.89
1039.64
1055.15
1070.39
1085.34
1099.98
1114.28
1128.23
1141.80
1154.97
1167.70
1179.99
1191.79
1203.09
1213.86
1224.08
1233.71
1242.73
1251.11
1258.83
1265.87
1272.19
1277.77
1282.60
1286.66
1289.92
1292.38
1294.02
1294.85
934.88
951.39
967.74
983.94
999.95
1015.76
1031.34
1046.67
1061.73
1076.50
1090.96
1105.08
1118.85
1132.23
1145.21
1157.76
1169.86
1181.48
1192.60
1203.19
1213.23
1222.68
1231.54
1239.76
1247.33
1254.22
1260.41
1265.88
1270.60
1274.57
1277.76
1280.16
1281.77
1282.57
927.29
943.62
959.81
975.83
991.66
1007.29
1022.69
1037.85
1052.73
1067.32
1081.59
1095.53
1109.11
1122.31
1135.10
1147.47
1159.38
1170.81
1181.75
1192.16
1202.02
1211.31
1220.00
1228.06
1235.48
1242.23
1248.29
1253.64
1258.27
1262.15
1265.27
1267.61
1269.18
1269.97
919.40
935.55
951.56
967.40
983.06
998.51
1013.73
1028.70
1043.39
1057.80
1071.89
1085.64
1099.03
1112.04
1124.65
1136.83
1148.55
1159.81
1170.56
1180.79
1190.48
1199.60
1208.13
1216.04
1223.31
1229.92
1235.86
1241.10
1245.62
1249.42
1252.47
1254.76
1256.30
1257.06
911.22
927.20
943.02
958.68
974.16
989.42
1004.45
1019.24
1033.75
1047.96
1061.87
1075.43
1088.63
1101.46
1113.87
1125.87
1137.41
1148.48
1159.05
1169.11
1178.63
1187.58
1195.95
1203.70
1210.84
1217.32
1223.13
1228.26
1232.69
1236.40
1239.38
1241.63
1243.13
1243.88
902.78
918.57
934.21
949.68
964.97
980.04
994.89
1009.48
1023.80
1037.83
1051.54
1064.92
1077.93
1090.56
1102.80
1114.60
1125.96
1136.85
1147.25
1157.13
1166.48
1175.27
1183.48
1191.09
1198.08
1204.43
1210.13
1215.15
1219.48
1223.12
1226.04
1228.23
1229.70
1230.43
894.08
909.67
925.13
940.41
955.50
970.39
985.04
999.44
1013.57
1027.41
1040.93
1054.11
1066.94
1079.39
1091.43
1103.05
1114.23
1124.94
1135.16
1144.87
1154.05
1162.68
1170.74
1178.20
1185.06
1191.29
1196.87
1201.79
1206.03
1209.59
1212.44
1214.59
1216.03
1216.75
885.13
900.54
915.79
930.88
945.78
960.47
974.93
989.14
1003.08
1016.72
1030.05
1043.04
1055.68
1067.94
1079.80
1091.23
1102.23
1112.76
1122.81
1132.35
1141.37
1149.84
1157.75
1165.07
1171.79
1177.90
1183.37
1188.19
1192.34
1195.83
1198.62
1200.73
1202.13
1202.84
875.96
891.16
906.22
921.11
935.82
950.31
964.58
978.59
992.33
1005.78
1018.92
1031.72
1044.17
1056.24
1067.91
1079.16
1089.98
1100.33
1110.21
1119.59
1128.44
1136.76
1144.52
1151.71
1158.30
1164.29
1169.65
1174.37
1178.44
1181.85
1184.59
1186.65
1188.03
1188.72
866.57
881.57
896.43
911.12
925.63
939.92
953.99
967.81
981.36
994.61
1007.55
1020.16
1032.42
1044.30
1055.79
1066.86
1077.50
1087.68
1097.39
1106.60
1115.30
1123.47
1131.09
1138.14
1144.60
1150.47
1155.73
1160.36
1164.35
1167.69
1170.37
1172.39
1173.73
1174.41
856.98
871.78
886.43
900.92
915.23
929.32
943.19
956.81
970.16
983.22
995.97
1008.39
1020.45
1032.15
1043.45
1054.34
1064.81
1074.82
1084.36
1093.41
1101.95
1109.97
1117.45
1124.37
1130.71
1136.47
1141.62
1146.16
1150.07
1153.34
1155.97
1157.95
1159.27
1159.92
847.20
861.79
876.24
890.53
904.63
918.52
932.19
945.61
958.76
971.62
984.18
996.41
1008.28
1019.79
1030.92
1041.63
1051.92
1061.76
1071.13
1080.03
1088.42
1096.29
1103.63
1110.42
1116.65
1122.29
1127.35
1131.79
1135.63
1138.83
1141.41
1143.35
1144.64
1145.28
837.25
851.64
865.88
879.96
893.85
907.54
921.01
934.22
947.18
959.85
972.21
984.24
995.93
1007.26
1018.20
1028.74
1038.85
1048.52
1057.74
1066.47
1074.72
1082.45
1089.66
1096.32
1102.43
1107.96
1112.92
1117.28
1121.04
1124.18
1126.71
1128.60
1129.87
1130.50
827.15
841.32
855.35
869.22
882.91
896.40
909.66
922.68
935.43
947.90
960.07
971.92
983.42
994.56
1005.32
1015.68
1025.63
1035.13
1044.19
1052.77
1060.87
1068.46
1075.53
1082.07
1088.07
1093.50
1098.36
1102.64
1106.32
1109.40
1111.88
1113.74
1114.98
1115.60
816.91
830.87
844.69
858.35
871.83
885.10
898.16
910.98
923.53
935.81
947.78
959.44
970.76
981.71
992.30
1002.48
1012.26
1021.60
1030.50
1038.93
1046.88
1054.34
1061.28
1067.70
1073.58
1078.91
1083.68
1087.88
1091.49
1094.51
1096.94
1098.76
1099.98
1100.59
806.55
820.29
833.90
847.34
860.61
873.68
886.54
899.15
911.51
923.59
935.37
946.83
957.96
968.74
979.15
989.16
998.77
1007.95
1016.69
1024.98
1032.79
1040.11
1046.93
1053.23
1059.00
1064.23
1068.91
1073.02
1076.57
1079.53
1081.91
1083.70
1084.89
1085.49
796.08
809.61
823.00
836.23
849.29
862.15
874.80
887.21
899.37
911.25
922.84
934.12
945.06
955.66
965.89
975.74
985.18
994.20
1002.79
1010.93
1018.60
1025.78
1032.48
1038.66
1044.33
1049.46
1054.05
1058.09
1061.56
1064.47
1066.80
1068.56
1069.73
1070.31
785.53
798.83
812.00
825.02
837.87
850.53
862.97
875.18
887.14
898.82
910.22
921.31
932.07
942.49
952.55
962.22
971.50
980.37
988.81
996.80
1004.33
1011.39
1017.96
1024.03
1029.59
1034.63
1039.13
1043.09
1046.50
1049.36
1051.64
1053.37
1054.51
1055.09
774.90
787.99
800.94
813.75
826.38
838.83
851.06
863.07
874.83
886.32
897.53
908.43
919.01
929.25
939.14
948.65
957.76
966.47
974.76
982.61
990.01
996.94
1003.39
1009.35
1014.81
1019.75
1024.17
1028.06
1031.40
1034.20
1036.45
1038.14
1039.26
1039.82
764.23
777.09
789.83
802.42
814.84
827.08
839.11
850.91
862.47
873.77
884.79
895.50
905.90
915.97
925.68
935.02
943.98
952.54
960.68
968.39
975.65
982.46
988.79
994.65
1000.00
1004.85
1009.19
1013.00
1016.29
1019.03
1021.24
1022.89
1024.00
1024.55
753.52
766.16
778.68
791.05
803.26
815.29
827.12
838.72
850.08
861.19
872.01
882.55
892.77
902.66
912.20
921.38
930.18
938.58
946.58
954.15
961.29
967.97
974.19
979.93
985.19
989.95
994.21
997.95
1001.17
1003.86
1006.03
1007.65
1008.73
1009.28
742.80
755.22
767.52
779.68
791.67
803.49
815.11
826.51
837.68
848.59
859.23
869.58
879.62
889.34
898.71
907.73
916.38
924.63
932.48
939.92
946.93
953.49
959.59
965.23
970.39
975.07
979.24
982.92
986.08
988.72
990.84
992.44
993.50
994.03
732.09
744.29
756.36
768.31
780.09
791.70
803.12
814.32
825.29
836.01
846.46
856.63
866.49
876.04
885.25
894.11
902.60
910.71
918.42
925.72
932.60
939.04
945.03
950.57
955.64
960.22
964.32
967.93
971.03
973.62
975.71
977.27
978.31
978.83
721.41
733.38
745.24
756.97
768.54
779.94
791.15
802.16
812.93
823.46
833.73
843.72
853.41
862.78
871.83
880.53
888.86
896.83
904.40
911.57
918.32
924.65
930.53
935.97
940.94
945.44
949.47
953.01
956.05
958.60
960.64
962.17
963.20
963.71
710.77
722.52
734.16
745.68
757.04
768.24
779.24
790.05
800.63
810.97
821.06
830.86
840.38
849.59
858.47
867.01
875.20
883.02
890.46
897.50
904.13
910.34
916.12
921.45
926.33
930.75
934.70
938.18
941.17
943.67
945.67
947.18
948.18
948.68
700.21
711.74
723.16
734.46
745.61
756.60
767.41
778.02
788.41
798.56
808.47
818.10
827.44
836.48
845.21
853.60
861.64
869.31
876.62
883.53
890.04
896.14
901.81
907.05
911.84
916.18
920.06
923.47
926.40
928.85
930.82
932.30
933.28
933.78
689.74
701.05
712.26
723.34
734.29
745.07
755.68
766.10
776.30
786.26
795.99
805.44
814.62
823.49
832.06
840.30
848.19
855.73
862.90
869.69
876.08
882.07
887.64
892.78
897.48
901.74
905.55
908.90
911.78
914.18
916.12
917.57
918.54
919.02
679.38
690.48
701.47
712.34
723.08
733.67
744.08
754.30
764.31
774.10
783.64
792.92
801.93
810.65
819.06
827.15
834.90
842.30
849.34
856.00
862.28
868.16
873.63
878.67
883.29
887.48
891.21
894.50
897.33
899.69
901.59
903.01
903.96
904.44
669.17
680.04
690.82
701.49
712.03
722.41
732.63
742.66
752.48
762.09
771.45
780.57
789.41
797.97
806.23
814.17
821.78
829.05
835.96
842.50
848.67
854.44
859.81
864.76
869.30
873.41
877.08
880.30
883.08
885.40
887.26
888.66
889.59
890.06
659.12
669.78
680.35
690.81
701.14
711.33
721.35
731.19
740.84
750.26
759.46
768.41
777.09
785.49
793.60
801.39
808.87
816.00
822.79
829.22
835.27
840.93
846.21
851.07
855.53
859.56
863.16
866.33
869.06
871.34
873.16
874.54
875.45
875.91
649.25
659.70
670.06
680.32
690.46
700.45
710.28
719.94
729.40
738.65
747.68
756.46
764.98
773.23
781.19
788.85
796.19
803.20
809.86
816.17
822.11
827.68
832.86
837.64
842.01
845.97
849.51
852.62
855.30
857.54
859.33
860.68
861.58
862.03
639.60
649.84
660.00
670.06
679.99
689.80
699.44
708.92
718.21
727.29
736.15
744.77
753.13
761.23
769.05
776.57
783.77
790.66
797.20
803.40
809.24
814.70
819.79
824.48
828.78
832.67
836.15
839.20
841.83
844.03
845.79
847.12
848.00
848.44
630.18
640.22
650.18
660.04
669.79
679.40
688.87
698.16
707.28
716.19
724.89
733.35
741.57
749.52
757.19
764.58
771.66
778.42
784.85
790.93
796.67
802.04
807.03
811.65
815.87
819.69
823.10
826.11
828.69
830.85
832.58
833.88
834.75
835.19
621.02
630.86
640.62
650.30
659.86
669.29
678.58
687.70
696.65
705.40
713.93
722.24
730.31
738.12
745.66
752.91
759.87
766.51
772.82
778.80
784.44
789.71
794.62
799.16
803.30
807.06
810.42
813.37
815.90
818.03
819.73
821.01
821.86
822.29
612.15
621.80
631.37
640.86
650.23
659.49
668.60
677.56
686.34
694.93
703.31
711.48
719.40
727.07
734.48
741.60
748.43
754.96
761.17
767.05
772.58
777.77
782.59
787.05
791.13
794.82
798.12
801.02
803.51
805.60
807.27
808.53
809.37
809.79
603.59
613.05
622.44
631.74
640.95
650.03
658.97
667.77
676.39
684.82
693.06
701.08
708.86
716.40
723.68
730.68
737.39
743.81
749.91
755.69
761.13
766.23
770.98
775.36
779.37
783.00
786.24
789.09
791.55
793.60
795.24
796.48
797.31
797.72
595.37
604.65
613.86
622.99
632.02
640.94
649.72
658.35
666.82
675.11
683.20
691.08
698.73
706.14
713.29
720.18
726.78
733.09
739.09
744.77
750.12
755.14
759.81
764.11
768.06
771.63
774.82
777.63
780.04
782.06
783.68
784.89
785.71
786.11
587.52
596.62
605.65
614.62
623.48
632.24
640.87
649.35
657.67
665.82
673.77
681.51
689.04
696.32
703.36
710.13
716.62
722.83
728.73
734.32
739.59
744.53
749.12
753.36
757.24
760.75
763.89
766.65
769.03
771.02
772.61
773.81
774.61
775.01
580.05
588.98
597.85
606.65
615.37
623.97
632.45
640.78
648.97
656.97
664.80
672.41
679.81
686.98
693.90
700.57
706.96
713.06
718.88
724.38
729.57
734.42
738.94
743.12
746.94
750.40
753.50
756.21
758.55
760.51
762.08
763.26
764.05
764.44
572.99
581.76
590.48
599.13
607.69
616.15
624.49
632.69
640.73
648.61
656.31
663.81
671.09
678.15
684.96
691.52
697.82
703.83
709.55
714.97
720.08
724.87
729.32
733.44
737.20
740.61
743.66
746.34
748.64
750.57
752.12
753.28
754.06
754.45
566.37
574.99
583.56
592.07
600.49
608.81
617.01
625.08
633.00
640.76
648.34
655.72
662.90
669.85
676.56
683.03
689.23
695.16
700.80
706.14
711.18
715.89
720.29
724.34
728.05
731.42
734.42
737.06
739.34
741.24
742.76
743.91
744.68
745.06
560.21
568.69
577.12
585.49
593.78
601.97
610.05
618.00
625.81
633.45
640.92
648.19
655.27
662.12
668.74
675.11
681.23
687.08
692.64
697.91
702.88
707.53
711.87
715.87
719.53
722.85
725.81
728.42
730.66
732.54
734.05
735.18
735.93
736.31
554.53
562.88
571.18
579.43
587.60
595.67
603.63
611.47
619.17
626.70
634.07
641.25
648.23
654.99
661.52
667.81
673.85
679.62
685.11
690.32
695.22
699.82
704.09
708.05
711.66
714.94
717.87
720.44
722.66
724.51
726.00
727.12
727.87
728.24
