557.35
565.68
573.98
582.20
590.35
598.40
606.34
614.15
621.82
629.32
636.66
643.81
650.75
657.48
663.98
670.24
676.25
681.98
687.45
692.62
697.50
702.06
706.32
710.24
713.84
717.09
720.00
722.56
724.76
726.60
728.08
729.19
729.93
730.30
562.96
571.43
579.85
588.19
596.46
604.63
612.68
620.60
628.37
635.98
643.42
650.66
657.70
664.51
671.10
677.44
683.52
689.33
694.86
700.10
705.04
709.66
713.97
717.95
721.58
724.88
727.83
730.41
732.64
734.51
736.00
737.13
737.88
738.25
569.06
577.66
586.21
594.69
603.09
611.38
619.55
627.59
635.48
643.20
650.74
658.09
665.22
672.14
678.81
685.24
691.41
697.30
702.90
708.21
713.22
717.90
722.26
726.29
729.98
733.32
736.30
738.92
741.18
743.07
744.59
745.72
746.48
746.86
575.61
584.36
593.05
601.67
610.20
618.63
626.93
635.10
643.11
650.95
658.60
666.06
673.30
680.32
687.09
693.62
699.87
705.85
711.53
716.92
721.99
726.74
731.17
735.25
738.99
742.38
745.40
748.06
750.35
752.26
753.80
754.95
755.72
756.11
582.59
591.50
600.34
609.11
617.79
626.35
634.79
643.09
651.23
659.20
666.98
674.55
681.91
689.03
695.91
702.53
708.88
714.95
720.72
726.19
731.34
736.16
740.65
744.79
748.59
752.02
755.09
757.79
760.11
762.05
763.61
764.78
765.56
765.95
589.98
599.05
608.06
616.98
625.81
634.53
643.11
651.55
659.83
667.93
675.84
683.53
691.01
698.25
705.24
711.96
718.41
724.58
730.44
735.99
741.22
746.11
750.67
754.88
758.73
762.22
765.33
768.07
770.43
772.40
773.98
775.17
775.96
776.36
597.76
607.00
616.17
625.26
634.25
643.12
651.86
660.44
668.87
677.10
685.15
692.97
700.58
707.93
715.04
721.88
728.43
734.69
740.65
746.29
751.60
756.58
761.21
765.48
769.39
772.93
776.10
778.88
781.28
783.28
784.88
786.09
786.90
787.30
605.89
615.31
624.66
633.92
643.07
652.11
661.00
669.74
678.31
686.70
694.88
702.84
710.57
718.06
725.28
732.23
738.90
745.27
751.32
757.05
762.45
767.51
772.22
776.56
780.54
784.14
787.35
790.18
792.61
794.65
796.28
797.51
798.32
798.73
614.36
623.96
633.49
642.93
652.25
661.46
670.52
679.42
688.14
696.68
705.00
713.11
720.97
728.59
735.94
743.01
749.79
756.26
762.42
768.25
773.74
778.88
783.67
788.09
792.13
795.79
799.06
801.93
804.41
806.47
808.13
809.38
810.21
810.63
623.14
632.93
642.65
652.26
661.77
671.14
680.37
689.44
698.32
707.01
715.49
723.74
731.75
739.50
746.97
754.17
761.07
767.65
773.92
779.85
785.43
790.66
795.53
800.02
804.13
807.86
811.18
814.10
816.62
818.72
820.41
821.68
822.52
822.95
632.20
642.19
652.09
661.90
671.59
681.14
690.54
699.78
708.83
717.67
726.31
734.71
742.86
750.75
758.36
765.68
772.70
779.40
785.78
791.81
797.49
802.82
807.77
812.34
816.52
820.31
823.69
826.66
829.22
831.36
833.08
834.37
835.23
835.66
641.53
651.71
661.81
671.81
681.68
691.42
701.00
710.40
719.62
728.64
737.43
745.98
754.28
762.31
770.06
777.51
784.66
791.48
797.97
804.11
809.89
815.31
820.35
825.00
829.25
833.11
836.55
839.58
842.18
844.36
846.10
847.41
848.29
848.73
651.08
661.47
671.77
681.96
692.02
701.95
711.71
721.29
730.69
739.86
748.82
757.53
765.98
774.16
782.05
789.64
796.91
803.85
810.46
816.71
822.60
828.11
833.24
837.97
842.30
846.22
849.73
852.81
855.46
857.67
859.45
860.79
861.68
862.12
660.85
671.44
681.94
692.33
702.59
712.70
722.65
732.42
741.98
751.33
760.45
769.32
777.93
786.26
794.29
802.02
809.42
816.49
823.22
829.58
835.57
841.18
846.40
851.22
855.63
859.63
863.19
866.33
869.02
871.28
873.09
874.45
875.36
875.81
670.80
681.61
692.31
702.90
713.36
723.66
733.80
743.75
753.49
763.02
772.30
781.34
790.10
798.58
806.76
814.63
822.17
829.37
836.21
842.69
848.79
854.51
859.82
864.73
869.22
873.28
876.91
880.10
882.85
885.15
886.99
888.37
889.30
889.76
680.92
691.93
702.84
713.64
724.29
734.79
745.12
755.26
765.18
774.88
784.34
793.54
802.47
811.10
819.43
827.44
835.12
842.45
849.42
856.01
862.23
868.04
873.46
878.45
883.02
887.16
890.86
894.11
896.90
899.24
901.12
902.53
903.47
903.94
691.17
702.40
713.52
724.52
735.38
746.08
756.60
766.92
777.03
786.91
796.54
805.91
815.00
823.79
832.27
840.43
848.24
855.71
862.80
869.52
875.85
881.77
887.28
892.37
897.02
901.23
905.00
908.31
911.16
913.54
915.45
916.88
917.84
918.32
701.54
712.98
724.31
735.52
746.58
757.48
768.19
778.71
789.01
799.07
808.87
818.41
827.67
836.62
845.26
853.56
861.52
869.12
876.34
883.18
889.62
895.65
901.26
906.44
911.18
915.47
919.31
922.68
925.58
928.01
929.95
931.41
932.39
932.87
712.00
723.65
735.20
746.62
757.89
768.98
779.90
790.60
801.09
811.33
821.32
831.03
840.45
849.56
858.36
866.81
874.91
882.65
890.01
896.97
903.53
909.67
915.38
920.66
925.49
929.86
933.76
937.19
940.15
942.62
944.60
946.09
947.08
947.58
722.53
734.40
746.16
757.79
769.26
780.56
791.67
802.57
813.25
823.68
833.84
843.73
853.32
862.60
871.55
880.16
888.40
896.28
903.77
910.86
917.54
923.79
929.61
934.98
939.90
944.35
948.33
951.82
954.83
957.35
959.37
960.88
961.89
962.40
733.11
745.20
757.18
769.01
780.69
792.20
803.51
814.60
825.46
836.08
846.43
856.49
866.25
875.70
884.81
893.57
901.97
909.98
917.61
924.83
931.63
938.00
943.92
949.39
954.40
958.93
962.98
966.54
969.61
972.17
974.23
975.77
976.80
977.32
743.71
756.03
768.22
780.26
792.15
803.86
815.37
826.66
837.72
848.52
859.05
869.29
879.22
888.84
898.11
907.03
915.58
923.74
931.50
938.85
945.77
952.26
958.29
963.86
968.96
973.58
977.70
981.33
984.45
987.06
989.16
990.73
991.78
992.31
754.33
766.86
779.26
791.52
803.62
815.53
827.24
838.73
849.98
860.97
871.68
882.10
892.21
901.99
911.43
920.51
929.21
937.52
945.42
952.90
959.95
966.55
972.69
978.37
983.56
988.26
992.47
996.16
999.34
1002.00
1004.14
1005.74
1006.81
1007.34
764.93
777.68
790.30
802.77
815.08
827.19
839.10
850.79
862.23
873.41
884.31
894.91
905.20
915.15
924.75
933.99
942.84
951.30
959.34
966.96
974.13
980.85
987.11
992.89
998.18
1002.97
1007.25
1011.01
1014.25
1016.96
1019.14
1020.77
1021.86
1022.40
775.50
788.47
801.30
813.99
826.50
838.82
850.93
862.82
874.45
885.82
896.91
907.69
918.15
928.27
938.04
947.44
956.45
965.06
973.24
981.00
988.30
995.15
1001.52
1007.40
1012.79
1017.67
1022.03
1025.86
1029.16
1031.93
1034.14
1035.81
1036.92
1037.47
786.03
799.21
812.25
825.15
837.87
850.39
862.71
874.79
886.62
898.18
909.45
920.42
931.06
941.35
951.29
960.85
970.02
978.78
987.11
995.00
1002.44
1009.41
1015.89
1021.89
1027.37
1032.34
1036.78
1040.69
1044.06
1046.87
1049.13
1050.82
1051.96
1052.52
796.48
809.88
823.14
836.24
849.17
861.90
874.41
886.69
898.72
910.47
921.93
933.08
943.89
954.37
964.47
974.20
983.53
992.44
1000.92
1008.95
1016.52
1023.61
1030.22
1036.32
1041.91
1046.97
1051.50
1055.48
1058.91
1061.78
1064.08
1065.80
1066.96
1067.53
806.85
820.46
833.93
847.24
860.37
873.31
886.02
898.50
910.72
922.66
934.31
945.64
956.64
967.29
977.57
987.46
996.95
1006.01
1014.64
1022.82
1030.52
1037.75
1044.47
1050.69
1056.38
1061.54
1066.15
1070.21
1073.70
1076.62
1078.97
1080.73
1081.91
1082.49
817.11
830.93
844.61
858.13
871.47
884.61
897.52
910.20
922.61
934.75
946.59
958.10
969.28
980.11
990.56
1000.62
1010.27
1019.49
1028.27
1036.59
1044.44
1051.79
1058.64
1064.97
1070.76
1076.02
1080.72
1084.85
1088.41
1091.39
1093.78
1095.58
1096.78
1097.38
827.25
841.28
855.17
868.90
882.44
895.78
908.90
921.77
934.38
946.71
958.73
970.43
981.80
992.80
1003.42
1013.65
1023.47
1032.85
1041.78
1050.25
1058.23
1065.72
1072.69
1079.14
1085.04
1090.40
1095.19
1099.40
1103.03
1106.06
1108.50
1110.33
1111.56
1112.17
837.26
851.50
865.59
879.52
893.27
906.81
920.12
933.19
946.00
958.52
970.73
982.62
994.16
1005.35
1016.15
1026.55
1036.53
1046.07
1055.16
1063.77
1071.90
1079.52
1086.62
1093.19
1099.20
1104.66
1109.54
1113.83
1117.53
1120.62
1123.11
1124.98
1126.22
1126.85
847.11
861.56
875.86
889.99
903.94
917.68
931.19
944.45
957.45
970.16
982.56
994.64
1006.37
1017.73
1028.71
1039.28
1049.42
1059.13
1068.37
1077.14
1085.41
1093.17
1100.40
1107.09
1113.22
1118.78
1123.75
1128.13
1131.90
1135.05
1137.59
1139.49
1140.76
1141.40
856.80
871.44
885.94
900.28
914.42
928.36
942.07
955.53
968.72
981.62
994.22
1006.48
1018.39
1029.93
1041.09
1051.83
1062.15
1072.02
1081.42
1090.34
1098.76
1106.66
1114.02
1120.83
1127.07
1132.74
1137.81
1142.27
1146.11
1149.33
1151.92
1153.86
1155.16
1155.81
866.30
881.14
895.84
910.38
924.72
938.85
952.76
966.41
979.79
992.89
1005.67
1018.12
1030.21
1041.94
1053.27
1064.19
1074.67
1084.71
1094.27
1103.35
1111.92
1119.96
1127.46
1134.39
1140.75
1146.53
1151.69
1156.24
1160.16
1163.45
1166.08
1168.07
1169.39
1170.05
875.60
890.64
905.54
920.27
934.80
949.13
963.23
977.08
990.65
1003.93
1016.90
1029.54
1041.82
1053.72
1065.23
1076.33
1086.99
1097.19
1106.92
1116.15
1124.87
1133.06
1140.69
1147.76
1154.24
1160.12
1165.39
1170.03
1174.03
1177.38
1180.07
1182.09
1183.44
1184.11
884.68
899.92
915.01
929.93
944.66
959.19
973.47
987.51
1001.28
1014.75
1027.90
1040.72
1053.19
1065.28
1076.97
1088.24
1099.07
1109.44
1119.34
1128.73
1137.60
1145.93
1153.71
1160.91
1167.51
1173.51
1178.88
1183.61
1187.69
1191.11
1193.85
1195.92
1197.29
1197.98
893.54
908.97
924.25
939.36
954.28
968.99
983.47
997.70
1011.65
1025.31
1038.65
1051.66
1064.31
1076.58
1088.45
1099.90
1110.91
1121.45
1131.51
1141.06
1150.09
1158.57
1166.49
1173.82
1180.56
1186.67
1192.14
1196.97
1201.13
1204.62
1207.42
1209.53
1210.93
1211.64
902.16
917.78
933.24
948.54
963.65
978.55
993.21
1007.62
1021.76
1035.61
1049.14
1062.33
1075.16
1087.61
1099.66
1111.29
1122.47
1133.19
1143.42
1153.13
1162.32
1170.96
1179.02
1186.49
1193.35
1199.58
1205.16
1210.09
1214.33
1217.89
1220.75
1222.90
1224.34
1225.05
910.53
926.32
941.97
957.45
972.74
987.83
1002.67
1017.27
1031.59
1045.62
1059.34
1072.71
1085.73
1098.36
1110.59
1122.40
1133.76
1144.65
1155.04
1164.93
1174.27
1183.06
1191.27
1198.88
1205.87
1212.22
1217.92
1222.94
1227.28
1230.91
1233.83
1236.02
1237.49
1238.22
918.62
934.60
950.43
966.09
981.56
996.82
1011.85
1026.62
1041.13
1055.34
1069.24
1082.79
1095.99
1108.81
1121.22
1133.20
1144.74
1155.80
1166.37
1176.42
1185.93
1194.87
1203.23
1210.99
1218.11
1224.59
1230.39
1235.52
1239.94
1243.65
1246.63
1248.87
1250.37
1251.12
926.44
942.59
958.59
974.42
990.07
1005.51
1020.71
1035.67
1050.35
1064.74
1078.82
1092.56
1105.93
1118.93
1131.52
1143.68
1155.40
1166.64
1177.38
1187.59
1197.27
1206.37
1214.88
1222.78
1230.04
1236.64
1242.56
1247.79
1252.30
1256.09
1259.13
1261.42
1262.95
1263.72
933.96
950.28
966.45
982.45
998.27
1013.88
1029.26
1044.39
1059.25
1073.82
1088.07
1101.99
1115.54
1128.72
1141.49
1153.83
1165.72
1177.13
1188.04
1198.43
1208.27
1217.53
1226.19
1234.24
1241.64
1248.37
1254.41
1259.74
1264.35
1268.21
1271.32
1273.66
1275.23
1276.01
941.18
957.66
973.99
990.16
1006.15
1021.92
1037.47
1052.77
1067.81
1082.55
1096.97
1111.06
1124.80
1138.15
1151.09
1163.61
1175.68
1187.26
1198.35
1208.91
1218.91
1228.33
1237.15
1245.34
1252.88
1259.74
1265.91
1271.35
1276.05
1279.99
1283.17
1285.56
1287.16
1287.95
948.08
964.72
981.21
997.54
1013.68
1029.62
1045.34
1060.80
1076.00
1090.91
1105.51
1119.77
1133.68
1147.21
1160.33
1173.02
1185.26
1197.02
1208.28
1219.00
1229.17
1238.76
1247.73
1256.07
1263.75
1270.75
1277.03
1282.58
1287.38
1291.41
1294.65
1297.09
1298.72
1299.54
954.65
971.44
988.08
1004.57
1020.87
1036.97
1052.84
1068.47
1083.83
1098.90
1113.67
1128.10
1142.18
1155.87
1169.17
1182.03
1194.44
1206.38
1217.80
1228.70
1239.03
1248.78
1257.91
1266.40
1274.23
1281.35
1287.76
1293.42
1298.32
1302.43
1305.74
1308.23
1309.90
1310.73
960.89
977.82
994.61
1011.24
1027.69
1043.94
1059.97
1075.75
1091.27
1106.50
1121.43
1136.02
1150.27
1164.13
1177.59
1190.63
1203.21
1215.31
1226.91
1237.97
1248.47
1258.38
1267.67
1276.31
1284.27
1291.53
1298.06
1303.84
1308.83
1313.03
1316.41
1318.96
1320.66
1321.51
966.77
983.84
1000.77
1017.54
1034.14
1050.53
1066.70
1082.64
1098.31
1113.70
1128.78
1143.53
1157.94
1171.96
1185.59
1198.79
1211.54
1223.81
1235.57
1246.80
1257.46
1267.53
1276.97
1285.76
1293.87
1301.26
1307.91
1313.80
1318.90
1323.18
1326.63
1329.23
1330.97
1331.84
972.30
989.50
1006.56
1023.46
1040.19
1056.73
1073.04
1089.12
1104.93
1120.47
1135.70
1150.61
1165.17
1179.35
1193.14
1206.50
1219.41
1231.84
1243.76
1255.15
1265.97
1276.20
1285.80
1294.73
1302.98
1310.51
1317.29
1323.29
1328.48
1332.85
1336.37
1339.02
1340.80
1341.68
977.46
994.78
1011.96
1029.00
1045.85
1062.52
1078.96
1095.17
1111.13
1126.81
1142.18
1157.24
1171.94
1186.28
1200.22
1213.73
1226.80
1239.39
1251.47
1263.02
1273.99
1284.37
1294.12
1303.20
1311.59
1319.25
1326.15
1332.26
1337.55
1342.00
1345.59
1348.30
1350.11
1351.01
982.24
999.67
1016.98
1034.12
1051.10
1067.89
1084.46
1100.80
1116.89
1132.70
1148.21
1163.40
1178.25
1192.73
1206.81
1220.47
1233.69
1246.43
1258.67
1270.36
1281.49
1292.02
1301.91
1311.14
1319.66
1327.44
1334.46
1340.68
1346.07
1350.61
1354.26
1357.02
1358.87
1359.79
986.63
1004.17
1021.58
1038.84
1055.93
1072.83
1089.52
1105.98
1122.19
1138.12
1153.76
1169.08
1184.06
1198.68
1212.90
1226.71
1240.06
1252.95
1265.33
1277.17
1288.44
1299.11
1309.15
1318.51
1327.16
1335.07
1342.20
1348.53
1354.01
1358.63
1362.35
1365.16
1367.04
1367.98
990.63
1008.27
1025.78
1043.14
1060.33
1077.34
1094.13
1110.70
1127.02
1143.07
1158.83
1174.27
1189.38
1204.12
1218.47
1232.41
1245.90
1258.92
1271.44
1283.41
1294.82
1305.63
1315.80
1325.29
1334.06
1342.09
1349.34
1355.76
1361.34
1366.03
1369.82
1372.68
1374.59
1375.55
994.23
1011.96
1029.56
1047.01
1064.30
1081.40
1098.29
1114.96
1131.38
1147.54
1163.41
1178.96
1194.18
1209.04
1223.51
1237.56
1251.18
1264.32
1276.97
1289.07
1300.61
1311.54
1321.83
1331.44
1340.34
1348.48
1355.83
1362.35
1368.01
1372.78
1376.63
1379.53
1381.48
1382.45
997.43
1015.23
1032.91
1050.44
1067.81
1085.00
1101.98
1118.74
1135.26
1151.51
1167.47
1183.13
1198.45
1213.41
1227.99
1242.16
1255.89
1269.14
1281.90
1294.12
1305.78
1316.83
1327.23
1336.95
1345.96
1354.20
1361.65
1368.26
1374.00
1378.83
1382.74
1385.69
1387.66
1388.65
1000.20
1018.08
1035.83
1053.43
1070.88
1088.14
1105.20
1122.04
1138.63
1154.97
1171.02
1186.76
1202.17
1217.23
1231.90
1246.17
1260.00
1273.36
1286.22
1298.55
1310.31
1321.46
1331.97
1341.79
1350.89
1359.23
1366.76
1373.45
1379.26
1384.16
1388.12
1391.11
1393.11
1394.11
1002.57
1020.50
1038.30
1055.97
1073.48
1090.80
1107.93
1124.84
1141.51
1157.91
1174.04
1189.85
1205.35
1220.48
1235.24
1249.59
1263.51
1276.96
1289.91
1302.33
1314.18
1325.42
1336.02
1345.93
1355.12
1363.53
1371.14
1377.90
1383.78
1388.73
1392.73
1395.76
1397.78
1398.80
1004.50
1022.48
1040.34
1058.06
1075.62
1092.99
1110.18
1127.14
1143.86
1160.33
1176.52
1192.40
1207.96
1223.16
1237.99
1252.41
1266.40
1279.92
1292.95
1305.44
1317.37
1328.69
1339.36
1349.35
1358.61
1367.09
1374.77
1381.59
1387.52
1392.52
1396.56
1399.61
1401.66
1402.68
1006.01
1024.03
1041.93
1059.68
1077.28
1094.70
1111.93
1128.94
1145.71
1162.22
1178.45
1194.39
1209.99
1225.25
1240.13
1254.61
1268.66
1282.24
1295.32
1307.88
1319.87
1331.25
1341.98
1352.03
1361.34
1369.88
1377.61
1384.48
1390.45
1395.49
1399.56
1402.64
1404.70
1405.73
1007.09
1025.14
1043.06
1060.85
1078.48
1095.93
1113.18
1130.22
1147.02
1163.57
1179.84
1195.81
1211.45
1226.75
1241.67
1256.19
1270.28
1283.90
1297.03
1309.63
1321.66
1333.08
1343.86
1353.95
1363.31
1371.89
1379.65
1386.56
1392.56
1397.62
1401.72
1404.81
1406.89
1407.92
1007.74
1025.80
1043.74
1061.55
1079.19
1096.66
1113.93
1130.99
1147.82
1164.38
1180.67
1196.66
1212.33
1227.65
1242.60
1257.14
1271.25
1284.90
1298.06
1310.68
1322.74
1334.19
1344.99
1355.11
1364.49
1373.10
1380.89
1387.81
1393.83
1398.91
1403.02
1406.12
1408.21
1409.25
1007.96
1026.02
1043.97
1061.78
1079.43
1096.91
1114.19
1131.25
1148.08
1164.66
1180.95
1196.95
1212.62
1227.95
1242.90
1257.45
1271.57
1285.23
1298.40
1311.03
1323.10
1334.56
1345.37
1355.50
1364.89
1373.50
1381.30
1388.23
1394.26
1399.34
1403.45
1406.56
1408.65
1409.69
1007.74
1025.80
1043.74
1061.54
1079.19
1096.66
1113.93
1130.99
1147.82
1164.38
1180.67
1196.66
1212.33
1227.65
1242.59
1257.14
1271.25
1284.90
1298.05
1310.68
1322.74
1334.19
1344.99
1355.11
1364.49
1373.10
1380.88
1387.81
1393.83
1398.91
1403.02
1406.12
1408.20
1409.24
1007.09
1025.13
1043.06
1060.84
1078.47
1095.92
1113.18
1130.22
1147.02
1163.57
1179.84
1195.81
1211.45
1226.75
1241.67
1256.18
1270.27
1283.90
1297.02
1309.62
1321.65
1333.08
1343.86
1353.95
1363.30
1371.88
1379.65
1386.55
1392.55
1397.62
1401.71
1404.81
1406.88
1407.92
1006.01
1024.03
1041.92
1059.68
1077.28
1094.70
1111.92
1128.93
1145.70
1162.21
1178.45
1194.38
1209.99
1225.24
1240.13
1254.60
1268.65
1282.23
1295.32
1307.87
1319.86
1331.24
1341.97
1352.02
1361.33
1369.88
1377.60
1384.47
1390.44
1395.48
1399.55
1402.63
1404.69
1405.72
1004.50
1022.48
1040.33
1058.05
1075.61
1092.99
1110.17
1127.13
1143.86
1160.32
1176.51
1192.39
1207.95
1223.15
1237.98
1252.40
1266.39
1279.91
1292.94
1305.43
1317.36
1328.68
1339.35
1349.34
1358.59
1367.08
1374.75
1381.58
1387.50
1392.50
1396.54
1399.60
1401.64
1402.67
1002.56
1020.49
1038.30
1055.96
1073.47
1090.80
1107.92
1124.83
1141.50
1157.90
1174.03
1189.84
1205.33
1220.47
1235.23
1249.58
1263.50
1276.95
1289.90
1302.31
1314.16
1325.41
1336.00
1345.92
1355.10
1363.52
1371.13
1377.89
1383.76
1388.72
1392.72
1395.74
1397.77
1398.78
1000.20
1018.07
1035.82
1053.42
1070.86
1088.13
1105.19
1122.02
1138.62
1154.96
1171.01
1186.75
1202.16
1217.22
1231.89
1246.16
1259.99
1273.35
1286.21
1298.53
1310.29
1321.44
1331.95
1341.77
1350.87
1359.21
1366.74
1373.43
1379.24
1384.14
1388.10
1391.09
1393.09
1394.09
997.42
1015.22
1032.90
1050.43
1067.80
1084.99
1101.97
1118.73
1135.24
1151.49
1167.46
1183.11
1198.43
1213.39
1227.97
1242.14
1255.87
1269.13
1281.88
1294.11
1305.76
1316.81
1327.21
1336.94
1345.94
1354.18
1361.63
1368.23
1373.97
1378.81
1382.71
1385.66
1387.64
1388.63
994.22
1011.95
1029.54
1047.00
1064.28
1081.38
1098.28
1114.95
1131.37
1147.52
1163.39
1178.94
1194.16
1209.02
1223.49
1237.55
1251.16
1264.31
1276.95
1289.05
1300.59
1311.52
1321.81
1331.42
1340.32
1348.46
1355.80
1362.33
1367.98
1372.75
1376.60
1379.51
1381.45
1382.43
990.62
1008.26
1025.77
1043.13
1060.32
1077.32
1094.12
1110.69
1127.01
1143.06
1158.81
1174.26
1189.36
1204.10
1218.45
1232.39
1245.88
1258.90
1271.41
1283.39
1294.80
1305.61
1315.77
1325.26
1334.04
1342.07
1349.31
1355.74
1361.31
1366.00
1369.79
1372.65
1374.56
1375.52
986.62
1004.16
1021.57
1038.83
1055.92
1072.81
1089.50
1105.96
1122.17
1138.10
1153.74
1169.06
1184.04
1198.66
1212.88
1226.68
1240.04
1252.93
1265.30
1277.15
1288.42
1299.09
1309.12
1318.48
1327.13
1335.04
1342.18
1348.50
1353.98
1358.60
1362.32
1365.13
1367.01
1367.95
982.22
999.66
1016.96
1034.11
1051.08
1067.87
1084.44
1100.78
1116.87
1132.67
1148.19
1163.38
1178.22
1192.70
1206.79
1220.45
1233.67
1246.41
1258.64
1270.34
1281.46
1291.99
1301.88
1311.11
1319.63
1327.41
1334.43
1340.65
1346.04
1350.58
1354.23
1356.99
1358.84
1359.76
977.44
994.76
1011.95
1028.98
1045.83
1062.49
1078.94
1095.15
1111.11
1126.78
1142.16
1157.21
1171.92
1186.25
1200.19
1213.71
1226.77
1239.36
1251.44
1262.99
1273.96
1284.34
1294.09
1303.17
1311.56
1319.21
1326.11
1332.22
1337.52
1341.97
1345.56
1348.26
1350.07
1350.98
972.28
989.48
1006.54
1023.44
1040.17
1056.70
1073.02
1089.09
1104.91
1120.44
1135.68
1150.58
1165.14
1179.32
1193.11
1206.47
1219.38
1231.81
1243.73
1255.12
1265.94
1276.17
1285.76
1294.70
1302.95
1310.47
1317.25
1323.25
1328.45
1332.81
1336.33
1338.98
1340.76
1341.65
966.75
983.82
1000.75
1017.52
1034.11
1050.51
1066.68
1082.61
1098.28
1113.67
1128.75
1143.51
1157.91
1171.93
1185.56
1198.76
1211.51
1223.77
1235.54
1246.76
1257.42
1267.49
1276.93
1285.72
1293.83
1301.22
1307.88
1313.76
1318.86
1323.14
1326.59
1329.19
1330.93
1331.80
960.87
977.80
994.59
1011.22
1027.67
1043.91
1059.94
1075.72
1091.24
1106.48
1121.40
1136.00
1150.24
1164.10
1177.56
1190.60
1203.18
1215.28
1226.87
1237.93
1248.43
1258.34
1267.63
1276.27
1284.23
1291.49
1298.02
1303.80
1308.79
1312.99
1316.37
1318.92
1320.62
1321.47
954.63
971.42
988.06
1004.54
1020.84
1036.94
1052.81
1068.44
1083.80
1098.87
1113.64
1128.07
1142.14
1155.84
1169.13
1182.00
1194.41
1206.34
1217.77
1228.66
1239.00
1248.74
1257.87
1266.36
1274.19
1281.31
1287.72
1293.38
1298.28
1302.39
1305.70
1308.19
1309.86
1310.69
948.06
964.69
981.18
997.51
1013.65
1029.59
1045.31
1060.77
1075.97
1090.88
1105.48
1119.74
1133.65
1147.17
1160.29
1172.98
1185.22
1196.98
1208.24
1218.96
1229.13
1238.72
1247.69
1256.03
1263.71
1270.70
1276.99
1282.54
1287.34
1291.37
1294.61
1297.05
1298.68
1299.50
941.15
957.63
973.97
990.13
1006.12
1021.89
1037.44
1052.74
1067.77
1082.51
1096.94
1111.03
1124.76
1138.11
1151.06
1163.58
1175.64
1187.23
1198.31
1208.87
1218.87
1228.29
1237.11
1245.30
1252.84
1259.70
1265.86
1271.30
1276.00
1279.95
1283.12
1285.51
1287.11
1287.91
933.94
950.25
966.42
982.42
998.24
1013.85
1029.23
1044.36
1059.22
1073.78
1088.04
1101.95
1115.51
1128.68
1141.45
1153.79
1165.68
1177.09
1188.00
1198.39
1208.22
1217.49
1226.15
1234.19
1241.59
1248.32
1254.36
1259.70
1264.30
1268.17
1271.27
1273.61
1275.18
1275.96
926.41
942.56
958.56
974.39
990.04
1005.47
1020.68
1035.64
1050.32
1064.71
1078.78
1092.52
1105.90
1118.89
1131.48
1143.65
1155.36
1166.59
1177.33
1187.55
1197.22
1206.33
1214.84
1222.73
1229.99
1236.59
1242.52
1247.74
1252.26
1256.04
1259.08
1261.38
1262.91
1263.67
918.59
934.57
950.40
966.05
981.52
996.78
1011.81
1026.59
1041.09
1055.30
1069.20
1082.75
1095.95
1108.77
1121.18
1133.16
1144.70
1155.76
1166.33
1176.37
1185.88
1194.83
1203.19
1210.94
1218.06
1224.54
1230.34
1235.47
1239.89
1243.60
1246.58
1248.82
1250.32
1251.07
910.50
926.29
941.94
957.42
972.71
987.79
1002.64
1017.23
1031.56
1045.59
1059.30
1072.67
1085.69
1098.32
1110.55
1122.36
1133.71
1144.60
1155.00
1164.88
1174.23
1183.02
1191.22
1198.83
1205.82
1212.18
1217.87
1222.89
1227.22
1230.86
1233.77
1235.97
1237.44
1238.17
902.13
917.75
933.21
948.51
963.62
978.51
993.18
1007.59
1021.72
1035.57
1049.10
1062.29
1075.12
1087.57
1099.62
1111.25
1122.43
1133.14
1143.37
1153.09
1162.27
1170.91
1178.97
1186.44
1193.30
1199.53
1205.11
1210.03
1214.28
1217.84
1220.70
1222.85
1224.28
1225.00
893.51
908.94
924.22
939.33
954.25
968.96
983.44
997.66
1011.61
1025.27
1038.61
1051.62
1064.27
1076.54
1088.40
1099.85
1110.86
1121.40
1131.46
1141.01
1150.04
1158.52
1166.44
1173.77
1180.50
1186.62
1192.09
1196.92
1201.08
1204.56
1207.36
1209.47
1210.88
1211.58
884.65
899.89
914.98
929.90
944.63
959.15
973.44
987.47
1001.24
1014.70
1027.86
1040.68
1053.14
1065.23
1076.92
1088.19
1099.02
1109.40
1119.29
1128.68
1137.55
1145.88
1153.66
1160.86
1167.46
1173.46
1178.83
1183.56
1187.64
1191.05
1193.80
1195.86
1197.24
1197.93
875.56
890.61
905.50
920.23
934.77
949.09
963.19
977.04
990.61
1003.89
1016.86
1029.49
1041.77
1053.68
1065.19
1076.28
1086.94
1097.14
1106.87
1116.10
1124.82
1133.00
1140.64
1147.70
1154.19
1160.07
1165.34
1169.97
1173.97
1177.32
1180.01
1182.03
1183.38
1184.06
866.26
881.11
895.81
910.34
924.68
938.81
952.72
966.37
979.75
992.84
1005.62
1018.07
1030.17
1041.89
1053.22
1064.14
1074.62
1084.66
1094.22
1103.30
1111.86
1119.90
1127.40
1134.34
1140.70
1146.47
1151.64
1156.19
1160.11
1163.39
1166.03
1168.01
1169.33
1169.99
856.76
871.41
885.91
900.24
914.38
928.32
942.03
955.49
968.68
981.58
994.17
1006.43
1018.34
1029.88
1041.04
1051.78
1062.10
1071.96
1081.37
1090.29
1098.70
1106.60
1113.96
1120.77
1127.02
1132.68
1137.75
1142.21
1146.06
1149.28
1151.86
1153.80
1155.10
1155.75
847.08
861.52
875.82
889.95
903.89
917.63
931.14
944.41
957.41
970.12
982.52
994.59
1006.32
1017.68
1028.66
1039.23
1049.37
1059.08
1068.32
1077.09
1085.36
1093.12
1100.35
1107.03
1113.16
1118.72
1123.69
1128.07
1131.84
1134.99
1137.53
1139.43
1140.70
1141.34
837.22
851.46
865.55
879.48
893.23
906.77
920.08
933.15
945.95
958.47
970.68
982.57
994.11
1005.30
1016.10
1026.49
1036.47
1046.01
1055.10
1063.72
1071.84
1079.46
1086.56
1093.13
1099.14
1104.60
1109.48
1113.77
1117.47
1120.56
1123.05
1124.92
1126.16
1126.79
827.21
841.24
855.13
868.86
882.40
895.74
908.85
921.72
934.33
946.66
958.68
970.38
981.75
992.75
1003.37
1013.60
1023.41
1032.79
1041.73
1050.19
1058.18
1065.66
1072.63
1079.08
1084.99
1090.34
1095.13
1099.34
1102.97
1106.00
1108.44
1110.27
1111.49
1112.10
817.07
830.89
844.57
858.09
871.43
884.56
897.48
910.15
922.57
934.70
946.54
958.05
969.23
980.06
990.51
1000.57
1010.21
1019.44
1028.22
1036.53
1044.38
1051.73
1058.58
1064.91
1070.70
1075.96
1080.66
1084.79
1088.35
1091.33
1093.72
1095.52
1096.71
1097.31
806.81
820.42
833.88
847.20
860.33
873.26
885.98
898.45
910.67
922.61
934.26
945.59
956.59
967.24
977.52
987.41
996.89
1005.96
1014.59
1022.76
1030.47
1037.69
1044.41
1050.63
1056.32
1061.48
1066.09
1070.14
1073.64
1076.56
1078.90
1080.67
1081.84
1082.43
796.44
809.83
823.09
836.19
849.12
861.85
874.36
886.64
898.67
910.42
921.88
933.02
943.84
954.31
964.42
974.14
983.47
992.38
1000.86
1008.89
1016.46
1023.55
1030.16
1036.26
1041.85
1046.91
1051.44
1055.42
1058.84
1061.71
1064.01
1065.74
1066.89
1067.47
785.98
799.16
812.21
825.10
837.82
850.35
862.66
874.74
886.57
898.13
909.40
920.36
931.00
941.30
951.24
960.80
969.96
978.72
987.05
994.94
1002.38
1009.35
1015.83
1021.82
1027.31
1032.28
1036.72
1040.63
1043.99
1046.81
1049.06
1050.76
1051.89
1052.46
775.46
788.43
801.26
813.94
826.45
838.77
850.88
862.77
874.40
885.77
896.85
907.63
918.10
928.22
937.99
947.38
956.39
965.00
973.18
980.94
988.24
995.08
1001.45
1007.34
1012.72
1017.60
1021.96
1025.80
1029.10
1031.86
1034.08
1035.74
1036.85
1037.41
764.89
777.64
790.25
802.73
815.03
827.14
839.05
850.74
862.18
873.36
884.26
894.86
905.14
915.09
924.69
933.93
942.78
951.24
959.28
966.89
974.07
980.79
987.05
992.82
998.11
1002.90
1007.18
1010.95
1014.19
1016.90
1019.07
1020.70
1021.79
1022.34
754.28
766.81
779.22
791.48
803.57
815.48
827.19
838.68
849.93
860.92
871.63
882.05
892.16
901.94
911.37
920.45
929.15
937.45
945.36
952.84
959.89
966.49
972.63
978.30
983.49
988.20
992.40
996.09
999.27
1001.93
1004.07
1005.67
1006.74
1007.28
743.67
755.98
768.17
780.22
792.10
803.81
815.32
826.61
837.66
848.46
858.99
869.23
879.17
888.78
898.05
906.97
915.51
923.68
931.44
938.79
945.71
952.19
958.22
963.80
968.89
973.51
977.64
981.26
984.39
987.00
989.09
990.66
991.71
992.24
733.06
745.15
757.13
768.96
780.64
792.15
803.45
814.55
825.41
836.02
846.37
856.43
866.19
875.64
884.75
893.51
901.91
909.92
917.55
924.77
931.56
937.93
943.86
949.33
954.33
958.86
962.91
966.48
969.54
972.10
974.16
975.70
976.73
977.25
722.48
734.36
746.12
757.74
769.21
780.51
791.62
802.52
813.19
823.62
833.79
843.67
853.26
862.54
871.49
880.09
888.34
896.22
903.71
910.80
917.47
923.73
929.54
934.92
939.83
944.28
948.26
951.75
954.76
957.28
959.30
960.81
961.82
962.33
711.95
723.61
735.15
746.57
757.84
768.93
779.84
790.55
801.03
811.27
821.26
830.97
840.39
849.50
858.30
866.75
874.85
882.59
889.94
896.91
903.46
909.60
915.32
920.59
925.42
929.79
933.69
937.12
940.08
942.55
944.53
946.02
947.01
947.51
701.49
712.93
724.26
735.47
746.53
757.43
768.14
778.65
788.95
799.01
808.82
818.36
827.61
836.56
845.19
853.50
861.46
869.05
876.28
883.12
889.56
895.59
901.20
906.38
911.12
915.41
919.24
922.61
925.51
927.93
929.88
931.34
932.32
932.80
691.12
702.35
713.47
724.47
735.33
746.02
756.54
766.86
776.97
786.85
796.48
805.85
814.94
823.73
832.21
840.37
848.18
855.64
862.74
869.45
875.78
881.70
887.21
892.30
896.95
901.16
904.93
908.24
911.09
913.47
915.38
916.81
917.77
918.25
680.87
691.88
702.79
713.59
724.24
734.74
745.07
755.20
765.13
774.83
784.28
793.48
802.41
811.04
819.37
827.38
835.06
842.38
849.35
855.95
862.16
867.98
873.39
878.38
882.95
887.09
890.79
894.04
896.83
899.17
901.05
902.45
903.39
903.86
670.76
681.56
692.26
702.85
713.31
723.61
733.74
743.69
753.44
762.96
772.25
781.28
790.04
798.52
806.70
814.57
822.10
829.30
836.15
842.62
848.73
854.44
859.75
864.66
869.15
873.21
876.84
880.03
882.78
885.07
886.92
888.30
889.22
889.68
660.80
671.40
681.89
692.28
702.54
712.65
722.60
732.36
741.93
751.28
760.39
769.26
777.87
786.20
794.23
801.95
809.36
816.43
823.15
829.51
835.50
841.12
846.34
851.15
855.56
859.55
863.12
866.25
868.95
871.21
873.02
874.38
875.28
875.73
651.04
661.42
671.72
681.91
691.97
701.89
711.65
721.24
730.63
739.81
748.76
757.47
765.92
774.09
781.98
789.57
796.84
803.79
810.39
816.64
822.53
828.04
833.17
837.90
842.23
846.15
849.65
852.73
855.38
857.60
859.38
860.71
861.60
862.05
641.48
651.66
661.76
671.75
681.63
691.36
700.94
710.35
719.57
728.58
737.37
745.92
754.22
762.25
770.00
777.45
784.59
791.41
797.90
804.04
809.82
815.24
820.28
824.93
829.18
833.03
836.48
839.50
842.11
844.28
846.03
847.34
848.22
848.65
632.16
642.14
652.04
661.85
671.53
681.08
690.49
699.72
708.77
717.61
726.25
734.64
742.79
750.68
758.29
765.62
772.63
779.34
785.71
791.74
797.42
802.75
807.70
812.27
816.45
820.23
823.62
826.59
829.15
831.29
833.00
834.29
835.15
835.58
623.09
632.88
642.59
652.21
661.71
671.09
680.32
689.38
698.26
706.95
715.43
723.68
731.68
739.43
746.91
754.10
761.00
767.59
773.85
779.78
785.36
790.59
795.46
799.95
804.06
807.78
811.11
814.03
816.55
818.65
820.34
821.60
822.45
822.87
614.31
623.91
633.44
642.87
652.20
661.40
670.46
679.36
688.08
696.62
704.94
713.04
720.91
728.52
735.87
742.94
749.72
756.20
762.35
768.18
773.67
778.81
783.60
788.01
792.06
795.71
798.98
801.86
804.33
806.40
808.06
809.30
810.14
810.55
605.85
615.26
624.61
633.86
643.02
652.05
660.95
669.68
678.25
686.64
694.82
702.78
710.51
717.99
725.22
732.17
738.83
745.20
751.25
756.98
762.38
767.44
772.14
776.49
780.46
784.06
787.28
790.10
792.54
794.57
796.20
797.43
798.25
798.66
597.71
606.95
616.12
625.21
634.19
643.06
651.80
660.39
668.81
677.04
685.08
692.91
700.51
707.87
714.97
721.81
728.36
734.62
740.58
746.22
751.53
756.50
761.13
765.41
769.32
772.86
776.02
778.81
781.20
783.20
784.81
786.01
786.82
787.22
589.94
599.00
608.01
616.93
625.76
634.47
643.06
651.49
659.77
667.87
675.77
683.47
690.95
698.18
705.17
711.90
718.35
724.51
730.37
735.92
741.14
746.04
750.60
754.81
758.66
762.14
765.26
768.00
770.35
772.32
773.91
775.09
775.89
776.28
582.54
591.45
600.29
609.06
617.73
626.30
634.74
643.03
651.17
659.14
666.92
674.49
681.85
688.97
695.85
702.47
708.82
714.88
720.65
726.12
731.26
736.09
740.57
744.72
748.51
751.94
755.01
757.71
760.03
761.97
763.53
764.70
765.48
765.87
575.56
584.31
593.00
601.62
610.15
618.57
626.87
635.04
643.05
650.89
658.54
666.00
673.24
680.25
687.03
693.55
699.80
705.78
711.46
716.85
721.92
726.67
731.09
735.18
738.92
742.30
745.32
747.98
750.27
752.19
753.72
754.88
755.64
756.03
569.01
577.61
586.16
594.64
603.03
611.32
619.49
627.53
635.42
643.14
650.68
658.02
665.16
672.07
678.75
685.17
691.34
697.23
702.83
708.14
713.14
717.83
722.19
726.22
729.90
733.24
736.23
738.85
741.11
742.99
744.51
745.65
746.41
746.78
562.92
571.38
579.79
588.14
596.41
604.57
612.62
620.54
628.31
635.92
643.35
650.60
657.63
664.45
671.03
677.37
683.45
689.26
694.79
700.03
704.97
709.59
713.90
717.87
721.51
724.80
727.75
730.34
732.57
734.43
735.92
737.05
737.80
738.17
557.30
565.63
573.92
582.15
590.29
598.34
606.28
614.09
621.76
629.26
636.60
643.74
650.69
657.42
663.91
670.17
676.18
681.91
687.37
692.55
697.42
701.99
706.24
710.17
713.76
717.02
719.93
722.48
724.69
726.53
728.00
729.11
729.85
730.22
556.43
564.77
573.07
581.30
589.46
597.51
605.46
613.28
620.96
628.48
635.82
642.98
649.94
656.68
663.19
669.46
675.47
681.22
686.70
691.88
696.77
701.34
705.61
709.54
713.14
716.41
719.32
721.89
724.09
725.94
727.42
728.53
729.27
729.65
562.07
570.54
578.96
587.32
595.59
603.77
611.83
619.76
627.54
635.16
642.61
649.86
656.91
663.74
670.34
676.69
682.79
688.61
694.15
699.40
704.35
708.98
713.30
717.28
720.93
724.23
727.18
729.78
732.01
733.88
735.38
736.51
737.26
737.63
568.18
576.79
585.35
593.84
602.24
610.54
618.73
626.78
634.68
642.41
649.97
657.32
664.47
671.40
678.09
684.53
690.71
696.61
702.23
707.55
712.56
717.26
721.63
725.67
729.37
732.71
735.70
738.33
740.60
742.49
744.01
745.15
745.91
746.29
574.76
583.52
592.22
600.85
609.39
617.83
626.14
634.32
642.34
650.19
657.86
665.33
672.59
679.62
686.41
692.95
699.21
705.20
710.90
716.30
721.38
726.15
730.58
734.68
738.42
741.82
744.85
747.52
749.81
751.73
753.27
754.43
755.20
755.58
581.76
590.68
599.54
608.32
617.00
625.58
634.04
642.35
650.50
658.48
666.28
673.87
681.24
688.38
695.27
701.91
708.27
714.35
720.13
725.61
730.77
735.61
740.11
744.26
748.07
751.51
754.59
757.29
759.62
761.57
763.13
764.30
765.09
765.48
589.18
598.26
607.28
616.22
625.06
633.79
642.39
650.84
659.13
667.25
675.17
682.89
690.38
697.63
704.64
711.38
717.84
724.02
729.90
735.46
740.70
745.61
750.18
754.40
758.26
761.76
764.88
767.63
769.99
771.97
773.55
774.75
775.54
775.94
596.98
606.24
615.42
624.52
633.53
642.41
651.17
659.77
668.21
676.46
684.52
692.37
699.99
707.36
714.48
721.34
727.91
734.18
740.16
745.81
751.14
756.12
760.77
765.05
768.98
772.53
775.70
778.49
780.89
782.90
784.51
785.72
786.53
786.93
605.15
614.58
623.94
633.21
642.39
651.44
660.35
669.11
677.70
686.10
694.30
702.28
710.03
717.53
724.77
731.74
738.42
744.81
750.88
756.63
762.04
767.11
771.83
776.19
780.17
783.78
787.01
789.84
792.29
794.33
795.96
797.19
798.01
798.42
613.65
623.26
632.81
642.26
651.60
660.82
669.90
678.82
687.56
696.12
704.46
712.59
720.47
728.11
735.48
742.57
749.36
755.86
762.03
767.88
773.38
778.54
783.34
787.77
791.82
795.49
798.77
801.65
804.14
806.21
807.87
809.12
809.96
810.38
622.45
632.26
641.99
651.63
661.15
670.55
679.80
688.88
697.79
706.50
714.99
723.26
731.29
739.06
746.56
753.78
760.69
767.30
773.58
779.53
785.13
790.37
795.26
799.76
803.88
807.62
810.95
813.89
816.41
818.52
820.21
821.48
822.33
822.76
631.55
641.55
651.48
661.30
671.01
680.58
690.01
699.26
708.33
717.20
725.86
734.28
742.45
750.36
758.00
765.34
772.38
779.10
785.49
791.54
797.25
802.58
807.55
812.13
816.33
820.13
823.52
826.50
829.07
831.22
832.94
834.23
835.10
835.53
640.90
651.11
661.23
671.24
681.14
690.90
700.50
709.93
719.17
728.21
737.02
745.60
753.92
761.98
769.75
777.22
784.39
791.23
797.74
803.90
809.70
815.13
820.19
824.85
829.12
832.99
836.44
839.48
842.09
844.27
846.03
847.34
848.22
848.66
650.49
660.90
671.22
681.43
691.52
701.47
711.26
720.87
730.28
739.48
748.46
757.20
765.67
773.87
781.79
789.40
796.69
803.66
810.28
816.55
822.46
827.99
833.14
837.89
842.23
846.17
849.68
852.77
855.43
857.65
859.44
860.78
861.67
862.12
660.29
670.91
681.43
691.85
702.13
712.27
722.24
732.03
741.62
751.00
760.14
769.04
777.67
786.02
794.08
801.83
809.26
816.35
823.10
829.48
835.50
841.13
846.36
851.20
855.62
859.63
863.21
866.35
869.06
871.32
873.14
874.50
875.41
875.87
670.28
681.10
691.84
702.45
712.93
723.27
733.43
743.41
753.18
762.73
772.04
781.10
789.90
798.40
806.61
814.50
822.06
829.29
836.15
842.65
848.78
854.51
859.84
864.76
869.27
873.35
876.99
880.19
882.95
885.26
887.10
888.49
889.42
889.88
680.43
691.47
702.41
713.23
723.91
734.44
744.79
754.96
764.91
774.64
784.13
793.36
802.31
810.97
819.33
827.37
835.07
842.42
849.42
856.04
862.27
868.11
873.54
878.55
883.14
887.29
891.00
894.26
897.07
899.42
901.30
902.71
903.66
904.13
690.71
701.97
713.12
724.15
735.03
745.76
756.31
766.67
776.81
786.72
796.38
805.78
814.89
823.71
832.22
840.41
848.25
855.74
862.86
869.60
875.95
881.89
887.42
892.53
897.20
901.43
905.21
908.53
911.39
913.78
915.69
917.14
918.10
918.58
701.11
712.59
723.95
735.19
746.28
757.21
767.95
778.50
788.83
798.92
808.76
818.33
827.61
836.60
845.26
853.59
861.58
869.21
876.46
883.32
889.78
895.84
901.47
906.67
911.43
915.73
919.58
922.97
925.88
928.31
930.26
931.73
932.71
933.20
711.61
723.30
734.88
746.32
757.62
768.75
779.70
790.44
800.96
811.23
821.25
830.99
840.45
849.59
858.42
866.90
875.03
882.80
890.18
897.17
903.75
909.92
915.65
920.95
925.79
930.18
934.10
937.54
940.51
942.99
944.98
946.47
947.47
947.97
722.17
734.08
745.88
757.54
769.04
780.38
791.52
802.46
813.16
823.63
833.83
843.75
853.37
862.68
871.66
880.30
888.58
896.49
904.00
911.12
917.82
924.10
929.94
935.33
940.27
944.74
948.73
952.24
955.26
957.79
959.81
961.34
962.35
962.86
732.79
744.91
756.92
768.80
780.51
792.05
803.40
814.53
825.43
836.08
846.46
856.56
866.35
875.83
884.98
893.77
902.20
910.25
917.90
925.15
931.97
938.37
944.31
949.81
954.83
959.38
963.45
967.03
970.10
972.68
974.74
976.29
977.33
977.85
743.43
755.78
768.00
780.09
792.01
803.76
815.30
826.63
837.72
848.56
859.13
869.41
879.38
889.02
898.33
907.28
915.86
924.06
931.85
939.23
946.18
952.69
958.75
964.34
969.46
974.09
978.24
981.88
985.02
987.64
989.74
991.32
992.38
992.90
754.08
766.65
779.09
791.39
803.52
815.47
827.22
838.75
850.03
861.06
871.81
882.27
892.42
902.24
911.71
920.82
929.55
937.89
945.83
953.34
960.41
967.04
973.21
978.91
984.12
988.85
993.07
996.78
999.97
1002.64
1004.79
1006.40
1007.47
1008.01
764.72
777.50
790.16
802.67
815.02
827.17
839.12
850.85
862.33
873.55
884.49
895.13
905.45
915.44
925.08
934.35
943.24
951.73
959.81
967.45
974.66
981.41
987.69
993.49
998.81
1003.62
1007.92
1011.70
1014.95
1017.67
1019.86
1021.50
1022.59
1023.14
775.32
788.33
801.20
813.92
826.48
838.84
850.99
862.92
874.60
886.01
897.13
907.96
918.46
928.62
938.43
947.86
956.91
965.55
973.77
981.56
988.89
995.76
1002.16
1008.07
1013.48
1018.38
1022.76
1026.62
1029.93
1032.71
1034.93
1036.60
1037.72
1038.28
785.88
799.10
812.19
825.12
837.89
850.46
862.81
874.94
886.81
898.41
909.73
920.73
931.42
941.75
951.73
961.33
970.53
979.33
987.69
995.62
1003.09
1010.09
1016.60
1022.62
1028.13
1033.12
1037.59
1041.51
1044.89
1047.72
1049.99
1051.69
1052.83
1053.40
796.36
809.80
823.11
836.25
849.22
862.00
874.56
886.88
898.95
910.75
922.25
933.44
944.30
954.82
964.97
974.73
984.10
993.04
1001.56
1009.63
1017.23
1024.36
1030.99
1037.12
1042.74
1047.82
1052.37
1056.37
1059.81
1062.69
1065.01
1066.74
1067.90
1068.48
806.77
820.42
833.93
847.29
860.47
873.45
886.21
898.73
911.00
922.99
934.68
946.06
957.10
967.79
978.11
988.05
997.57
1006.68
1015.35
1023.56
1031.30
1038.55
1045.31
1051.55
1057.27
1062.45
1067.09
1071.16
1074.67
1077.61
1079.97
1081.74
1082.92
1083.51
817.06
830.93
844.65
858.22
871.61
884.79
897.75
910.48
922.94
935.12
947.00
958.57
969.79
980.66
991.16
1001.26
1010.95
1020.21
1029.03
1037.39
1045.27
1052.66
1059.54
1065.90
1071.72
1077.00
1081.72
1085.88
1089.46
1092.45
1094.85
1096.66
1097.86
1098.47
827.24
841.31
855.25
869.02
882.62
896.00
909.17
922.09
934.75
947.12
959.20
970.95
982.36
993.40
1004.07
1014.35
1024.20
1033.63
1042.60
1051.11
1059.13
1066.65
1073.66
1080.14
1086.07
1091.45
1096.26
1100.50
1104.14
1107.20
1109.65
1111.49
1112.72
1113.33
837.27
851.56
865.71
879.68
893.48
907.07
920.43
933.55
946.41
958.98
971.24
983.18
994.77
1006.00
1016.85
1027.29
1037.32
1046.90
1056.03
1064.69
1072.86
1080.51
1087.65
1094.25
1100.30
1105.78
1110.68
1115.00
1118.72
1121.83
1124.33
1126.20
1127.46
1128.08
847.16
861.65
876.00
890.18
904.18
917.97
931.54
944.85
957.90
970.67
983.12
995.25
1007.02
1018.44
1029.46
1040.08
1050.27
1060.02
1069.31
1078.12
1086.43
1094.23
1101.50
1108.22
1114.38
1119.97
1124.97
1129.37
1133.16
1136.33
1138.88
1140.79
1142.07
1142.71
856.87
871.57
886.12
900.51
914.71
928.70
942.46
955.97
969.22
982.17
994.82
1007.13
1019.09
1030.69
1041.89
1052.69
1063.05
1072.97
1082.42
1091.38
1099.84
1107.78
1115.18
1122.03
1128.31
1134.00
1139.10
1143.58
1147.45
1150.69
1153.29
1155.24
1156.54
1157.20
866.40
881.30
896.06
910.64
925.04
939.23
953.18
966.89
980.33
993.48
1006.31
1018.81
1030.96
1042.74
1054.12
1065.09
1075.63
1085.72
1095.33
1104.45
1113.06
1121.14
1128.68
1135.66
1142.06
1147.86
1153.06
1157.63
1161.58
1164.88
1167.53
1169.52
1170.85
1171.52
875.73
890.83
905.78
920.56
935.16
949.54
963.70
977.60
991.23
1004.57
1017.59
1030.28
1042.62
1054.58
1066.14
1077.29
1088.00
1098.26
1108.03
1117.31
1126.08
1134.31
1141.99
1149.09
1155.61
1161.53
1166.83
1171.49
1175.52
1178.89
1181.59
1183.63
1184.99
1185.67
884.85
900.14
915.29
930.26
945.05
959.63
973.98
988.07
1001.89
1015.42
1028.63
1041.51
1054.04
1066.18
1077.93
1089.25
1100.14
1110.57
1120.51
1129.95
1138.87
1147.25
1155.07
1162.31
1168.96
1174.99
1180.39
1185.15
1189.26
1192.70
1195.46
1197.54
1198.92
1199.62
893.74
909.22
924.56
939.73
954.71
969.47
984.01
998.30
1012.31
1026.03
1039.43
1052.49
1065.20
1077.53
1089.46
1100.97
1112.03
1122.63
1132.74
1142.35
1151.43
1159.96
1167.92
1175.30
1182.07
1188.22
1193.73
1198.59
1202.78
1206.29
1209.11
1211.23
1212.65
1213.36
902.38
918.06
933.58
948.94
964.10
979.06
993.78
1008.26
1022.46
1036.36
1049.95
1063.21
1076.10
1088.61
1100.72
1112.41
1123.65
1134.43
1144.71
1154.48
1163.72
1172.41
1180.52
1188.04
1194.94
1201.21
1206.83
1211.79
1216.07
1219.65
1222.53
1224.69
1226.14
1226.86
910.77
926.63
942.34
957.88
973.23
988.37
1003.28
1017.94
1032.33
1046.42
1060.19
1073.63
1086.71
1099.41
1111.70
1123.57
1134.99
1145.94
1156.40
1166.34
1175.74
1184.58
1192.85
1200.51
1207.54
1213.94
1219.67
1224.73
1229.09
1232.75
1235.69
1237.91
1239.38
1240.12
918.90
934.93
950.82
966.54
982.07
997.39
1012.49
1027.33
1041.90
1056.17
1070.13
1083.76
1097.02
1109.90
1122.38
1134.43
1146.03
1157.15
1167.78
1177.89
1187.46
1196.46
1204.88
1212.68
1219.86
1226.38
1232.23
1237.39
1241.85
1245.58
1248.59
1250.85
1252.36
1253.11
926.74
942.94
959.01
974.90
990.61
1006.11
1021.39
1036.41
1051.16
1065.62
1079.76
1093.56
1107.01
1120.07
1132.73
1144.96
1156.74
1168.04
1178.85
1189.13
1198.87
1208.03
1216.60
1224.55
1231.87
1238.52
1244.49
1249.76
1254.31
1258.12
1261.19
1263.50
1265.04
1265.81
934.28
950.66
966.89
982.96
998.84
1014.52
1029.97
1045.16
1060.09
1074.73
1089.05
1103.03
1116.66
1129.90
1142.74
1155.15
1167.11
1178.60
1189.58
1200.03
1209.93
1219.26
1227.99
1236.09
1243.55
1250.33
1256.42
1261.80
1266.45
1270.34
1273.48
1275.84
1277.42
1278.21
941.52
958.06
974.46
990.70
1006.75
1022.59
1038.21
1053.58
1068.68
1083.49
1097.99
1112.15
1125.96
1139.38
1152.40
1164.99
1177.13
1188.79
1199.94
1210.57
1220.65
1230.14
1239.02
1247.28
1254.88
1261.80
1268.01
1273.50
1278.24
1282.23
1285.43
1287.84
1289.46
1290.26
948.45
965.14
981.70
998.10
1014.31
1030.32
1046.10
1061.64
1076.91
1091.89
1106.56
1120.90
1134.88
1148.48
1161.68
1174.45
1186.76
1198.60
1209.93
1220.73
1230.98
1240.64
1249.68
1258.09
1265.84
1272.89
1279.23
1284.83
1289.68
1293.75
1297.02
1299.49
1301.13
1301.96
955.04
971.89
988.60
1005.15
1021.52
1037.69
1053.63
1069.33
1084.77
1099.92
1114.76
1129.26
1143.42
1157.19
1170.56
1183.51
1196.00
1208.01
1219.52
1230.49
1240.91
1250.73
1259.94
1268.50
1276.40
1283.59
1290.06
1295.77
1300.72
1304.88
1308.22
1310.74
1312.43
1313.27
961.29
978.29
995.15
1011.85
1028.37
1044.69
1060.79
1076.65
1092.24
1107.55
1122.55
1137.23
1151.55
1165.49
1179.04
1192.16
1204.82
1217.01
1228.69
1239.83
1250.41
1260.41
1269.77
1278.49
1286.53
1293.86
1300.46
1306.29
1311.34
1315.59
1319.01
1321.58
1323.30
1324.16
967.20
984.33
1001.33
1018.17
1034.84
1051.30
1067.55
1083.56
1099.31
1114.78
1129.94
1144.77
1159.26
1173.37
1187.08
1200.37
1213.20
1225.56
1237.41
1248.72
1259.47
1269.63
1279.16
1288.03
1296.22
1303.69
1310.41
1316.37
1321.52
1325.85
1329.34
1331.98
1333.74
1334.62
972.74
990.01
1007.14
1024.12
1040.92
1057.52
1073.91
1090.07
1105.96
1121.58
1136.89
1151.88
1166.53
1180.80
1194.67
1208.12
1221.12
1233.64
1245.66
1257.14
1268.06
1278.38
1288.06
1297.09
1305.43
1313.03
1319.89
1325.96
1331.22
1335.64
1339.20
1341.89
1343.69
1344.59
977.92
995.31
1012.56
1029.67
1046.60
1063.33
1079.86
1096.15
1112.19
1127.94
1143.40
1158.54
1173.34
1187.76
1201.79
1215.40
1228.56
1241.25
1253.43
1265.07
1276.15
1286.62
1296.47
1305.65
1314.12
1321.87
1328.85
1335.04
1340.40
1344.91
1348.55
1351.29
1353.13
1354.05
982.71
1000.22
1017.59
1034.81
1051.87
1068.73
1085.38
1101.80
1117.97
1133.86
1149.46
1164.74
1179.68
1194.25
1208.43
1222.19
1235.50
1248.34
1260.68
1272.48
1283.71
1294.34
1304.34
1313.66
1322.28
1330.17
1337.27
1343.57
1349.04
1353.64
1357.35
1360.15
1362.02
1362.96
987.12
1004.73
1022.21
1039.55
1056.71
1073.69
1090.46
1107.00
1123.29
1139.31
1155.04
1170.45
1185.53
1200.23
1214.56
1228.46
1241.92
1254.91
1267.40
1279.35
1290.73
1301.51
1311.65
1321.12
1329.88
1337.89
1345.12
1351.53
1357.09
1361.78
1365.56
1368.41
1370.32
1371.28
991.13
1008.84
1026.43
1043.86
1061.13
1078.21
1095.09
1111.74
1128.15
1144.29
1160.14
1175.67
1190.87
1205.71
1220.16
1234.20
1247.80
1260.93
1273.56
1285.65
1297.17
1308.09
1318.38
1327.98
1336.87
1345.00
1352.35
1358.87
1364.53
1369.29
1373.14
1376.05
1378.00
1378.97
994.75
1012.54
1030.22
1047.74
1065.11
1082.29
1099.27
1116.02
1132.53
1148.78
1164.73
1180.38
1195.70
1210.66
1225.23
1239.40
1253.12
1266.38
1279.14
1291.36
1303.02
1314.07
1324.48
1334.21
1343.23
1351.48
1358.94
1365.56
1371.31
1376.15
1380.07
1383.02
1385.00
1385.99
997.95
1015.83
1033.58
1051.19
1068.64
1085.91
1102.97
1119.82
1136.42
1152.76
1168.82
1184.57
1199.99
1215.06
1229.74
1244.02
1257.86
1271.24
1284.12
1296.46
1308.24
1319.42
1329.95
1339.80
1348.92
1357.29
1364.84
1371.56
1377.39
1382.31
1386.29
1389.29
1391.30
1392.31
1000.74
1018.68
1036.51
1054.19
1071.71
1089.06
1106.20
1123.13
1139.81
1156.24
1172.39
1188.23
1203.74
1218.90
1233.69
1248.07
1262.01
1275.49
1288.48
1300.93
1312.82
1324.10
1334.74
1344.70
1353.93
1362.39
1370.04
1376.84
1382.76
1387.74
1391.77
1394.82
1396.86
1397.88
1003.10
1021.11
1038.99
1056.74
1074.33
1091.73
1108.95
1125.94
1142.70
1159.20
1175.42
1191.34
1206.93
1222.18
1237.05
1251.51
1265.55
1279.12
1292.20
1304.75
1316.73
1328.11
1338.85
1348.90
1358.22
1366.77
1374.50
1381.38
1387.36
1392.40
1396.48
1399.56
1401.63
1402.66
1005.05
1023.10
1041.04
1058.83
1076.47
1093.93
1111.20
1128.25
1145.07
1161.63
1177.91
1193.90
1209.56
1224.87
1239.81
1254.35
1268.46
1282.11
1295.27
1307.90
1319.96
1331.42
1342.24
1352.36
1361.76
1370.38
1378.19
1385.13
1391.16
1396.26
1400.38
1403.50
1405.59
1406.63
1006.56
1024.66
1042.63
1060.46
1078.14
1095.65
1112.96
1130.06
1146.92
1163.53
1179.86
1195.90
1211.61
1226.98
1241.97
1256.57
1270.74
1284.45
1297.67
1310.36
1322.49
1334.01
1344.89
1355.08
1364.54
1373.22
1381.08
1388.07
1394.16
1399.29
1403.45
1406.59
1408.69
1409.75
1007.65
1025.77
1043.77
1061.63
1079.34
1096.88
1114.22
1131.35
1148.24
1164.89
1181.26
1197.33
1213.08
1228.49
1243.52
1258.16
1272.38
1286.13
1299.39
1312.13
1324.31
1335.88
1346.80
1357.04
1366.54
1375.26
1383.16
1390.19
1396.31
1401.48
1405.65
1408.81
1410.93
1411.99
1008.30
1026.43
1044.45
1062.33
1080.06
1097.62
1114.98
1132.12
1149.04
1165.70
1182.09
1198.19
1213.96
1229.39
1244.46
1259.12
1273.36
1287.14
1300.43
1313.20
1325.40
1337.00
1347.95
1358.21
1367.74
1376.49
1384.42
1391.47
1397.61
1402.79
1406.98
1410.16
1412.28
1413.35
1008.51
1026.66
1044.68
1062.57
1080.30
1097.86
1115.23
1132.38
1149.31
1165.98
1182.37
1198.47
1214.26
1229.70
1244.77
1259.44
1273.69
1287.48
1300.78
1313.55
1325.76
1337.37
1348.33
1358.60
1368.14
1376.90
1384.83
1391.89
1398.04
1403.23
1407.43
1410.60
1412.73
1413.80
1008.30
1026.43
1044.45
1062.33
1080.06
1097.61
1114.97
1132.12
1149.04
1165.70
1182.09
1198.19
1213.96
1229.39
1244.45
1259.12
1273.36
1287.14
1300.43
1313.19
1325.40
1336.99
1347.95
1358.21
1367.74
1376.49
1384.41
1391.47
1397.60
1402.79
1406.98
1410.15
1412.28
1413.34
1007.64
1025.76
1043.77
1061.63
1079.34
1096.87
1114.22
1131.34
1148.24
1164.88
1181.25
1197.32
1213.07
1228.48
1243.52
1258.16
1272.37
1286.13
1299.39
1312.13
1324.30
1335.87
1346.79
1357.03
1366.53
1375.26
1383.16
1390.19
1396.30
1401.47
1405.65
1408.81
1410.93
1411.99
1006.56
1024.65
1042.62
1060.46
1078.14
1095.64
1112.95
1130.05
1146.91
1163.52
1179.85
1195.89
1211.60
1226.97
1241.97
1256.57
1270.73
1284.45
1297.66
1310.36
1322.48
1334.01
1344.88
1355.07
1364.53
1373.21
1381.07
1388.06
1394.15
1399.28
1403.44
1406.58
1408.68
1409.74
1005.04
1023.10
1041.03
1058.83
1076.46
1093.93
1111.19
1128.25
1145.06
1161.62
1177.91
1193.89
1209.55
1224.86
1239.80
1254.34
1268.45
1282.10
1295.26
1307.89
1319.95
1331.41
1342.23
1352.35
1361.75
1370.37
1378.17
1385.11
1391.15
1396.25
1400.37
1403.48
1405.57
1406.62
1003.10
1021.10
1038.99
1056.73
1074.32
1091.73
1108.94
1125.93
1142.69
1159.19
1175.41
1191.33
1206.92
1222.17
1237.04
1251.50
1265.54
1279.11
1292.19
1304.74
1316.72
1328.10
1338.83
1348.88
1358.20
1366.75
1374.48
1381.36
1387.34
1392.39
1396.46
1399.55
1401.61
1402.65
1000.73
1018.67
1036.50
1054.18
1071.70
1089.05
1106.19
1123.12
1139.80
1156.23
1172.37
1188.21
1203.73
1218.89
1233.67
1248.05
1262.00
1275.48
1288.46
1300.92
1312.81
1324.09
1334.73
1344.68
1353.91
1362.37
1370.02
1376.83
1382.74
1387.72
1391.75
1394.80
1396.84
1397.86
997.94
1015.81
1033.57
1051.18
1068.63
1085.89
1102.96
1119.80
1136.41
1152.75
1168.81
1184.56
1199.98
1215.04
1229.73
1244.01
1257.85
1271.22
1284.10
1296.45
1308.22
1319.40
1329.93
1339.78
1348.90
1357.27
1364.82
1371.54
1377.37
1382.29
1386.27
1389.27
1391.28
1392.29
994.73
1012.53
1030.20
1047.73
1065.10
1082.28
1099.25
1116.01
1132.52
1148.76
1164.72
1180.37
1195.68
1210.64
1225.21
1239.38
1253.10
1266.36
1279.12
1291.34
1303.00
1314.05
1324.46
1334.19
1343.20
1351.46
1358.91
1365.53
1371.28
1376.13
1380.04
1383.00
1384.98
1385.97
991.12
1008.83
1026.41
1043.85
1061.12
1078.20
1095.08
1111.73
1128.13
1144.27
1160.12
1175.65
1190.85
1205.69
1220.14
1234.18
1247.78
1260.91
1273.54
1285.63
1297.15
1308.07
1318.35
1327.95
1336.84
1344.98
1352.32
1358.84
1364.50
1369.27
1373.12
1376.02
1377.97
1378.94
987.11
1004.72
1022.20
1039.53
1056.70
1073.67
1090.44
1106.98
1123.27
1139.29
1155.02
1170.43
1185.50
1200.21
1214.53
1228.44
1241.90
1254.89
1267.37
1279.32
1290.70
1301.48
1311.62
1321.09
1329.85
1337.86
1345.09
1351.50
1357.06
1361.75
1365.53
1368.38
1370.29
1371.25
982.70
1000.20
1017.57
1034.80
1051.85
1068.71
1085.36
1101.78
1117.95
1133.84
1149.44
1164.72
1179.65
1194.22
1208.40
1222.16
1235.48
1248.32
1260.65
1272.45
1283.69
1294.32
1304.31
1313.64
1322.25
1330.13
1337.24
1343.54
1349.00
1353.60
1357.31
1360.11
1361.99
1362.92
977.90
995.29
1012.54
1029.65
1046.58
1063.31
1079.84
1096.13
1112.16
1127.92
1143.38
1158.52
1173.31
1187.74
1201.77
1215.37
1228.53
1241.22
1253.40
1265.04
1276.12
1286.59
1296.44
1305.61
1314.09
1321.84
1328.82
1335.00
1340.37
1344.88
1348.51
1351.26
1353.09
1354.01
972.72
989.99
1007.12
1024.09
1040.90
1057.50
1073.89
1090.04
1105.94
1121.55
1136.87
1151.86
1166.50
1180.77
1194.64
1208.09
1221.09
1233.62
1245.63
1257.11
1268.03
1278.34
1288.03
1297.06
1305.39
1313.00
1319.85
1325.92
1331.18
1335.60
1339.17
1341.85
1343.65
1344.55
967.18
984.31
1001.31
1018.15
1034.81
1051.28
1067.53
1083.54
1099.28
1114.75
1129.91
1144.74
1159.23
1173.34
1187.05
1200.33
1213.17
1225.53
1237.38
1248.69
1259.44
1269.59
1279.12
1288.00
1296.18
1303.65
1310.38
1316.33
1321.48
1325.81
1329.30
1331.94
1333.70
1334.58
961.27
978.27
995.13
1011.82
1028.34
1044.66
1060.76
1076.62
1092.21
1107.52
1122.53
1137.20
1151.52
1165.46
1179.01
1192.12
1204.79
1216.97
1228.65
1239.80
1250.38
1260.37
1269.74
1278.46
1286.49
1293.82
1300.42
1306.26
1311.30
1315.55
1318.96
1321.54
1323.26
1324.12
955.02
971.87
988.58
1005.13
1021.50
1037.66
1053.61
1069.31
1084.74
1099.89
1114.73
1129.23
1143.39
1157.16
1170.53
1183.48
1195.97
1207.98
1219.48
1230.46
1240.87
1250.69
1259.90
1268.47
1276.36
1283.55
1290.01
1295.73
1300.68
1304.83
1308.18
1310.70
1312.38
1313.23
948.42
965.12
981.68
998.07
1014.28
1030.29
1046.07
1061.61
1076.88
1091.86
1106.53
1120.87
1134.85
1148.45
1161.64
1174.41
1186.73
1198.56
1209.90
1220.70
1230.94
1240.60
1249.64
1258.05
1265.79
1272.85
1279.19
1284.79
1289.63
1293.70
1296.98
1299.44
1301.09
1301.91
941.50
958.04
974.44
990.67
1006.72
1022.56
1038.18
1053.55
1068.65
1083.46
1097.95
1112.12
1125.92
1139.34
1152.36
1164.95
1177.09
1188.75
1199.91
1210.53
1220.60
1230.10
1238.98
1247.24
1254.83
1261.75
1267.97
1273.46
1278.20
1282.18
1285.38
1287.80
1289.41
1290.21
934.25
950.63
966.86
982.93
998.81
1014.49
1029.93
1045.13
1060.06
1074.69
1089.01
1103.00
1116.62
1129.87
1142.71
1155.12
1167.07
1178.56
1189.54
1199.99
1209.89
1219.22
1227.95
1236.05
1243.50
1250.29
1256.38
1261.75
1266.40
1270.30
1273.43
1275.79
1277.37
1278.16
926.71
942.92
958.98
974.87
990.58
1006.08
1021.35
1036.38
1051.12
1065.58
1079.72
1093.53
1106.97
1120.03
1132.69
1144.92
1156.70
1168.00
1178.81
1189.09
1198.82
1207.99
1216.56
1224.51
1231.82
1238.47
1244.44
1249.71
1254.26
1258.07
1261.14
1263.45
1264.99
1265.77
918.87
934.90
950.79
966.51
982.04
997.36
1012.45
1027.29
1041.86
1056.14
1070.10
1083.72
1096.98
1109.86
1122.34
1134.38
1145.98
1157.11
1167.74
1177.85
1187.42
1196.42
1204.83
1212.64
1219.81
1226.33
1232.18
1237.34
1241.80
1245.53
1248.54
1250.80
1252.31
1253.06
910.74
926.60
942.31
957.85
973.20
988.34
1003.25
1017.90
1032.29
1046.38
1060.16
1073.59
1086.67
1099.37
1111.66
1123.53
1134.95
1145.90
1156.35
1166.29
1175.69
1184.54
1192.80
1200.46
1207.49
1213.89
1219.62
1224.68
1229.04
1232.70
1235.64
1237.85
1239.33
1240.07
902.35
918.02
933.55
948.90
964.07
979.02
993.75
1008.22
1022.42
1036.32
1049.91
1063.16
1076.06
1088.57
1100.68
1112.37
1123.61
1134.38
1144.66
1154.44
1163.67
1172.36
1180.47
1187.99
1194.89
1201.16
1206.78
1211.74
1216.01
1219.60
1222.47
1224.64
1226.09
1226.81
893.70
909.19
924.52
939.69
954.67
969.44
983.97
998.26
1012.27
1025.99
1039.39
1052.45
1065.16
1077.49
1089.41
1100.92
1111.98
1122.58
1132.69
1142.30
1151.38
1159.91
1167.87
1175.25
1182.02
1188.17
1193.68
1198.54
1202.73
1206.24
1209.06
1211.18
1212.59
1213.30
884.82
900.11
915.25
930.23
945.02
959.59
973.94
988.03
1001.85
1015.38
1028.59
1041.47
1053.99
1066.13
1077.88
1089.21
1100.09
1110.52
1120.46
1129.90
1138.82
1147.20
1155.02
1162.26
1168.90
1174.94
1180.34
1185.10
1189.20
1192.64
1195.40
1197.48
1198.87
1199.56
875.70
890.80
905.75
920.53
935.12
949.50
963.66
977.56
991.19
1004.52
1017.55
1030.24
1042.57
1054.53
1066.09
1077.24
1087.95
1098.21
1107.98
1117.26
1126.03
1134.26
1141.93
1149.04
1155.56
1161.47
1166.77
1171.44
1175.46
1178.83
1181.54
1183.57
1184.93
1185.61
866.37
881.27
896.02
910.60
925.00
939.19
953.14
966.85
980.29
993.43
1006.27
1018.77
1030.92
1042.69
1054.08
1065.05
1075.58
1085.67
1095.28
1104.40
1113.01
1121.09
1128.63
1135.60
1142.00
1147.80
1153.00
1157.57
1161.52
1164.82
1167.47
1169.47
1170.80
1171.46
856.84
871.53
886.09
900.47
914.67
928.66
942.42
955.93
969.17
982.13
994.77
1007.08
1019.05
1030.64
1041.84
1052.64
1063.00
1072.92
1082.36
1091.33
1099.79
1107.72
1115.13
1121.97
1128.25
1133.94
1139.04
1143.53
1147.39
1150.63
1153.23
1155.18
1156.49
1157.14
847.12
861.61
875.96
890.14
904.14
917.93
931.50
944.81
957.86
970.62
983.07
995.20
1006.98
1018.39
1029.41
1040.03
1050.22
1059.97
1069.26
1078.07
1086.38
1094.17
1101.44
1108.16
1114.32
1119.91
1124.91
1129.31
1133.10
1136.27
1138.82
1140.74
1142.01
1142.65
837.24
851.52
865.66
879.64
893.44
907.03
920.39
933.51
946.36
958.93
971.19
983.13
994.72
1005.95
1016.80
1027.24
1037.27
1046.85
1055.98
1064.64
1072.80
1080.46
1087.59
1094.19
1100.24
1105.72
1110.62
1114.94
1118.66
1121.77
1124.27
1126.14
1127.40
1128.02
827.20
841.27
855.21
868.98
882.57
895.96
909.12
922.04
934.70
947.07
959.15
970.90
982.30
993.35
1004.02
1014.29
1024.15
1033.57
1042.55
1051.05
1059.07
1066.59
1073.60
1080.08
1086.01
1091.39
1096.20
1100.44
1104.08
1107.14
1109.58
1111.43
1112.65
1113.27
817.02
830.89
844.61
858.18
871.56
884.75
897.71
910.43
922.89
935.07
946.95
958.52
969.74
980.61
991.10
1001.21
1010.90
1020.16
1028.98
1037.33
1045.21
1052.60
1059.48
1065.84
1071.66
1076.94
1081.66
1085.82
1089.40
1092.39
1094.79
1096.60
1097.80
1098.40
806.72
820.38
833.89
847.25
860.43
873.40
886.16
898.69
910.95
922.94
934.63
946.01
957.05
967.74
978.06
987.99
997.52
1006.62
1015.29
1023.50
1031.24
1038.49
1045.25
1051.49
1057.21
1062.39
1067.03
1071.10
1074.61
1077.55
1079.90
1081.67
1082.86
1083.45
796.32
809.76
823.06
836.21
849.18
861.95
874.51
886.83
898.90
910.70
922.20
933.39
944.25
954.76
964.91
974.67
984.04
992.99
1001.50
1009.57
1017.17
1024.30
1030.93
1037.06
1042.67
1047.76
1052.31
1056.31
1059.75
1062.63
1064.94
1066.68
1067.84
1068.42
785.84
799.06
812.15
825.08
837.84
850.41
862.76
874.89
886.76
898.36
909.68
920.68
931.36
941.70
951.67
961.27
970.48
979.27
987.64
995.56
1003.03
1010.03
1016.54
1022.56
1028.07
1033.06
1037.52
1041.45
1044.83
1047.65
1049.92
1051.63
1052.76
1053.33
775.28
788.28
801.16
813.88
826.43
838.79
850.95
862.87
874.55
885.96
897.08
907.90
918.40
928.57
938.37
947.81
956.85
965.49
973.71
981.49
988.83
995.70
1002.10
1008.01
1013.42
1018.32
1022.70
1026.55
1029.87
1032.64
1034.87
1036.54
1037.65
1038.21
764.67
777.46
790.12
802.63
814.97
827.12
839.07
850.80
862.28
873.50
884.44
895.07
905.40
915.38
925.02
934.29
943.18
951.67
959.75
967.39
974.60
981.35
987.63
993.43
998.74
1003.55
1007.85
1011.63
1014.89
1017.61
1019.79
1021.43
1022.53
1023.07
754.03
766.60
779.04
791.34
803.47
815.42
827.17
838.70
849.98
861.01
871.76
882.22
892.36
902.18
911.65
920.76
929.49
937.83
945.76
953.28
960.35
966.98
973.15
978.84
984.06
988.78
993.00
996.71
999.91
1002.58
1004.72
1006.33
1007.40
1007.94
743.38
755.73
767.96
780.04
791.96
803.71
815.25
826.58
837.67
848.51
859.07
869.35
879.32
888.97
898.27
907.22
915.80
924.00
931.79
939.17
946.11
952.62
958.68
964.27
969.39
974.03
978.17
981.81
984.95
987.57
989.67
991.25
992.31
992.83
732.74
744.87
756.88
768.75
780.46
792.00
803.34
814.47
825.37
836.02
846.40
856.50
866.30
875.77
884.92
893.71
902.14
910.18
917.84
925.08
931.91
938.30
944.25
949.74
954.77
959.32
963.38
966.96
970.04
972.61
974.67
976.22
977.26
977.78
722.13
734.03
745.83
757.49
768.99
780.33
791.47
802.40
813.11
823.57
833.77
843.69
853.31
862.62
871.60
880.24
888.52
896.42
903.94
911.06
917.76
924.03
929.87
935.27
940.20
944.67
948.66
952.17
955.19
957.72
959.74
961.27
962.28
962.79
711.56
723.25
734.83
746.28
757.57
768.70
779.65
790.38
800.90
811.18
821.19
830.94
840.39
849.53
858.36
866.84
874.97
882.73
890.12
897.10
903.69
909.85
915.58
920.88
925.72
930.11
934.03
937.48
940.44
942.92
944.91
946.40
947.40
947.90
701.07
712.54
723.90
735.14
746.23
757.16
767.90
778.45
788.77
798.86
808.70
818.27
827.55
836.54
845.20
853.53
861.52
869.14
876.39
883.25
889.72
895.77
901.40
906.60
911.36
915.66
919.51
922.90
925.81
928.24
930.19
931.66
932.64
933.13
690.67
701.92
713.07
724.10
734.98
745.71
756.26
766.61
776.75
786.66
796.32
805.72
814.83
823.65
832.16
840.34
848.19
855.67
862.79
869.53
875.88
881.83
887.35
892.46
897.13
901.36
905.14
908.46
911.32
913.71
915.62
917.06
918.02
918.50
680.38
691.42
702.36
713.18
723.86
734.39
744.74
754.90
764.86
774.59
784.07
793.30
802.25
810.91
819.27
827.30
835.00
842.36
849.35
855.97
862.20
868.04
873.47
878.48
883.07
887.22
890.93
894.19
897.00
899.34
901.23
902.64
903.58
904.06
670.23
681.06
691.79
702.40
712.88
723.21
733.38
743.35
753.12
762.67
771.98
781.04
789.83
798.34
806.54
814.44
822.00
829.22
836.09
842.59
848.71
854.44
859.77
864.69
869.20
873.28
876.92
880.12
882.88
885.18
887.03
888.42
889.35
889.81
660.25
670.86
681.38
691.79
702.08
712.21
722.19
731.98
741.57
750.94
760.09
768.98
777.61
785.96
794.02
801.77
809.20
816.29
823.03
829.42
835.43
841.06
846.29
851.13
855.55
859.56
863.14
866.28
868.99
871.25
873.07
874.43
875.34
875.80
650.45
660.85
671.17
681.38
691.47
701.42
711.20
720.81
730.22
739.43
748.40
757.14
765.61
773.81
781.72
789.33
796.63
803.59
810.22
816.49
822.39
827.92
833.07
837.81
842.16
846.09
849.61
852.70
855.36
857.58
859.36
860.70
861.60
862.04
640.86
651.06
661.18
671.19
681.09
690.84
700.45
709.88
719.12
728.15
736.96
745.54
753.86
761.91
769.68
777.16
784.32
791.16
797.67
803.83
809.63
815.06
820.12
824.78
829.05
832.92
836.37
839.40
842.02
844.20
845.95
847.27
848.15
848.59
631.50
641.50
651.42
661.25
670.95
680.53
689.95
699.20
708.27
717.14
725.80
734.22
742.39
750.30
757.93
765.27
772.31
779.03
785.42
791.48
797.18
802.51
807.48
812.06
816.26
820.05
823.45
826.43
829.00
831.14
832.87
834.16
835.02
835.45
622.41
632.21
641.94
651.58
661.10
670.49
679.74
688.82
697.73
706.44
714.93
723.20
731.23
739.00
746.50
753.71
760.62
767.23
773.51
779.46
785.06
790.30
795.18
799.69
803.81
807.54
810.88
813.81
816.33
818.44
820.14
821.41
822.26
822.68
613.60
623.21
632.75
642.21
651.55
660.77
669.84
678.76
687.51
696.06
704.40
712.53
720.41
728.04
735.41
742.50
749.30
755.79
761.96
767.81
773.31
778.47
783.27
787.70
791.75
795.42
798.70
801.58
804.06
806.13
807.80
809.05
809.88
810.30
605.10
614.53
623.89
633.16
642.33
651.38
660.29
669.05
677.64
686.04
694.23
702.22
709.96
717.47
724.71
731.68
738.36
744.74
750.81
756.56
761.97
767.04
771.76
776.11
780.10
783.71
786.93
789.77
792.21
794.25
795.89
797.12
797.94
798.35
596.94
606.19
615.37
624.47
633.47
642.36
651.11
659.71
668.15
676.40
684.46
692.30
699.92
707.30
714.42
721.27
727.84
734.12
740.09
745.74
751.06
756.05
760.69
764.98
768.90
772.45
775.63
778.42
780.82
782.82
784.43
785.64
786.45
786.86
589.13
598.21
607.23
616.16
625.00
633.73
642.33
650.78
659.08
667.19
675.11
682.82
690.31
697.57
704.57
711.31
717.78
723.95
729.83
735.39
740.63
745.54
750.11
754.33
758.19
761.68
764.81
767.55
769.92
771.89
773.48
774.67
775.46
775.86
581.72
590.63
599.48
608.26
616.95
625.53
633.98
642.29
650.44
658.42
666.21
673.80
681.17
688.31
695.20
701.84
708.20
714.28
720.06
725.54
730.70
735.54
740.04
744.19
747.99
751.43
754.51
757.22
759.54
761.49
763.05
764.23
765.01
765.40
574.71
583.47
592.17
600.80
609.34
617.77
626.08
634.26
642.28
650.13
657.80
665.27
672.53
679.56
686.34
692.88
699.14
705.13
710.83
716.23
721.31
726.08
730.51
734.60
738.35
741.74
744.77
747.44
749.73
751.65
753.19
754.35
755.12
755.51
568.13
576.74
585.30
593.79
602.19
610.49
618.67
626.72
634.62
642.35
649.90
657.26
664.41
671.34
678.02
684.46
690.64
696.54
702.16
707.48
712.49
717.19
721.56
725.60
729.29
732.64
735.63
738.26
740.52
742.41
743.93
745.07
745.83
746.21
562.02
570.49
578.91
587.26
595.54
603.71
611.77
619.70
627.48
635.10
642.55
649.80
656.85
663.68
670.27
676.62
682.72
688.54
694.08
699.33
704.28
708.91
713.22
717.21
720.85
724.16
727.11
729.70
731.94
733.81
735.30
736.43
737.18
737.56
556.38
564.72
573.02
581.25
589.40
597.46
605.40
613.22
620.90
628.41
635.76
642.92
649.87
656.61
663.12
669.39
675.41
681.15
686.63
691.81
696.69
701.27
705.53
709.47
713.07
716.33
719.25
721.81
724.02
725.86
727.34
728.45
729.20
729.57
