553.64
562.00
570.31
578.57
586.74
594.82
602.80
610.65
618.35
625.90
633.28
640.47
647.46
654.23
660.78
667.08
673.13
678.91
684.42
689.63
694.55
699.15
703.44
707.40
711.03
714.31
717.25
719.83
722.05
723.91
725.40
726.52
727.27
727.64
559.34
567.83
576.27
584.65
592.95
601.15
609.24
617.20
625.02
632.68
640.16
647.45
654.53
661.40
668.03
674.42
680.55
686.41
691.98
697.27
702.24
706.91
711.25
715.26
718.94
722.26
725.23
727.85
730.10
731.98
733.49
734.62
735.38
735.76
565.53
574.16
582.74
591.25
599.68
608.02
616.23
624.32
632.25
640.02
647.61
655.01
662.20
669.16
675.89
682.37
688.59
694.53
700.18
705.54
710.58
715.31
719.71
723.78
727.50
730.87
733.89
736.53
738.81
740.72
742.25
743.40
744.17
744.55
572.17
580.95
589.68
598.34
606.92
615.39
623.74
631.95
640.01
647.91
655.62
663.13
670.43
677.50
684.33
690.90
697.21
703.24
708.98
714.41
719.53
724.33
728.80
732.92
736.70
740.12
743.17
745.86
748.17
750.10
751.65
752.82
753.60
753.99
579.25
588.20
597.08
605.90
614.62
623.24
631.73
640.08
648.28
656.30
664.14
671.77
679.19
686.37
693.31
699.99
706.40
712.52
718.35
723.86
729.06
733.93
738.47
742.65
746.48
749.95
753.06
755.78
758.13
760.09
761.67
762.85
763.64
764.03
586.75
595.86
604.91
613.89
622.77
631.54
640.18
648.68
657.02
665.18
673.15
680.92
688.46
695.76
702.81
709.60
716.11
722.33
728.25
733.85
739.14
744.08
748.69
752.94
756.83
760.36
763.51
766.28
768.66
770.65
772.25
773.45
774.25
774.65
594.63
603.92
613.15
622.29
631.34
640.27
649.07
657.72
666.21
674.52
682.63
690.52
698.19
705.62
712.79
719.69
726.31
732.64
738.65
744.35
749.72
754.75
759.43
763.75
767.70
771.29
774.49
777.30
779.72
781.75
783.37
784.59
785.41
785.81
602.88
612.35
621.76
631.08
640.30
649.40
658.36
667.17
675.82
684.27
692.53
700.56
708.37
715.92
723.22
730.24
736.97
743.41
749.53
755.32
760.78
765.89
770.65
775.05
779.07
782.71
785.96
788.82
791.28
793.34
794.99
796.23
797.06
797.47
611.47
621.13
630.72
640.23
649.62
658.90
668.03
677.01
685.81
694.42
702.82
711.01
718.95
726.64
734.07
741.21
748.06
754.61
760.83
766.73
772.28
777.48
782.32
786.79
790.88
794.59
797.90
800.80
803.31
805.40
807.08
808.34
809.18
809.60
620.37
630.23
640.01
649.70
659.28
668.74
678.04
687.19
696.16
704.93
713.49
721.82
729.91
737.74
745.30
752.57
759.55
766.21
772.54
778.54
784.19
789.49
794.41
798.96
803.12
806.89
810.25
813.21
815.76
817.89
819.60
820.88
821.74
822.17
629.56
639.61
649.60
659.48
669.25
678.89
688.37
697.69
706.83
715.77
724.49
732.97
741.21
749.19
756.89
764.29
771.39
778.17
784.62
790.73
796.48
801.87
806.88
811.51
815.74
819.58
823.00
826.01
828.61
830.77
832.51
833.82
834.69
835.12
639.01
649.27
659.45
669.53
679.50
689.32
698.99
708.49
717.80
726.91
735.79
744.44
752.83
760.95
768.79
776.33
783.56
790.47
797.03
803.25
809.11
814.59
819.69
824.40
828.71
832.62
836.11
839.17
841.81
844.02
845.79
847.11
848.00
848.45
648.69
659.17
669.55
679.84
689.99
700.01
709.87
719.55
729.04
738.32
747.37
756.18
764.73
773.00
780.99
788.67
796.03
803.06
809.75
816.08
822.04
827.63
832.82
837.62
842.01
845.98
849.53
852.65
855.34
857.59
859.39
860.74
861.64
862.10
658.59
669.28
679.87
690.36
700.72
710.93
720.98
730.85
740.52
749.98
759.20
768.17
776.88
785.31
793.44
801.26
808.76
815.92
822.73
829.18
835.25
840.94
846.23
851.12
855.58
859.63
863.25
866.43
869.16
871.45
873.28
874.66
875.58
876.04
668.68
679.58
690.39
701.08
711.64
722.06
732.30
742.36
752.21
761.85
771.24
780.39
789.26
797.84
806.13
814.09
821.73
829.02
835.96
842.53
848.71
854.50
859.89
864.87
869.42
873.54
877.22
880.46
883.25
885.58
887.44
888.85
889.79
890.25
678.93
690.05
701.07
711.97
722.74
733.35
743.80
754.05
764.09
773.90
783.48
792.79
801.83
810.57
819.01
827.13
834.91
842.33
849.40
856.09
862.38
868.28
873.77
878.84
883.48
887.67
891.43
894.72
897.56
899.93
901.84
903.27
904.22
904.70
689.32
700.65
711.89
723.01
733.98
744.80
755.44
765.89
776.12
786.12
795.87
805.36
814.56
823.47
832.07
840.33
848.26
855.82
863.02
869.83
876.25
882.25
887.84
893.01
897.73
902.01
905.83
909.19
912.08
914.49
916.43
917.89
918.86
919.35
699.82
711.38
722.84
734.17
745.35
756.37
767.22
777.86
788.28
798.47
808.40
818.06
827.44
836.51
845.27
853.69
861.76
869.46
876.79
883.73
890.26
896.38
902.08
907.34
912.15
916.50
920.40
923.82
926.77
929.23
931.20
932.69
933.68
934.17
710.42
722.20
733.88
745.42
756.82
768.05
779.09
789.93
800.55
810.92
821.04
830.88
840.43
849.67
858.59
867.16
875.38
883.23
890.69
897.76
904.41
910.65
916.45
921.81
926.71
931.14
935.11
938.60
941.60
944.11
946.12
947.63
948.64
949.15
721.09
733.09
744.99
756.75
768.36
779.80
791.04
802.08
812.89
823.46
833.76
843.78
853.51
862.92
872.00
880.73
889.10
897.09
904.69
911.89
918.67
925.02
930.93
936.38
941.38
945.90
949.94
953.49
956.55
959.11
961.16
962.70
963.73
964.24
731.80
744.04
756.15
768.13
779.95
791.60
803.05
814.29
825.30
836.06
846.54
856.75
866.65
876.23
885.47
894.36
902.89
911.03
918.77
926.10
933.00
939.47
945.49
951.05
956.14
960.74
964.86
968.48
971.60
974.20
976.29
977.86
978.91
979.43
742.55
755.01
767.34
779.54
791.57
803.43
815.09
826.53
837.73
848.69
859.36
869.75
879.83
889.58
898.99
908.04
916.72
925.01
932.89
940.36
947.39
953.98
960.11
965.78
970.96
975.65
979.85
983.54
986.71
989.37
991.50
993.10
994.16
994.70
753.30
765.98
778.54
790.95
803.20
815.27
827.13
838.78
850.18
861.33
872.19
882.77
893.02
902.95
912.53
921.75
930.58
939.02
947.05
954.65
961.81
968.53
974.77
980.54
985.82
990.60
994.88
998.64
1001.87
1004.58
1006.75
1008.38
1009.47
1010.01
764.04
776.95
789.72
802.35
814.82
827.10
839.17
851.02
862.62
873.96
885.02
895.77
906.21
916.32
926.07
935.45
944.44
953.03
961.21
968.95
976.24
983.08
989.44
995.32
1000.70
1005.57
1009.93
1013.76
1017.06
1019.81
1022.03
1023.69
1024.80
1025.35
774.75
787.88
800.88
813.72
826.40
838.89
851.17
863.22
875.02
886.56
897.81
908.75
919.37
929.65
939.58
949.12
958.28
967.03
975.35
983.23
990.66
997.62
1004.10
1010.09
1015.57
1020.54
1024.98
1028.88
1032.24
1035.05
1037.31
1039.00
1040.13
1040.70
785.41
798.76
811.97
825.04
837.93
850.63
863.11
875.37
887.37
899.10
910.54
921.68
932.48
942.94
953.04
962.76
972.07
980.98
989.45
997.48
1005.04
1012.13
1018.73
1024.83
1030.42
1035.48
1040.00
1043.98
1047.41
1050.27
1052.57
1054.30
1055.46
1056.03
796.00
809.57
823.00
836.28
849.38
862.29
874.99
887.44
899.65
911.58
923.21
934.53
945.52
956.16
966.44
976.32
985.80
994.87
1003.49
1011.66
1019.37
1026.59
1033.31
1039.53
1045.22
1050.38
1054.99
1059.04
1062.54
1065.46
1067.80
1069.57
1070.74
1071.33
806.50
820.28
833.94
847.43
860.75
873.86
886.76
899.43
911.83
923.96
935.78
947.30
958.47
969.29
979.74
989.80
999.45
1008.67
1017.45
1025.78
1033.62
1040.98
1047.82
1054.16
1059.95
1065.21
1069.91
1074.05
1077.61
1080.59
1082.98
1084.78
1085.97
1086.57
816.89
830.90
844.76
858.47
872.00
885.32
898.43
911.30
923.90
936.22
948.25
959.95
971.31
982.32
992.95
1003.18
1013.00
1022.38
1031.32
1039.79
1047.78
1055.27
1062.25
1068.70
1074.61
1079.96
1084.75
1088.97
1092.60
1095.64
1098.08
1099.91
1101.14
1101.75
827.16
841.38
855.46
869.38
883.12
896.65
909.97
923.03
935.84
948.36
960.58
972.47
984.02
995.21
1006.02
1016.43
1026.42
1035.97
1045.06
1053.69
1061.82
1069.45
1076.56
1083.13
1089.15
1094.61
1099.50
1103.80
1107.50
1110.60
1113.09
1114.96
1116.21
1116.83
837.30
851.73
866.02
880.15
894.10
907.84
921.35
934.62
947.63
960.35
972.76
984.85
996.59
1007.96
1018.95
1029.54
1039.70
1049.41
1058.67
1067.45
1075.73
1083.50
1090.75
1097.44
1103.58
1109.15
1114.13
1118.51
1122.29
1125.45
1127.99
1129.90
1131.17
1131.81
847.27
861.92
876.42
890.76
904.91
918.86
932.58
946.05
959.25
972.17
984.78
997.06
1008.99
1020.55
1031.72
1042.48
1052.82
1062.70
1072.13
1081.06
1089.50
1097.41
1104.79
1111.61
1117.87
1123.55
1128.63
1133.10
1136.95
1140.18
1142.77
1144.71
1146.01
1146.66
857.08
871.93
886.64
901.18
915.54
929.69
943.61
957.29
970.69
983.81
996.61
1009.08
1021.20
1032.95
1044.31
1055.25
1065.76
1075.82
1085.41
1094.50
1103.09
1111.15
1118.67
1125.62
1132.00
1137.79
1142.97
1147.53
1151.47
1154.76
1157.40
1159.39
1160.72
1161.38
866.70
881.76
896.67
911.42
925.98
940.33
954.45
968.33
981.93
995.24
1008.24
1020.90
1033.21
1045.15
1056.69
1067.82
1078.51
1088.74
1098.49
1107.75
1116.50
1124.71
1132.37
1139.46
1145.96
1151.86
1157.15
1161.81
1165.82
1169.18
1171.88
1173.91
1175.26
1175.94
876.12
891.38
906.49
921.44
936.20
950.75
965.08
979.15
992.95
1006.46
1019.65
1032.51
1045.01
1057.13
1068.86
1080.17
1091.04
1101.45
1111.37
1120.80
1129.71
1138.07
1145.87
1153.10
1159.73
1165.75
1171.15
1175.90
1179.99
1183.42
1186.18
1188.25
1189.64
1190.33
885.32
900.78
916.09
931.24
946.20
960.95
975.47
989.74
1003.73
1017.43
1030.82
1043.87
1056.57
1068.88
1080.80
1092.29
1103.34
1113.93
1124.03
1133.62
1142.69
1151.21
1159.16
1166.53
1173.29
1179.44
1184.94
1189.79
1193.97
1197.48
1200.29
1202.41
1203.83
1204.53
894.29
909.95
925.46
940.80
955.95
970.90
985.61
1000.07
1014.26
1028.16
1041.74
1054.99
1067.87
1080.38
1092.48
1104.16
1115.39
1126.16
1136.44
1146.20
1155.44
1164.12
1172.22
1179.73
1186.63
1192.90
1198.51
1203.47
1207.74
1211.32
1214.20
1216.36
1217.81
1218.53
903.02
918.87
934.57
950.10
965.44
980.58
995.49
1010.15
1024.53
1038.62
1052.39
1065.83
1078.91
1091.60
1103.90
1115.76
1127.18
1138.13
1148.58
1158.52
1167.93
1176.77
1185.03
1192.69
1199.72
1206.12
1211.85
1216.91
1221.28
1224.93
1227.88
1230.09
1231.57
1232.30
911.49
927.52
943.41
959.13
974.67
989.99
1005.09
1019.94
1034.51
1048.79
1062.76
1076.38
1089.65
1102.54
1115.02
1127.08
1138.68
1149.81
1160.45
1170.57
1180.14
1189.15
1197.57
1205.38
1212.56
1219.08
1224.94
1230.10
1234.57
1238.30
1241.31
1243.57
1245.09
1245.84
919.69
935.90
951.97
967.88
983.60
999.11
1014.40
1029.43
1044.19
1058.66
1072.82
1086.64
1100.10
1113.17
1125.84
1138.09
1149.88
1161.20
1172.02
1182.31
1192.06
1201.24
1209.82
1217.78
1225.11
1231.77
1237.75
1243.03
1247.59
1251.41
1254.49
1256.80
1258.35
1259.12
927.60
943.99
960.24
976.33
992.23
1007.93
1023.39
1038.61
1053.56
1068.22
1082.56
1096.57
1110.22
1123.48
1136.34
1148.78
1160.76
1172.26
1183.26
1193.74
1203.66
1213.01
1221.76
1229.89
1237.36
1244.16
1250.27
1255.66
1260.33
1264.24
1267.38
1269.75
1271.33
1272.13
935.22
951.78
968.21
984.47
1000.55
1016.42
1032.07
1047.47
1062.60
1077.44
1091.97
1106.16
1120.00
1133.45
1146.50
1159.12
1171.29
1182.98
1194.17
1204.83
1214.94
1224.46
1233.38
1241.66
1249.29
1256.24
1262.48
1267.99
1272.76
1276.76
1279.98
1282.40
1284.02
1284.83
942.53
959.26
975.85
992.28
1008.53
1024.58
1040.40
1055.98
1071.29
1086.31
1101.02
1115.40
1129.42
1143.06
1156.30
1169.11
1181.47
1193.35
1204.72
1215.57
1225.85
1235.55
1244.64
1253.09
1260.88
1267.97
1274.35
1279.98
1284.86
1288.95
1292.24
1294.73
1296.39
1297.22
949.52
966.41
983.16
999.76
1016.17
1032.39
1048.38
1064.13
1079.62
1094.82
1109.71
1124.27
1138.47
1152.30
1165.72
1178.72
1191.27
1203.33
1214.90
1225.93
1236.39
1246.27
1255.54
1264.15
1272.10
1279.34
1285.86
1291.62
1296.60
1300.79
1304.17
1306.71
1308.41
1309.26
956.17
973.22
990.13
1006.89
1023.46
1039.84
1056.00
1071.92
1087.57
1102.94
1118.01
1132.74
1147.13
1161.14
1174.75
1187.93
1200.66
1212.92
1224.67
1235.88
1246.54
1256.60
1266.03
1274.82
1282.93
1290.32
1296.98
1302.87
1307.97
1312.26
1315.71
1318.32
1320.06
1320.93
962.48
979.68
996.74
1013.65
1030.38
1046.92
1063.23
1079.31
1095.13
1110.67
1125.91
1140.82
1155.38
1169.57
1183.36
1196.72
1209.64
1222.08
1234.02
1245.42
1256.25
1266.50
1276.11
1285.07
1293.34
1300.89
1307.69
1313.72
1318.93
1323.32
1326.86
1329.53
1331.31
1332.20
968.45
985.78
1002.99
1020.04
1036.92
1053.60
1070.07
1086.31
1102.29
1117.99
1133.39
1148.47
1163.20
1177.56
1191.53
1205.08
1218.18
1230.80
1242.92
1254.50
1265.52
1275.95
1285.74
1294.87
1303.31
1311.02
1317.96
1324.12
1329.46
1333.95
1337.57
1340.30
1342.13
1343.04
974.04
991.51
1008.86
1026.05
1043.06
1059.89
1076.51
1092.89
1109.03
1124.88
1140.44
1155.68
1170.58
1185.11
1199.25
1212.97
1226.25
1239.05
1251.35
1263.12
1274.32
1284.92
1294.89
1304.20
1312.80
1320.67
1327.76
1334.05
1339.51
1344.10
1347.81
1350.61
1352.48
1353.42
979.27
996.86
1014.33
1031.65
1048.81
1065.77
1082.53
1099.05
1115.33
1131.33
1147.05
1162.44
1177.50
1192.19
1206.50
1220.39
1233.84
1246.82
1259.30
1271.24
1282.62
1293.40
1303.55
1313.02
1321.79
1329.81
1337.05
1343.48
1349.06
1353.76
1357.55
1360.42
1362.34
1363.29
984.11
1001.82
1019.41
1036.86
1054.13
1071.22
1088.11
1104.77
1121.18
1137.33
1153.19
1168.73
1183.94
1198.79
1213.26
1227.31
1240.93
1254.07
1266.72
1278.84
1290.39
1301.35
1311.66
1321.30
1330.23
1338.41
1345.80
1352.36
1358.06
1362.87
1366.75
1369.68
1371.64
1372.63
988.56
1006.38
1024.08
1041.64
1059.03
1076.24
1093.25
1110.04
1126.58
1142.86
1158.85
1174.53
1189.89
1204.88
1219.50
1233.71
1247.48
1260.79
1273.61
1285.89
1297.61
1308.73
1319.22
1329.02
1338.11
1346.44
1353.97
1360.67
1366.49
1371.40
1375.36
1378.36
1380.37
1381.37
992.61
1010.53
1028.34
1046.00
1063.50
1080.82
1097.94
1114.84
1131.50
1147.90
1164.02
1179.84
1195.32
1210.46
1225.22
1239.57
1253.49
1266.96
1279.93
1292.37
1304.25
1315.53
1326.17
1336.14
1345.38
1353.86
1361.53
1368.35
1374.29
1379.30
1383.35
1386.41
1388.46
1389.49
996.26
1014.27
1032.17
1049.92
1067.52
1084.94
1102.16
1119.17
1135.94
1152.45
1168.69
1184.62
1200.23
1215.49
1230.38
1244.87
1258.94
1272.54
1285.66
1298.25
1310.28
1321.71
1332.50
1342.62
1352.00
1360.62
1368.43
1375.38
1381.42
1386.53
1390.66
1393.79
1395.88
1396.93
999.49
1017.59
1035.56
1053.41
1071.09
1088.60
1105.92
1123.02
1139.88
1156.50
1172.84
1188.88
1204.60
1219.98
1234.99
1249.60
1263.79
1277.53
1290.78
1303.50
1315.67
1327.25
1338.18
1348.43
1357.95
1366.70
1374.63
1381.70
1387.85
1393.05
1397.26
1400.44
1402.58
1403.65
1002.30
1020.47
1038.52
1056.44
1074.20
1091.79
1109.18
1126.37
1143.32
1160.03
1176.46
1192.60
1208.42
1223.90
1239.01
1253.74
1268.04
1281.89
1295.26
1308.11
1320.41
1332.11
1343.17
1353.54
1363.19
1372.06
1380.11
1387.28
1393.52
1398.81
1403.09
1406.33
1408.50
1409.59
1004.69
1022.92
1041.04
1059.01
1076.84
1094.50
1111.96
1129.22
1146.25
1163.03
1179.54
1195.76
1211.67
1227.24
1242.45
1257.27
1271.67
1285.62
1299.10
1312.05
1324.46
1336.27
1347.44
1357.93
1367.69
1376.66
1384.81
1392.07
1398.41
1403.77
1408.11
1411.40
1413.60
1414.71
1006.66
1024.93
1043.10
1061.13
1079.01
1096.72
1114.25
1131.56
1148.65
1165.50
1182.07
1198.36
1214.34
1229.99
1245.27
1260.17
1274.66
1288.70
1302.26
1315.31
1327.80
1339.71
1350.97
1361.56
1371.41
1380.47
1388.71
1396.05
1402.46
1407.88
1412.28
1415.61
1417.85
1418.97
1008.19
1026.50
1044.71
1062.78
1080.70
1098.46
1116.03
1133.39
1150.53
1167.42
1184.05
1200.40
1216.43
1232.13
1247.48
1262.44
1276.99
1291.10
1304.74
1317.86
1330.43
1342.41
1353.75
1364.41
1374.33
1383.47
1391.77
1399.18
1405.65
1411.13
1415.57
1418.93
1421.19
1422.32
1009.28
1027.63
1045.86
1063.96
1081.91
1099.70
1117.30
1134.70
1151.87
1168.80
1185.47
1201.85
1217.93
1233.67
1249.06
1264.07
1278.67
1292.83
1306.51
1319.69
1332.31
1344.34
1355.74
1366.45
1376.43
1385.63
1393.98
1401.44
1407.95
1413.47
1417.94
1421.33
1423.60
1424.74
1009.94
1028.30
1046.55
1064.67
1082.64
1100.45
1118.07
1135.49
1152.68
1169.63
1186.32
1202.73
1218.83
1234.60
1250.02
1265.05
1279.68
1293.87
1307.58
1320.79
1333.44
1345.51
1356.94
1367.69
1377.70
1386.93
1395.31
1402.80
1409.34
1414.88
1419.37
1422.77
1425.06
1426.21
1010.16
1028.52
1046.78
1064.91
1082.88
1100.70
1118.32
1135.75
1152.95
1169.91
1186.61
1203.02
1219.13
1234.91
1250.33
1265.38
1280.02
1294.21
1307.94
1321.15
1333.82
1345.90
1357.34
1368.10
1378.13
1387.36
1395.76
1403.25
1409.80
1415.35
1419.85
1423.26
1425.55
1426.69
1009.94
1028.30
1046.55
1064.67
1082.64
1100.45
1118.07
1135.48
1152.68
1169.63
1186.32
1202.73
1218.83
1234.60
1250.01
1265.05
1279.68
1293.87
1307.58
1320.78
1333.44
1345.51
1356.94
1367.69
1377.70
1386.92
1395.31
1402.80
1409.34
1414.87
1419.36
1422.77
1425.06
1426.20
1009.28
1027.62
1045.86
1063.96
1081.91
1099.70
1117.30
1134.70
1151.87
1168.80
1185.47
1201.85
1217.92
1233.67
1249.06
1264.07
1278.67
1292.82
1306.51
1319.68
1332.30
1344.34
1355.74
1366.45
1376.43
1385.62
1393.97
1401.43
1407.94
1413.46
1417.93
1421.32
1423.60
1424.74
1008.18
1026.50
1044.70
1062.78
1080.70
1098.45
1116.02
1133.38
1150.52
1167.42
1184.05
1200.39
1216.42
1232.13
1247.47
1262.44
1276.99
1291.09
1304.73
1317.85
1330.42
1342.40
1353.74
1364.40
1374.32
1383.46
1391.76
1399.17
1405.64
1411.12
1415.56
1418.92
1421.18
1422.31
1006.65
1024.93
1043.09
1061.12
1079.00
1096.72
1114.24
1131.55
1148.64
1165.49
1182.07
1198.35
1214.33
1229.98
1245.26
1260.16
1274.65
1288.69
1302.25
1315.30
1327.79
1339.70
1350.96
1361.55
1371.40
1380.46
1388.69
1396.04
1402.45
1407.87
1412.27
1415.60
1417.83
1418.95
1004.69
1022.91
1041.03
1059.01
1076.83
1094.49
1111.95
1129.21
1146.24
1163.02
1179.53
1195.75
1211.66
1227.23
1242.43
1257.25
1271.66
1285.61
1299.08
1312.04
1324.45
1336.25
1347.43
1357.91
1367.67
1376.65
1384.79
1392.06
1398.39
1403.75
1408.09
1411.38
1413.59
1414.69
1002.29
1020.46
1038.51
1056.43
1074.19
1091.78
1109.17
1126.36
1143.31
1160.01
1176.45
1192.58
1208.40
1223.88
1239.00
1253.72
1268.03
1281.88
1295.25
1308.10
1320.39
1332.09
1343.15
1353.53
1363.17
1372.04
1380.09
1387.26
1393.50
1398.79
1403.07
1406.30
1408.48
1409.57
999.48
1017.57
1035.55
1053.39
1071.08
1088.59
1105.90
1123.00
1139.87
1156.48
1172.82
1188.86
1204.59
1219.96
1234.97
1249.59
1263.78
1277.51
1290.76
1303.49
1315.65
1327.23
1338.16
1348.41
1357.93
1366.68
1374.61
1381.67
1387.83
1393.02
1397.23
1400.42
1402.55
1403.62
996.24
1014.26
1032.15
1049.91
1067.51
1084.93
1102.15
1119.16
1135.93
1152.44
1168.67
1184.60
1200.21
1215.48
1230.37
1244.86
1258.92
1272.52
1285.64
1298.23
1310.26
1321.69
1332.48
1342.59
1351.98
1360.60
1368.40
1375.35
1381.40
1386.50
1390.64
1393.76
1395.86
1396.90
992.60
1010.52
1028.32
1045.98
1063.48
1080.80
1097.92
1114.82
1131.49
1147.89
1164.00
1179.82
1195.30
1210.44
1225.20
1239.55
1253.47
1266.93
1279.90
1292.35
1304.23
1315.51
1326.15
1336.11
1345.35
1353.83
1361.50
1368.32
1374.26
1379.27
1383.32
1386.38
1388.43
1389.46
988.54
1006.37
1024.07
1041.62
1059.02
1076.23
1093.23
1110.02
1126.56
1142.84
1158.83
1174.51
1189.87
1204.86
1219.48
1233.69
1247.46
1260.77
1273.58
1285.87
1297.59
1308.71
1319.19
1328.99
1338.08
1346.41
1353.94
1360.64
1366.46
1371.36
1375.33
1378.33
1380.34
1381.34
984.09
1001.81
1019.39
1036.84
1054.11
1071.21
1088.09
1104.75
1121.16
1137.31
1153.16
1168.71
1183.92
1198.77
1213.23
1227.29
1240.90
1254.05
1266.69
1278.81
1290.36
1301.32
1311.63
1321.27
1330.20
1338.38
1345.77
1352.33
1358.03
1362.83
1366.72
1369.65
1371.61
1372.59
979.25
996.84
1014.31
1031.63
1048.79
1065.75
1082.50
1099.03
1115.31
1131.31
1147.02
1162.42
1177.48
1192.17
1206.47
1220.36
1233.81
1246.79
1259.27
1271.21
1282.59
1293.37
1303.51
1312.99
1321.75
1329.78
1337.02
1343.44
1349.02
1353.72
1357.52
1360.38
1362.30
1363.26
974.02
991.49
1008.83
1026.02
1043.04
1059.87
1076.49
1092.87
1109.00
1124.86
1140.42
1155.66
1170.55
1185.09
1199.22
1212.95
1226.22
1239.02
1251.32
1263.09
1274.29
1284.89
1294.86
1304.16
1312.76
1320.63
1327.72
1334.02
1339.47
1344.07
1347.77
1350.57
1352.45
1353.38
968.42
985.76
1002.97
1020.02
1036.90
1053.58
1070.05
1086.29
1102.26
1117.96
1133.36
1148.44
1163.17
1177.54
1191.50
1205.05
1218.15
1230.77
1242.89
1254.47
1265.49
1275.91
1285.70
1294.83
1303.27
1310.98
1317.92
1324.08
1329.42
1333.91
1337.53
1340.26
1342.09
1343.00
962.46
979.66
996.72
1013.63
1030.36
1046.89
1063.21
1079.29
1095.11
1110.64
1125.88
1140.79
1155.35
1169.54
1183.33
1196.69
1209.61
1222.05
1233.98
1245.38
1256.22
1266.46
1276.07
1285.03
1293.30
1300.85
1307.65
1313.67
1318.89
1323.28
1326.82
1329.48
1331.27
1332.16
956.15
973.20
990.11
1006.86
1023.44
1039.81
1055.97
1071.89
1087.54
1102.91
1117.98
1132.71
1147.10
1161.11
1174.71
1187.90
1200.63
1212.88
1224.63
1235.85
1246.50
1256.56
1266.00
1274.78
1282.89
1290.28
1296.94
1302.83
1307.93
1312.22
1315.67
1318.27
1320.02
1320.89
949.49
966.38
983.14
999.73
1016.15
1032.36
1048.35
1064.10
1079.59
1094.78
1109.67
1124.23
1138.44
1152.26
1165.69
1178.69
1191.23
1203.30
1214.86
1225.89
1236.35
1246.23
1255.50
1264.11
1272.06
1279.30
1285.81
1291.57
1296.56
1300.75
1304.12
1306.66
1308.36
1309.21
942.50
959.23
975.82
992.25
1008.50
1024.55
1040.37
1055.95
1071.26
1086.28
1100.99
1115.36
1129.39
1143.03
1156.26
1169.07
1181.43
1193.31
1204.68
1215.53
1225.81
1235.51
1244.60
1253.05
1260.83
1267.93
1274.30
1279.94
1284.81
1288.90
1292.20
1294.68
1296.34
1297.17
935.19
951.76
968.18
984.44
1000.52
1016.39
1032.03
1047.43
1062.56
1077.40
1091.93
1106.12
1119.96
1133.41
1146.46
1159.09
1171.25
1182.94
1194.13
1204.79
1214.89
1224.42
1233.33
1241.62
1249.24
1256.19
1262.43
1267.94
1272.71
1276.71
1279.93
1282.35
1283.97
1284.78
927.57
943.96
960.21
976.30
992.20
1007.89
1023.36
1038.58
1053.53
1068.18
1082.52
1096.53
1110.18
1123.44
1136.30
1148.74
1160.72
1172.22
1183.22
1193.70
1203.62
1212.97
1221.72
1229.84
1237.31
1244.11
1250.22
1255.62
1260.28
1264.19
1267.33
1269.70
1271.28
1272.07
919.66
935.87
951.94
967.85
983.57
999.08
1014.36
1029.40
1044.16
1058.63
1072.78
1086.60
1100.06
1113.13
1125.80
1138.05
1149.84
1161.15
1171.97
1182.27
1192.01
1201.19
1209.77
1217.74
1225.06
1231.72
1237.70
1242.98
1247.54
1251.36
1254.44
1256.75
1258.30
1259.07
911.46
927.49
943.38
959.10
974.63
989.96
1005.05
1019.90
1034.47
1048.75
1062.72
1076.35
1089.61
1102.50
1114.98
1127.03
1138.64
1149.77
1160.40
1170.52
1180.09
1189.10
1197.52
1205.33
1212.51
1219.03
1224.89
1230.05
1234.51
1238.25
1241.26
1243.52
1245.03
1245.79
902.99
918.83
934.53
950.06
965.41
980.55
995.45
1010.11
1024.49
1038.58
1052.35
1065.79
1078.86
1091.56
1103.85
1115.72
1127.14
1138.08
1148.54
1158.48
1167.88
1176.72
1184.98
1192.64
1199.67
1206.07
1211.80
1216.86
1221.22
1224.88
1227.82
1230.03
1231.51
1232.25
894.26
909.91
925.42
940.76
955.91
970.86
985.57
1000.04
1014.22
1028.12
1041.70
1054.94
1067.83
1080.33
1092.44
1104.12
1115.35
1126.11
1136.39
1146.15
1155.39
1164.07
1172.17
1179.68
1186.58
1192.84
1198.46
1203.41
1207.68
1211.26
1214.14
1216.31
1217.75
1218.47
885.29
900.75
916.06
931.20
946.16
960.91
975.43
989.70
1003.69
1017.39
1030.78
1043.83
1056.52
1068.84
1080.75
1092.24
1103.29
1113.88
1123.98
1133.57
1142.64
1151.16
1159.11
1166.48
1173.24
1179.38
1184.88
1189.73
1193.92
1197.42
1200.24
1202.35
1203.77
1204.48
876.08
891.34
906.46
921.40
936.16
950.72
965.04
979.11
992.91
1006.41
1019.60
1032.46
1044.96
1057.09
1068.81
1080.12
1090.99
1101.40
1111.32
1120.75
1129.65
1138.02
1145.82
1153.05
1159.68
1165.70
1171.09
1175.84
1179.94
1183.37
1186.12
1188.20
1189.58
1190.27
866.66
881.72
896.63
911.38
925.94
940.29
954.41
968.28
981.89
995.20
1008.19
1020.86
1033.17
1045.10
1056.64
1067.77
1078.46
1088.69
1098.44
1107.70
1116.45
1124.66
1132.32
1139.40
1145.91
1151.81
1157.09
1161.75
1165.76
1169.12
1171.82
1173.85
1175.21
1175.88
857.04
871.90
886.60
901.15
915.50
929.65
943.57
957.24
970.65
983.76
996.56
1009.03
1021.15
1032.90
1044.26
1055.20
1065.71
1075.77
1085.35
1094.45
1103.04
1111.10
1118.61
1125.57
1131.95
1137.73
1142.91
1147.48
1151.41
1154.70
1157.34
1159.33
1160.66
1161.32
847.24
861.88
876.38
890.72
904.87
918.81
932.53
946.00
959.21
972.12
984.73
997.01
1008.94
1020.50
1031.67
1042.43
1052.76
1062.65
1072.07
1081.01
1089.44
1097.35
1104.73
1111.56
1117.81
1123.49
1128.57
1133.04
1136.89
1140.12
1142.71
1144.65
1145.95
1146.60
837.26
851.69
865.98
880.11
894.05
907.79
921.31
934.58
947.58
960.30
972.71
984.80
996.54
1007.91
1018.90
1029.48
1039.64
1049.36
1058.62
1067.40
1075.68
1083.45
1090.69
1097.39
1103.52
1109.09
1114.07
1118.45
1122.23
1125.39
1127.93
1129.84
1131.11
1131.75
827.12
841.34
855.42
869.34
883.08
896.61
909.92
922.99
935.79
948.31
960.53
972.42
983.97
995.16
1005.97
1016.37
1026.36
1035.91
1045.01
1053.63
1061.76
1069.39
1076.50
1083.07
1089.09
1094.55
1099.44
1103.74
1107.44
1110.54
1113.03
1114.90
1116.15
1116.77
816.85
830.86
844.72
858.43
871.95
885.28
898.38
911.25
923.85
936.17
948.20
959.90
971.26
982.27
992.89
1003.12
1012.94
1022.33
1031.26
1039.73
1047.72
1055.21
1062.19
1068.64
1074.55
1079.90
1084.69
1088.91
1092.54
1095.58
1098.02
1099.85
1101.07
1101.68
806.46
820.24
833.89
847.39
860.70
873.82
886.72
899.38
911.78
923.91
935.73
947.24
958.42
969.24
979.69
989.75
999.40
1008.62
1017.40
1025.72
1033.56
1040.92
1047.76
1054.09
1059.89
1065.15
1069.85
1073.98
1077.54
1080.52
1082.91
1084.71
1085.91
1086.51
795.96
809.52
822.96
836.23
849.34
862.25
874.94
887.40
899.60
911.53
923.16
934.48
945.47
956.11
966.38
976.27
985.75
994.81
1003.43
1011.61
1019.31
1026.53
1033.25
1039.47
1045.16
1050.31
1054.92
1058.98
1062.47
1065.39
1067.74
1069.50
1070.68
1071.26
785.37
798.71
811.93
824.99
837.88
850.58
863.07
875.32
887.32
899.05
910.49
921.62
932.43
942.89
952.98
962.70
972.02
980.92
989.39
997.42
1004.98
1012.07
1018.67
1024.77
1030.35
1035.41
1039.94
1043.92
1047.34
1050.21
1052.51
1054.24
1055.39
1055.97
774.71
787.83
800.83
813.68
826.35
838.84
851.12
863.17
874.97
886.50
897.75
908.70
919.32
929.60
939.52
949.07
958.22
966.97
975.29
983.17
990.60
997.56
1004.04
1010.03
1015.51
1020.47
1024.91
1028.81
1032.18
1034.99
1037.24
1038.94
1040.07
1040.63
764.00
776.90
789.68
802.31
814.77
827.05
839.12
850.96
862.57
873.90
884.96
895.72
906.16
916.26
926.01
935.39
944.38
952.97
961.15
968.89
976.18
983.02
989.38
995.25
1000.63
1005.51
1009.86
1013.69
1016.99
1019.75
1021.96
1023.62
1024.73
1025.29
753.26
765.94
778.49
790.90
803.15
815.22
827.08
838.73
850.13
861.27
872.14
882.71
892.97
902.89
912.47
921.69
930.52
938.96
946.99
954.59
961.75
968.46
974.71
980.47
985.75
990.54
994.81
998.57
1001.80
1004.51
1006.68
1008.31
1009.40
1009.94
742.51
754.96
767.29
779.49
791.52
803.38
815.04
826.48
837.68
848.63
859.31
869.69
879.77
889.52
898.93
907.98
916.66
924.95
932.83
940.30
947.33
953.92
960.05
965.71
970.89
975.59
979.78
983.47
986.64
989.30
991.43
993.03
994.10
994.63
731.76
743.99
756.10
768.08
779.90
791.55
803.00
814.24
825.24
836.00
846.49
856.69
866.59
876.17
885.41
894.30
902.82
910.96
918.70
926.03
932.94
939.41
945.43
950.98
956.07
960.68
964.79
968.41
971.53
974.13
976.22
977.79
978.84
979.36
721.04
733.05
744.94
756.70
768.31
779.75
790.99
802.03
812.84
823.40
833.71
843.73
853.45
862.86
871.94
880.67
889.03
897.03
904.63
911.83
918.60
924.95
930.86
936.32
941.31
945.83
949.87
953.42
956.48
959.04
961.09
962.63
963.66
964.17
710.37
722.15
733.83
745.37
756.77
768.00
779.04
789.88
800.49
810.87
820.98
830.82
840.37
849.61
858.52
867.10
875.32
883.16
890.63
897.69
904.35
910.58
916.38
921.74
926.64
931.08
935.04
938.53
941.53
944.04
946.05
947.56
948.57
949.08
699.77
711.33
722.79
734.12
745.30
756.32
767.16
777.80
788.22
798.41
808.34
818.01
827.38
836.45
845.21
853.62
861.69
869.40
876.73
883.66
890.20
896.32
902.01
907.27
912.08
916.44
920.33
923.75
926.69
929.16
931.13
932.62
933.61
934.10
689.27
700.61
711.84
722.96
733.93
744.75
755.39
765.83
776.06
786.06
795.81
805.30
814.50
823.41
832.00
840.27
848.19
855.76
862.95
869.76
876.18
882.19
887.78
892.94
897.66
901.94
905.76
909.11
912.01
914.42
916.36
917.82
918.79
919.28
678.88
690.00
701.02
711.92
722.69
733.30
743.74
753.99
764.03
773.85
783.42
792.73
801.77
810.51
818.95
827.06
834.84
842.27
849.33
856.02
862.32
868.22
873.70
878.77
883.41
887.60
891.35
894.65
897.49
899.86
901.76
903.19
904.15
904.63
668.63
679.53
690.34
701.03
711.59
722.00
732.25
742.30
752.16
761.79
771.18
780.33
789.20
797.78
806.06
814.03
821.67
828.96
835.89
842.46
848.64
854.43
859.82
864.80
869.35
873.47
877.15
880.39
883.17
885.50
887.37
888.78
889.71
890.18
658.54
669.23
679.82
690.31
700.67
710.88
720.93
730.80
740.47
749.92
759.14
768.11
776.82
785.25
793.38
801.20
808.70
815.86
822.67
829.11
835.18
840.87
846.16
851.04
855.51
859.56
863.18
866.35
869.09
871.38
873.21
874.59
875.51
875.97
648.65
659.12
669.50
679.78
689.94
699.96
709.82
719.50
728.99
738.26
747.31
756.12
764.67
772.94
780.92
788.60
795.96
802.99
809.68
816.01
821.97
827.56
832.75
837.55
841.94
845.91
849.46
852.58
855.27
857.51
859.31
860.67
861.57
862.02
638.96
649.22
659.40
669.48
679.44
689.27
698.94
708.44
717.75
726.85
735.73
744.38
752.77
760.89
768.73
776.27
783.50
790.40
796.96
803.18
809.04
814.52
819.62
824.33
828.64
832.55
836.03
839.10
841.74
843.94
845.71
847.04
847.93
848.37
629.51
639.57
649.54
659.43
669.20
678.83
688.32
697.64
706.77
715.71
724.43
732.91
741.15
749.12
756.82
764.23
771.32
778.10
784.55
790.66
796.41
801.80
806.81
811.43
815.67
819.50
822.93
825.94
828.53
830.70
832.44
833.74
834.61
835.05
620.32
630.18
639.96
649.65
659.23
668.68
677.99
687.13
696.10
704.87
713.43
721.76
729.85
737.68
745.24
752.51
759.48
766.14
772.47
778.47
784.12
789.42
794.34
798.89
803.05
806.81
810.18
813.14
815.69
817.82
819.52
820.81
821.66
822.09
611.42
621.08
630.67
640.17
649.57
658.84
667.97
676.95
685.75
694.36
702.76
710.94
718.89
726.58
734.00
741.15
748.00
754.54
760.77
766.66
772.21
777.41
782.25
786.72
790.81
794.51
797.82
800.73
803.23
805.33
807.00
808.27
809.11
809.53
602.83
612.30
621.71
631.03
640.25
649.34
658.31
667.12
675.76
684.21
692.46
700.50
708.30
715.86
723.16
730.18
736.91
743.34
749.46
755.25
760.71
765.82
770.58
774.97
778.99
782.63
785.89
788.75
791.21
793.27
794.92
796.16
796.99
797.40
594.58
603.87
613.10
622.24
631.29
640.22
649.02
657.67
666.15
674.46
682.56
690.46
698.13
705.55
712.73
719.63
726.24
732.57
738.58
744.28
749.65
754.68
759.36
763.68
767.63
771.21
774.41
777.22
779.65
781.67
783.29
784.51
785.33
785.74
586.70
595.81
604.86
613.84
622.72
631.49
640.13
648.63
656.96
665.12
673.09
680.85
688.39
695.69
702.74
709.53
716.04
722.26
728.18
733.78
739.06
744.01
748.61
752.87
756.76
760.28
763.43
766.20
768.58
770.58
772.17
773.37
774.18
774.58
579.20
588.15
597.03
605.84
614.57
623.18
631.67
640.02
648.22
656.24
664.08
671.71
679.13
686.31
693.25
699.92
706.33
712.45
718.28
723.79
728.99
733.86
738.39
742.58
746.41
749.88
752.98
755.71
758.05
760.02
761.59
762.77
763.56
763.96
572.12
580.90
589.63
598.29
606.86
615.33
623.68
631.89
639.95
647.85
655.56
663.07
670.36
677.43
684.26
690.84
697.14
703.17
708.91
714.34
719.46
724.26
728.72
732.85
736.62
740.04
743.10
745.78
748.09
750.03
751.58
752.74
753.52
753.91
565.48
574.11
582.69
591.20
599.63
607.96
616.18
624.26
632.19
639.96
647.55
654.95
662.13
669.10
675.83
682.30
688.52
694.46
700.11
705.46
710.51
715.24
719.64
723.71
727.43
730.80
733.81
736.46
738.74
740.64
742.17
743.32
744.09
744.47
559.30
567.78
576.22
584.60
592.90
601.10
609.19
617.15
624.96
632.62
640.10
647.38
654.47
661.33
667.97
674.35
680.48
686.34
691.91
697.19
702.17
706.84
711.18
715.19
718.86
722.19
725.16
727.77
730.02
731.90
733.41
734.55
735.30
735.68
553.60
561.95
570.26
578.51
586.69
594.77
602.74
610.59
618.29
625.84
633.22
640.41
647.39
654.17
660.71
667.01
673.06
678.84
684.35
689.56
694.48
699.08
703.37
707.33
710.95
714.24
717.17
719.75
721.98
723.83
725.32
726.44
727.19
727.57
552.71
561.07
569.39
577.65
585.83
593.92
601.90
609.76
617.47
625.03
632.42
639.62
646.62
653.41
659.96
666.28
672.34
678.13
683.65
688.87
693.80
698.41
702.71
706.68
710.31
713.61
716.55
719.14
721.36
723.22
724.72
725.84
726.59
726.97
558.43
566.92
575.37
583.76
592.06
600.27
608.37
616.34
624.17
631.84
639.33
646.63
653.73
660.61
667.25
673.65
679.79
685.66
691.25
696.54
701.53
706.21
710.56
714.58
718.26
721.59
724.57
727.19
729.45
731.34
732.85
733.99
734.74
735.12
564.63
573.27
581.86
590.38
598.82
607.16
615.39
623.48
631.43
639.21
646.82
654.23
661.43
668.41
675.15
681.64
687.87
693.82
699.49
704.85
709.91
714.65
719.07
723.14
726.87
730.25
733.27
735.93
738.21
740.12
741.66
742.81
743.58
743.96
571.30
580.09
588.83
597.50
606.08
614.56
622.93
631.15
639.23
647.13
654.86
662.38
669.70
676.78
683.63
690.22
696.54
702.58
708.33
713.77
718.91
723.72
728.19
732.33
736.11
739.54
742.60
745.30
747.61
749.55
751.11
752.28
753.06
753.45
578.41
587.36
596.26
605.08
613.82
622.45
630.95
639.32
647.53
655.57
663.42
671.07
678.50
685.70
692.65
699.34
705.77
711.90
717.74
723.27
728.48
733.37
737.91
742.11
745.95
749.43
752.54
755.27
757.62
759.59
761.17
762.36
763.15
763.54
585.93
595.05
604.11
613.10
622.00
630.78
639.44
647.95
656.31
664.49
672.47
680.25
687.81
695.12
702.19
709.00
715.52
721.76
727.69
733.31
738.60
743.57
748.18
752.45
756.35
759.88
763.04
765.82
768.21
770.20
771.81
773.01
773.82
774.22
593.84
603.14
612.38
621.54
630.60
639.55
648.36
657.03
665.54
673.86
681.98
689.90
697.58
705.03
712.22
719.14
725.77
732.11
738.14
743.86
749.24
754.28
758.97
763.31
767.27
770.86
774.07
776.90
779.32
781.35
782.98
784.21
785.02
785.43
602.12
611.60
621.02
630.36
639.59
648.71
657.69
666.52
675.18
683.65
691.93
699.98
707.81
715.38
722.69
729.73
736.48
742.93
749.07
754.88
760.35
765.48
770.25
774.66
778.69
782.34
785.60
788.47
790.94
793.01
794.66
795.91
796.74
797.15
610.73
620.41
630.02
639.54
648.95
658.25
667.40
676.39
685.21
693.84
702.27
710.47
718.43
726.15
733.59
740.75
747.62
754.19
760.43
766.34
771.91
777.13
781.98
786.46
790.56
794.28
797.60
800.51
803.03
805.13
806.81
808.08
808.92
809.34
619.66
629.54
639.34
649.05
658.65
668.12
677.45
686.62
695.60
704.40
712.98
721.33
729.44
737.29
744.87
752.17
759.16
765.84
772.19
778.21
783.88
789.18
794.12
798.68
802.86
806.64
810.01
812.98
815.54
817.67
819.39
820.68
821.54
821.96
628.88
638.96
648.96
658.86
668.65
678.31
687.82
697.16
706.32
715.28
724.02
732.53
740.79
748.79
756.51
763.93
771.05
777.85
784.32
790.45
796.22
801.62
806.65
811.29
815.54
819.39
822.82
825.85
828.45
830.62
832.36
833.67
834.55
834.99
638.37
648.65
658.85
668.95
678.94
688.79
698.48
708.00
717.34
726.47
735.38
744.04
752.46
760.60
768.47
776.03
783.28
790.20
796.79
803.03
808.90
814.40
819.52
824.25
828.57
832.49
835.99
839.07
841.71
843.93
845.70
847.04
847.93
848.37
648.08
658.58
668.99
679.29
689.48
699.52
709.40
719.11
728.62
737.93
747.00
755.84
764.41
772.71
780.71
788.42
795.80
802.86
809.56
815.91
821.90
827.50
832.71
837.52
841.93
845.92
849.48
852.61
855.31
857.56
859.37
860.73
861.63
862.09
658.02
668.73
679.34
689.86
700.24
710.48
720.56
730.45
740.15
749.63
758.88
767.88
776.61
785.07
793.22
801.07
808.59
815.77
822.61
829.08
835.17
840.87
846.18
851.08
855.57
859.63
863.26
866.45
869.19
871.49
873.33
874.71
875.64
876.10
668.14
679.06
689.89
700.62
711.20
721.64
731.92
742.00
751.89
761.55
770.97
780.14
789.04
797.65
805.96
813.95
821.62
828.93
835.89
842.48
848.69
854.50
859.90
864.90
869.47
873.60
877.30
880.55
883.34
885.68
887.56
888.96
889.90
890.37
678.42
689.57
700.61
711.55
722.34
732.98
743.45
753.73
763.81
773.65
783.25
792.59
801.66
810.43
818.90
827.04
834.85
842.30
849.39
856.10
862.42
868.34
873.85
878.93
883.59
887.80
891.56
894.87
897.72
900.10
902.01
903.45
904.41
904.89
688.84
700.21
711.48
722.62
733.63
744.47
755.15
765.62
775.88
785.91
795.70
805.21
814.45
823.39
832.01
840.30
848.25
855.85
863.07
869.90
876.34
882.37
887.98
893.16
897.90
902.20
906.03
909.40
912.31
914.73
916.68
918.14
919.12
919.60
699.38
710.97
722.46
733.82
745.04
756.09
766.96
777.64
788.09
798.31
808.28
817.97
827.38
836.48
845.26
853.71
861.81
869.54
876.90
883.86
890.42
896.57
902.28
907.56
912.39
916.76
920.67
924.10
927.06
929.53
931.52
933.01
934.00
934.50
710.01
721.83
733.53
745.11
756.54
767.80
778.88
789.75
800.40
810.81
820.96
830.84
840.42
849.69
858.64
867.24
875.49
883.37
890.86
897.95
904.63
910.89
916.71
922.09
927.01
931.47
935.45
938.95
941.96
944.48
946.50
948.02
949.03
949.54
720.72
732.76
744.68
756.48
768.12
779.60
790.88
801.95
812.80
823.40
833.74
843.79
853.55
862.99
872.10
880.87
889.27
897.29
904.92
912.14
918.95
925.33
931.26
936.73
941.75
946.29
950.34
953.91
956.98
959.55
961.61
963.15
964.19
964.70
731.47
743.73
755.88
767.90
779.76
791.44
802.93
814.21
825.25
836.04
846.57
856.81
866.74
876.36
885.63
894.56
903.11
911.28
919.06
926.41
933.35
939.84
945.88
951.46
956.57
961.20
965.33
968.97
972.09
974.71
976.81
978.39
979.44
979.96
742.25
754.74
767.11
779.35
791.42
803.31
815.01
826.49
837.73
848.72
859.44
869.86
879.97
889.76
899.21
908.30
917.01
925.33
933.24
940.74
947.80
954.41
960.57
966.25
971.46
976.17
980.38
984.09
987.28
989.94
992.08
993.69
994.76
995.30
753.04
765.75
778.35
790.80
803.09
815.20
827.10
838.78
850.23
861.41
872.32
882.93
893.22
903.19
912.80
922.05
930.92
939.40
947.46
955.09
962.28
969.02
975.29
981.08
986.39
991.19
995.48
999.26
1002.51
1005.22
1007.40
1009.04
1010.14
1010.68
763.81
776.75
789.57
802.24
814.75
827.06
839.18
851.07
862.71
874.09
885.19
895.98
906.46
916.60
926.39
935.81
944.84
953.47
961.67
969.45
976.77
983.64
990.02
995.93
1001.33
1006.22
1010.60
1014.45
1017.76
1020.53
1022.75
1024.42
1025.54
1026.09
774.56
787.72
800.76
813.65
826.37
838.90
851.22
863.31
875.16
886.74
898.03
909.01
919.67
930.00
939.96
949.54
958.73
967.52
975.87
983.79
991.25
998.24
1004.75
1010.76
1016.27
1021.26
1025.71
1029.64
1033.01
1035.84
1038.10
1039.81
1040.94
1041.51
785.25
798.64
811.89
825.00
837.94
850.68
863.21
875.51
887.55
899.33
910.81
921.99
932.84
943.34
953.47
963.23
972.59
981.53
990.03
998.10
1005.69
1012.81
1019.45
1025.57
1031.18
1036.26
1040.81
1044.81
1048.25
1051.13
1053.44
1055.18
1056.33
1056.91
795.87
809.48
822.96
836.28
849.43
862.38
875.12
887.63
899.87
911.85
923.53
934.89
945.93
956.61
966.92
976.85
986.37
995.47
1004.14
1012.34
1020.08
1027.34
1034.09
1040.33
1046.05
1051.23
1055.86
1059.94
1063.45
1066.38
1068.74
1070.51
1071.69
1072.28
806.40
820.23
833.93
847.47
860.83
874.00
886.94
899.65
912.10
924.27
936.15
947.71
958.93
969.79
980.29
990.39
1000.08
1009.34
1018.16
1026.52
1034.40
1041.78
1048.66
1055.02
1060.85
1066.13
1070.85
1075.01
1078.59
1081.58
1083.98
1085.79
1087.00
1087.60
816.83
830.88
844.79
858.55
872.12
885.50
898.65
911.56
924.22
936.59
948.66
960.41
971.82
982.87
993.54
1003.82
1013.68
1023.10
1032.08
1040.59
1048.61
1056.14
1063.15
1069.63
1075.57
1080.95
1085.77
1090.00
1093.65
1096.71
1099.16
1101.00
1102.23
1102.84
827.13
841.40
855.53
869.50
883.28
896.87
910.23
923.35
936.20
948.77
961.04
972.98
984.58
995.81
1006.67
1017.12
1027.15
1036.75
1045.88
1054.55
1062.72
1070.39
1077.53
1084.13
1090.18
1095.67
1100.58
1104.90
1108.62
1111.74
1114.24
1116.12
1117.37
1118.00
837.30
851.78
866.12
880.30
894.30
908.09
921.66
934.98
948.03
960.80
973.27
985.40
997.19
1008.61
1019.65
1030.28
1040.49
1050.25
1059.55
1068.37
1076.69
1084.50
1091.78
1098.51
1104.68
1110.27
1115.28
1119.69
1123.49
1126.66
1129.22
1131.13
1132.41
1133.05
847.31
862.00
876.55
890.94
905.15
919.14
932.92
946.44
959.70
972.67
985.33
997.66
1009.64
1021.25
1032.47
1043.28
1053.66
1063.60
1073.06
1082.04
1090.52
1098.47
1105.89
1112.75
1119.04
1124.74
1129.85
1134.34
1138.22
1141.46
1144.07
1146.03
1147.33
1147.98
857.14
872.05
886.81
901.40
915.81
930.02
943.99
957.72
971.18
984.35
997.20
1009.73
1021.90
1033.70
1045.11
1056.10
1066.66
1076.77
1086.40
1095.54
1104.18
1112.28
1119.83
1126.83
1133.24
1139.06
1144.27
1148.85
1152.81
1156.12
1158.78
1160.78
1162.11
1162.78
866.79
881.90
896.87
911.67
926.29
940.69
954.87
968.80
982.46
995.82
1008.88
1021.60
1033.96
1045.95
1057.55
1068.72
1079.46
1089.75
1099.55
1108.86
1117.65
1125.90
1133.60
1140.73
1147.27
1153.20
1158.52
1163.20
1167.24
1170.62
1173.33
1175.37
1176.74
1177.42
876.24
891.55
906.72
921.73
936.54
951.15
965.53
979.66
993.52
1007.08
1020.33
1033.25
1045.80
1057.99
1069.77
1081.13
1092.05
1102.51
1112.49
1121.96
1130.92
1139.32
1147.17
1154.44
1161.11
1167.16
1172.59
1177.37
1181.49
1184.94
1187.71
1189.80
1191.19
1191.89
885.47
900.99
916.36
931.56
946.57
961.38
975.96
990.29
1004.34
1018.10
1031.55
1044.66
1057.41
1069.78
1081.75
1093.30
1104.41
1115.05
1125.20
1134.85
1143.96
1152.53
1160.53
1167.94
1174.74
1180.92
1186.46
1191.34
1195.55
1199.07
1201.91
1204.04
1205.46
1206.17
894.47
910.18
925.75
941.15
956.36
971.36
986.14
1000.66
1014.91
1028.87
1042.51
1055.81
1068.76
1081.32
1093.49
1105.22
1116.52
1127.34
1137.67
1147.49
1156.77
1165.50
1173.66
1181.21
1188.15
1194.46
1200.11
1205.09
1209.39
1213.00
1215.90
1218.07
1219.53
1220.26
903.22
919.13
934.89
950.48
965.89
981.08
996.05
1010.77
1025.22
1039.37
1053.20
1066.70
1079.84
1092.60
1104.95
1116.88
1128.36
1139.36
1149.87
1159.87
1169.33
1178.22
1186.53
1194.24
1201.32
1207.76
1213.53
1218.62
1223.02
1226.70
1229.66
1231.89
1233.38
1234.12
911.72
927.81
943.76
959.54
975.14
990.53
1005.69
1020.60
1035.23
1049.58
1063.61
1077.30
1090.63
1103.58
1116.13
1128.24
1139.91
1151.10
1161.80
1171.97
1181.61
1190.67
1199.14
1207.00
1214.23
1220.80
1226.70
1231.90
1236.39
1240.16
1243.19
1245.47
1246.99
1247.75
919.94
936.22
952.35
968.32
984.10
999.68
1015.03
1030.13
1044.95
1059.49
1073.71
1087.59
1101.12
1114.26
1127.00
1139.31
1151.16
1162.54
1173.43
1183.78
1193.59
1202.83
1211.47
1219.48
1226.86
1233.57
1239.59
1244.91
1249.51
1253.36
1256.46
1258.79
1260.35
1261.13
927.88
944.34
960.65
976.80
992.76
1008.52
1024.06
1039.34
1054.36
1069.08
1083.49
1097.56
1111.28
1124.62
1137.54
1150.05
1162.09
1173.66
1184.73
1195.27
1205.26
1214.67
1223.48
1231.66
1239.19
1246.05
1252.20
1257.64
1262.34
1266.28
1269.45
1271.84
1273.44
1274.24
935.52
952.15
968.64
984.96
1001.11
1017.05
1032.76
1048.23
1063.43
1078.34
1092.93
1107.20
1121.10
1134.63
1147.75
1160.44
1172.68
1184.45
1195.70
1206.43
1216.60
1226.19
1235.17
1243.52
1251.21
1258.21
1264.50
1270.06
1274.86
1278.90
1282.15
1284.59
1286.23
1287.05
942.85
959.65
976.31
992.80
1009.12
1025.23
1041.12
1056.77
1072.15
1087.24
1102.03
1116.48
1130.57
1144.29
1157.60
1170.48
1182.91
1194.87
1206.31
1217.23
1227.59
1237.36
1246.52
1255.03
1262.88
1270.03
1276.46
1282.15
1287.07
1291.20
1294.53
1297.03
1298.71
1299.55
949.86
966.82
983.64
1000.31
1016.79
1033.07
1049.14
1064.96
1080.51
1095.78
1110.75
1125.38
1139.66
1153.56
1167.07
1180.14
1192.76
1204.91
1216.55
1227.65
1238.20
1248.15
1257.49
1266.18
1274.19
1281.50
1288.07
1293.89
1298.92
1303.15
1306.56
1309.13
1310.85
1311.71
956.54
973.66
990.63
1007.46
1024.10
1040.55
1056.78
1072.77
1088.50
1103.94
1119.08
1133.90
1148.36
1162.45
1176.14
1189.40
1202.21
1214.55
1226.38
1237.68
1248.41
1258.55
1268.07
1276.93
1285.11
1292.57
1299.30
1305.25
1310.40
1314.73
1318.23
1320.86
1322.62
1323.50
962.87
980.14
997.27
1014.24
1031.05
1047.65
1064.04
1080.19
1096.09
1111.71
1127.02
1142.01
1156.65
1170.92
1184.79
1198.24
1211.24
1223.77
1235.79
1247.28
1258.20
1268.53
1278.23
1287.27
1295.62
1303.24
1310.11
1316.20
1321.48
1325.92
1329.50
1332.20
1334.00
1334.90
968.85
986.26
1003.53
1020.66
1037.61
1054.36
1070.91
1087.22
1103.28
1119.05
1134.54
1149.70
1164.51
1178.96
1193.01
1206.64
1219.83
1232.54
1244.75
1256.43
1267.54
1278.05
1287.94
1297.16
1305.68
1313.47
1320.49
1326.72
1332.12
1336.67
1340.34
1343.10
1344.96
1345.88
974.47
992.01
1009.42
1026.68
1043.77
1060.68
1077.37
1093.83
1110.04
1125.98
1141.62
1156.94
1171.93
1186.54
1200.77
1214.59
1227.95
1240.85
1253.25
1265.11
1276.41
1287.11
1297.18
1306.57
1315.27
1323.22
1330.40
1336.77
1342.30
1346.96
1350.72
1353.55
1355.45
1356.40
979.71
997.37
1014.91
1032.31
1049.53
1066.57
1083.41
1100.01
1116.37
1132.46
1148.25
1163.73
1178.88
1193.66
1208.06
1222.05
1235.59
1248.67
1261.25
1273.30
1284.78
1295.66
1305.91
1315.49
1324.36
1332.47
1339.81
1346.32
1351.98
1356.75
1360.60
1363.50
1365.45
1366.43
984.56
1002.35
1020.01
1037.53
1054.88
1072.05
1089.01
1105.75
1122.25
1138.48
1154.42
1170.05
1185.35
1200.30
1214.86
1229.01
1242.73
1255.98
1268.73
1280.96
1292.62
1303.69
1314.11
1323.87
1332.90
1341.19
1348.68
1355.33
1361.11
1365.99
1369.94
1372.92
1374.91
1375.91
989.03
1006.92
1024.70
1042.33
1059.80
1077.09
1094.17
1111.04
1127.67
1144.03
1160.11
1175.89
1191.33
1206.42
1221.14
1235.45
1249.33
1262.75
1275.67
1288.07
1299.91
1311.15
1321.75
1331.67
1340.88
1349.32
1356.96
1363.76
1369.67
1374.66
1378.70
1381.75
1383.79
1384.81
993.09
1011.09
1028.97
1046.70
1064.28
1081.68
1098.88
1115.86
1132.61
1149.10
1165.31
1181.21
1196.80
1212.03
1226.89
1241.35
1255.39
1268.96
1282.05
1294.61
1306.61
1318.02
1328.79
1338.88
1348.24
1356.85
1364.63
1371.57
1377.60
1382.70
1386.83
1389.95
1392.04
1393.09
996.75
1014.84
1032.81
1050.64
1068.32
1085.82
1103.12
1120.21
1137.07
1153.67
1170.00
1186.02
1201.73
1217.10
1232.09
1246.69
1260.87
1274.59
1287.83
1300.55
1312.71
1324.27
1335.20
1345.44
1354.97
1363.72
1371.65
1378.71
1384.87
1390.07
1394.29
1397.47
1399.61
1400.68
999.99
1018.16
1036.22
1054.13
1071.90
1089.49
1106.89
1124.07
1141.03
1157.73
1174.17
1190.30
1206.13
1221.61
1236.73
1251.46
1265.76
1279.62
1293.00
1305.86
1318.16
1329.87
1340.95
1351.34
1361.01
1369.90
1377.96
1385.15
1391.42
1396.72
1401.02
1404.27
1406.46
1407.55
1002.82
1021.06
1039.18
1057.18
1075.02
1092.69
1110.17
1127.44
1144.48
1161.28
1177.80
1194.04
1209.97
1225.55
1240.78
1255.62
1270.05
1284.02
1297.53
1310.51
1322.95
1334.79
1346.00
1356.53
1366.33
1375.35
1383.53
1390.84
1397.21
1402.61
1406.98
1410.29
1412.52
1413.63
1005.21
1023.52
1041.71
1059.76
1077.67
1095.41
1112.96
1130.30
1147.42
1164.29
1180.90
1197.22
1213.23
1228.91
1244.24
1259.17
1273.70
1287.79
1301.40
1314.50
1327.05
1339.01
1350.34
1360.98
1370.90
1380.03
1388.33
1395.74
1402.20
1407.68
1412.12
1415.49
1417.75
1418.88
1007.18
1025.54
1043.78
1061.89
1079.85
1097.64
1115.25
1132.66
1149.84
1166.77
1183.45
1199.84
1215.93
1231.68
1247.08
1262.10
1276.72
1290.89
1304.59
1317.79
1330.43
1342.49
1353.92
1364.67
1374.68
1383.91
1392.30
1399.80
1406.35
1411.90
1416.40
1419.81
1422.11
1423.26
1008.72
1027.11
1045.39
1063.54
1081.55
1099.38
1117.04
1134.49
1151.72
1168.71
1185.44
1201.88
1218.03
1233.84
1249.31
1264.39
1279.07
1293.32
1307.09
1320.36
1333.09
1345.23
1356.74
1367.56
1377.66
1386.97
1395.43
1403.00
1409.62
1415.22
1419.77
1423.23
1425.54
1426.71
1009.82
1028.24
1046.55
1064.73
1082.76
1100.63
1118.32
1135.81
1153.07
1170.10
1186.86
1203.35
1219.53
1235.39
1250.90
1266.04
1280.77
1295.06
1308.89
1322.21
1335.00
1347.19
1358.76
1369.65
1379.80
1389.17
1397.69
1405.31
1411.97
1417.62
1422.21
1425.69
1428.03
1429.20
1010.47
1028.91
1047.24
1065.44
1083.49
1101.38
1119.09
1136.60
1153.88
1170.93
1187.72
1204.23
1220.44
1236.32
1251.86
1267.02
1281.78
1296.11
1309.97
1323.33
1336.15
1348.38
1359.98
1370.90
1381.09
1390.49
1399.05
1406.70
1413.40
1419.07
1423.68
1427.17
1429.52
1430.70
1010.69
1029.14
1047.47
1065.68
1083.74
1101.63
1119.34
1136.86
1154.15
1171.21
1188.00
1204.52
1220.74
1236.63
1252.18
1267.35
1282.12
1296.46
1310.33
1323.70
1336.53
1348.77
1360.39
1371.32
1381.52
1390.94
1399.50
1407.17
1413.87
1419.55
1424.17
1427.67
1430.02
1431.20
1010.47
1028.91
1047.24
1065.44
1083.49
1101.38
1119.09
1136.59
1153.88
1170.93
1187.72
1204.23
1220.44
1236.32
1251.86
1267.02
1281.78
1296.11
1309.97
1323.33
1336.14
1348.37
1359.98
1370.90
1381.09
1390.49
1399.05
1406.70
1413.39
1419.07
1423.67
1427.17
1429.52
1430.70
1009.81
1028.23
1046.54
1064.72
1082.76
1100.63
1118.32
1135.80
1153.07
1170.09
1186.86
1203.35
1219.53
1235.39
1250.90
1266.03
1280.76
1295.06
1308.88
1322.21
1334.99
1347.19
1358.75
1369.64
1379.79
1389.16
1397.68
1405.30
1411.97
1417.61
1422.20
1425.68
1428.02
1429.19
1008.71
1027.10
1045.39
1063.54
1081.54
1099.38
1117.03
1134.49
1151.72
1168.70
1185.43
1201.88
1218.02
1233.84
1249.30
1264.39
1279.07
1293.31
1307.09
1320.35
1333.08
1345.22
1356.73
1367.55
1377.65
1386.96
1395.42
1402.99
1409.61
1415.21
1419.76
1423.21
1425.53
1426.69
1007.18
1025.53
1043.77
1061.88
1079.84
1097.63
1115.24
1132.65
1149.83
1166.77
1183.44
1199.83
1215.92
1231.67
1247.07
1262.09
1276.71
1290.88
1304.58
1317.77
1330.42
1342.48
1353.91
1364.66
1374.67
1383.90
1392.29
1399.79
1406.34
1411.89
1416.39
1419.80
1422.09
1423.24
1005.21
1023.51
1041.70
1059.75
1077.66
1095.40
1112.95
1130.29
1147.41
1164.28
1180.89
1197.21
1213.22
1228.90
1244.22
1259.16
1273.69
1287.77
1301.38
1314.48
1327.03
1338.99
1350.32
1360.97
1370.88
1380.01
1388.31
1395.72
1402.19
1407.66
1412.11
1415.47
1417.73
1418.87
1002.81
1021.05
1039.17
1057.17
1075.01
1092.68
1110.16
1127.43
1144.47
1161.27
1177.79
1194.03
1209.95
1225.54
1240.77
1255.61
1270.03
1284.01
1297.51
1310.50
1322.93
1334.78
1345.98
1356.51
1366.31
1375.33
1383.51
1390.82
1397.19
1402.59
1406.96
1410.27
1412.50
1413.61
999.98
1018.15
1036.21
1054.12
1071.89
1089.48
1106.87
1124.06
1141.02
1157.72
1174.15
1190.29
1206.11
1221.59
1236.71
1251.44
1265.75
1279.60
1292.98
1305.84
1318.14
1329.85
1340.93
1351.32
1360.98
1369.87
1377.94
1385.13
1391.40
1396.70
1401.00
1404.25
1406.43
1407.53
996.74
1014.83
1032.80
1050.63
1068.30
1085.80
1103.11
1120.20
1137.05
1153.65
1169.98
1186.01
1201.72
1217.08
1232.08
1246.67
1260.85
1274.57
1287.81
1300.53
1312.68
1324.25
1335.17
1345.42
1354.94
1363.69
1371.62
1378.69
1384.84
1390.05
1394.26
1397.45
1399.59
1400.66
993.08
1011.08
1028.95
1046.69
1064.26
1081.66
1098.86
1115.85
1132.59
1149.08
1165.29
1181.20
1196.78
1212.01
1226.87
1241.33
1255.36
1268.94
1282.02
1294.59
1306.59
1317.99
1328.76
1338.85
1348.22
1356.82
1364.61
1371.54
1377.58
1382.67
1386.80
1389.92
1392.01
1393.06
989.01
1006.91
1024.68
1042.31
1059.78
1077.07
1094.16
1111.02
1127.65
1144.01
1160.09
1175.86
1191.31
1206.40
1221.12
1235.43
1249.31
1262.72
1275.65
1288.05
1299.88
1311.12
1321.72
1331.64
1340.85
1349.29
1356.93
1363.73
1369.64
1374.63
1378.66
1381.71
1383.76
1384.78
984.55
1002.33
1019.99
1037.51
1054.86
1072.03
1088.99
1105.73
1122.23
1138.46
1154.40
1170.03
1185.33
1200.27
1214.83
1228.99
1242.70
1255.95
1268.71
1280.93
1292.59
1303.66
1314.08
1323.83
1332.87
1341.15
1348.64
1355.30
1361.08
1365.96
1369.90
1372.88
1374.88
1375.88
979.69
997.36
1014.90
1032.29
1049.51
1066.55
1083.39
1099.99
1116.35
1132.43
1148.23
1163.71
1178.85
1193.64
1208.04
1222.02
1235.57
1248.64
1261.22
1273.27
1284.75
1295.63
1305.88
1315.46
1324.32
1332.44
1339.77
1346.29
1351.94
1356.71
1360.56
1363.47
1365.41
1366.39
974.45
991.99
1009.40
1026.66
1043.75
1060.65
1077.35
1093.81
1110.02
1125.95
1141.59
1156.92
1171.90
1186.52
1200.75
1214.56
1227.93
1240.82
1253.22
1265.08
1276.38
1287.08
1297.14
1306.54
1315.23
1323.19
1330.37
1336.74
1342.26
1346.92
1350.68
1353.51
1355.41
1356.36
968.83
986.24
1003.51
1020.63
1037.58
1054.34
1070.88
1087.19
1103.25
1119.03
1134.51
1149.67
1164.48
1178.93
1192.98
1206.61
1219.80
1232.51
1244.72
1256.40
1267.51
1278.02
1287.90
1297.12
1305.64
1313.43
1320.45
1326.68
1332.08
1336.63
1340.30
1343.06
1344.92
1345.84
962.85
980.12
997.24
1014.22
1031.02
1047.63
1064.02
1080.17
1096.06
1111.68
1126.99
1141.98
1156.62
1170.89
1184.76
1198.21
1211.21
1223.73
1235.75
1247.24
1258.16
1268.49
1278.19
1287.23
1295.58
1303.20
1310.07
1316.16
1321.44
1325.87
1329.45
1332.15
1333.96
1334.86
956.52
973.63
990.61
1007.43
1024.08
1040.52
1056.75
1072.74
1088.47
1103.91
1119.05
1133.87
1148.33
1162.42
1176.10
1189.37
1202.18
1214.51
1226.34
1237.64
1248.37
1258.51
1268.03
1276.89
1285.07
1292.53
1299.25
1305.20
1310.36
1314.69
1318.18
1320.82
1322.58
1323.46
949.84
966.80
983.62
1000.28
1016.76
1033.05
1049.11
1064.93
1080.48
1095.75
1110.72
1125.35
1139.63
1153.53
1167.03
1180.10
1192.73
1204.87
1216.51
1227.61
1238.16
1248.11
1257.45
1266.14
1274.15
1281.45
1288.03
1293.84
1298.88
1303.11
1306.51
1309.08
1310.80
1311.66
942.83
959.62
976.28
992.78
1009.09
1025.20
1041.09
1056.74
1072.12
1087.21
1101.99
1116.44
1130.54
1144.25
1157.56
1170.44
1182.88
1194.83
1206.27
1217.19
1227.55
1237.32
1246.47
1254.99
1262.84
1269.99
1276.42
1282.10
1287.02
1291.15
1294.48
1296.99
1298.66
1299.50
935.50
952.12
968.61
984.93
1001.08
1017.02
1032.73
1048.19
1063.39
1078.30
1092.90
1107.16
1121.07
1134.59
1147.71
1160.41
1172.64
1184.40
1195.66
1206.39
1216.56
1226.15
1235.13
1243.48
1251.16
1258.16
1264.45
1270.01
1274.82
1278.85
1282.10
1284.55
1286.18
1287.00
927.85
944.31
960.62
976.77
992.73
1008.49
1024.02
1039.31
1054.32
1069.04
1083.45
1097.53
1111.24
1124.58
1137.51
1150.01
1162.05
1173.62
1184.69
1195.23
1205.22
1214.63
1223.44
1231.62
1239.15
1246.00
1252.15
1257.59
1262.29
1266.23
1269.40
1271.79
1273.39
1274.18
919.91
936.19
952.32
968.29
984.07
999.65
1014.99
1030.09
1044.92
1059.45
1073.67
1087.55
1101.08
1114.22
1126.96
1139.26
1151.12
1162.50
1173.38
1183.74
1193.55
1202.78
1211.42
1219.44
1226.81
1233.52
1239.54
1244.86
1249.45
1253.31
1256.41
1258.74
1260.30
1261.08
911.69
927.78
943.73
959.51
975.11
990.49
1005.65
1020.56
1035.20
1049.54
1063.57
1077.26
1090.59
1103.54
1116.08
1128.20
1139.87
1151.06
1161.75
1171.93
1181.56
1190.62
1199.09
1206.95
1214.18
1220.75
1226.65
1231.85
1236.34
1240.11
1243.14
1245.42
1246.94
1247.70
903.19
919.10
934.85
950.45
965.85
981.05
996.02
1010.73
1025.18
1039.33
1053.16
1066.66
1079.80
1092.55
1104.91
1116.83
1128.31
1139.32
1149.83
1159.82
1169.28
1178.17
1186.48
1194.19
1201.27
1207.71
1213.48
1218.57
1222.96
1226.65
1229.61
1231.84
1233.32
1234.07
894.44
910.15
925.71
941.11
956.32
971.33
986.10
1000.62
1014.87
1028.83
1042.47
1055.77
1068.72
1081.28
1093.44
1105.18
1116.47
1127.29
1137.62
1147.44
1156.72
1165.45
1173.60
1181.16
1188.10
1194.40
1200.06
1205.04
1209.34
1212.94
1215.84
1218.02
1219.47
1220.20
885.44
900.95
916.32
931.52
946.54
961.34
975.92
990.25
1004.30
1018.06
1031.51
1044.61
1057.36
1069.74
1081.71
1093.26
1104.36
1115.00
1125.15
1134.80
1143.91
1152.48
1160.48
1167.89
1174.69
1180.87
1186.40
1191.28
1195.49
1199.02
1201.85
1203.98
1205.41
1206.12
876.21
891.52
906.69
921.69
936.51
951.11
965.49
979.62
993.48
1007.04
1020.29
1033.20
1045.76
1057.94
1069.72
1081.08
1092.00
1102.46
1112.44
1121.91
1130.86
1139.27
1147.12
1154.39
1161.05
1167.11
1172.53
1177.31
1181.43
1184.88
1187.66
1189.74
1191.14
1191.83
866.76
881.87
896.83
911.63
926.25
940.65
954.83
968.76
982.42
995.78
1008.83
1021.55
1033.92
1045.91
1057.50
1068.67
1079.41
1089.69
1099.50
1108.80
1117.59
1125.85
1133.55
1140.67
1147.21
1153.15
1158.46
1163.14
1167.18
1170.56
1173.27
1175.32
1176.68
1177.36
857.11
872.01
886.77
901.36
915.77
929.98
943.95
957.68
971.14
984.30
997.16
1009.68
1021.85
1033.65
1045.06
1056.05
1066.61
1076.72
1086.35
1095.49
1104.12
1112.22
1119.78
1126.77
1133.18
1139.00
1144.21
1148.80
1152.75
1156.06
1158.72
1160.72
1162.05
1162.72
847.27
861.96
876.51
890.90
905.10
919.10
932.87
946.40
959.65
972.62
985.28
997.61
1009.59
1021.20
1032.42
1043.23
1053.61
1063.54
1073.01
1081.99
1090.46
1098.42
1105.83
1112.69
1118.98
1124.68
1129.79
1134.29
1138.16
1141.40
1144.01
1145.96
1147.27
1147.92
837.26
851.74
866.08
880.26
894.25
908.04
921.61
934.93
947.99
960.76
973.22
985.35
997.14
1008.56
1019.60
1030.23
1040.44
1050.20
1059.50
1068.32
1076.64
1084.45
1091.72
1098.45
1104.62
1110.21
1115.22
1119.63
1123.43
1126.60
1129.15
1131.07
1132.35
1132.99
827.09
841.36
855.49
869.45
883.24
896.82
910.18
923.30
936.15
948.72
960.99
972.93
984.53
995.76
1006.62
1017.07
1027.10
1036.69
1045.83
1054.49
1062.66
1070.33
1077.47
1084.07
1090.12
1095.61
1100.52
1104.84
1108.56
1111.68
1114.18
1116.06
1117.31
1117.94
816.79
830.84
844.75
858.50
872.08
885.45
898.60
911.52
924.17
936.54
948.61
960.36
971.77
982.82
993.49
1003.76
1013.62
1023.05
1032.02
1040.53
1048.56
1056.08
1063.09
1069.57
1075.51
1080.89
1085.70
1089.94
1093.59
1096.64
1099.09
1100.94
1102.17
1102.78
806.36
820.19
833.89
847.43
860.79
873.95
886.90
899.60
912.05
924.22
936.10
947.65
958.88
969.74
980.23
990.33
1000.02
1009.28
1018.10
1026.46
1034.34
1041.72
1048.60
1054.96
1060.79
1066.07
1070.79
1074.95
1078.52
1081.52
1083.92
1085.73
1086.93
1087.53
795.83
809.44
822.91
836.24
849.38
862.34
875.08
887.58
899.83
911.80
923.48
934.84
945.87
956.56
966.87
976.79
986.32
995.42
1004.08
1012.28
1020.02
1027.27
1034.03
1040.27
1045.99
1051.17
1055.80
1059.87
1063.38
1066.32
1068.67
1070.44
1071.63
1072.22
785.21
798.59
811.85
824.96
837.89
850.63
863.16
875.46
887.50
899.28
910.76
921.94
932.78
943.28
953.42
963.17
972.53
981.47
989.98
998.04
1005.63
1012.75
1019.38
1025.51
1031.12
1036.20
1040.74
1044.74
1048.18
1051.06
1053.37
1055.11
1056.27
1056.85
774.51
787.68
800.71
813.60
826.32
838.85
851.17
863.26
875.11
886.68
897.97
908.96
919.62
929.94
939.90
949.48
958.68
967.46
975.81
983.73
991.19
998.18
1004.69
1010.70
1016.20
1021.19
1025.65
1029.57
1032.95
1035.77
1038.04
1039.74
1040.88
1041.44
763.77
776.71
789.53
802.20
814.70
827.02
839.13
851.01
862.66
874.04
885.13
895.93
906.41
916.55
926.33
935.75
944.78
953.41
961.61
969.39
976.71
983.57
989.96
995.86
1001.26
1006.16
1010.53
1014.38
1017.69
1020.46
1022.68
1024.35
1025.47
1026.03
752.99
765.71
778.30
790.75
803.04
815.15
827.05
838.73
850.17
861.36
872.26
882.87
893.17
903.13
912.74
921.99
930.86
939.33
947.39
955.03
962.22
968.96
975.23
981.02
986.32
991.12
995.41
999.19
1002.44
1005.16
1007.34
1008.97
1010.07
1010.61
742.21
754.70
767.07
779.30
791.37
803.26
814.96
826.44
837.68
848.67
859.38
869.80
879.92
889.71
899.15
908.24
916.95
925.27
933.18
940.67
947.73
954.35
960.50
966.19
971.39
976.10
980.32
984.02
987.21
989.88
992.01
993.62
994.69
995.23
731.42
743.69
755.84
767.85
779.71
791.39
802.88
814.15
825.20
835.99
846.51
856.75
866.68
876.30
885.57
894.50
903.05
911.22
918.99
926.35
933.28
939.78
945.82
951.40
956.50
961.13
965.26
968.90
972.03
974.64
976.74
978.32
979.37
979.89
720.67
732.71
744.64
756.43
768.07
779.55
790.83
801.90
812.74
823.34
833.68
843.74
853.49
862.93
872.04
880.80
889.20
897.23
904.86
912.08
918.89
925.26
931.19
936.67
941.68
946.22
950.28
953.84
956.91
959.48
961.54
963.08
964.12
964.63
709.97
721.78
733.49
745.06
756.49
767.75
778.83
789.70
800.35
810.76
820.91
830.78
840.36
849.63
858.58
867.18
875.43
883.30
890.79
897.89
904.57
910.82
916.65
922.02
926.94
931.40
935.38
938.88
941.89
944.41
946.43
947.95
948.96
949.47
699.34
710.92
722.41
733.77
744.98
756.04
766.91
777.58
788.04
798.25
808.22
817.91
827.32
836.42
845.20
853.65
861.75
869.48
876.83
883.80
890.36
896.50
902.21
907.49
912.32
916.69
920.60
924.03
926.99
929.46
931.44
932.93
933.93
934.43
688.80
700.16
711.43
722.57
733.58
744.42
755.09
765.57
775.83
785.86
795.64
805.15
814.39
823.33
831.95
840.24
848.19
855.78
863.00
869.84
876.27
882.30
887.91
893.09
897.83
902.13
905.96
909.33
912.23
914.66
916.61
918.07
919.04
919.53
678.37
689.52
700.56
711.50
722.29
732.93
743.40
753.68
763.75
773.59
783.19
792.54
801.60
810.37
818.84
826.98
834.78
842.23
849.32
856.03
862.35
868.27
873.78
878.86
883.52
887.73
891.49
894.80
897.65
900.03
901.94
903.38
904.34
904.81
668.09
679.01
689.85
700.56
711.15
721.59
731.86
741.95
751.83
761.49
770.91
780.08
788.98
797.59
805.90
813.89
821.55
828.87
835.83
842.41
848.62
854.43
859.83
864.83
869.39
873.53
877.23
880.47
883.27
885.61
887.48
888.89
889.83
890.30
657.97
668.68
679.30
689.81
700.19
710.43
720.50
730.40
740.09
749.57
758.82
767.82
776.55
785.00
793.16
801.00
808.53
815.71
822.54
829.01
835.10
840.80
846.11
851.01
855.50
859.56
863.19
866.38
869.12
871.42
873.26
874.64
875.56
876.02
648.04
658.53
668.94
679.24
689.42
699.47
709.35
719.05
728.57
737.87
746.94
755.78
764.35
772.64
780.65
788.35
795.74
802.79
809.50
815.85
821.83
827.43
832.64
837.45
841.86
845.84
849.41
852.54
855.23
857.49
859.29
860.65
861.56
862.01
638.32
648.60
658.80
668.90
678.89
688.73
698.43
707.95
717.28
726.41
735.32
743.98
752.40
760.54
768.40
775.96
783.21
790.14
796.72
802.96
808.83
814.33
819.45
824.18
828.50
832.42
835.92
838.99
841.64
843.85
845.63
846.96
847.85
848.30
628.84
638.91
648.91
658.81
668.60
678.26
687.77
697.11
706.27
715.22
723.96
732.47
740.73
748.73
756.44
763.87
770.99
777.79
784.26
790.38
796.15
801.55
806.58
811.22
815.47
819.31
822.75
825.77
828.37
830.55
832.29
833.60
834.47
834.91
619.62
629.49
639.29
649.00
658.60
668.07
677.39
686.56
695.55
704.34
712.92
721.27
729.38
737.23
744.81
752.10
759.09
765.77
772.12
778.14
783.81
789.11
794.05
798.61
802.79
806.56
809.94
812.91
815.46
817.60
819.31
820.60
821.46
821.89
610.69
620.36
629.97
639.49
648.90
658.19
667.34
676.34
685.16
693.79
702.21
710.41
718.37
726.08
733.53
740.69
747.56
754.12
760.36
766.27
771.84
777.05
781.91
786.39
790.49
794.20
797.52
800.44
802.95
805.05
806.73
808.00
808.84
809.27
602.07
611.55
620.97
630.31
639.54
648.66
657.64
666.46
675.12
683.60
691.87
699.92
707.74
715.32
722.63
729.67
736.42
742.86
749.00
754.81
760.28
765.41
770.18
774.58
778.62
782.27
785.53
788.40
790.87
792.93
794.59
795.83
796.66
797.08
593.79
603.09
612.33
621.49
630.55
639.49
648.31
656.97
665.48
673.80
681.92
689.84
697.52
704.96
712.15
719.07
725.70
732.04
738.07
743.79
749.17
754.21
758.90
763.23
767.20
770.79
774.00
776.82
779.25
781.28
782.91
784.13
784.95
785.36
585.88
595.00
604.06
613.05
621.94
630.73
639.38
647.90
656.25
664.43
672.41
680.19
687.74
695.06
702.13
708.93
715.45
721.69
727.62
733.24
738.53
743.49
748.11
752.37
756.27
759.81
762.96
765.74
768.13
770.13
771.73
772.94
773.74
774.14
578.36
587.31
596.21
605.03
613.76
622.39
630.90
639.26
647.47
655.51
663.36
671.01
678.43
685.63
692.58
699.28
705.70
711.83
717.67
723.20
728.41
733.29
737.84
742.03
745.87
749.35
752.46
755.20
757.55
759.51
761.09
762.28
763.07
763.47
571.25
580.04
588.78
597.45
606.03
614.51
622.87
631.09
639.17
647.07
654.80
662.32
669.63
676.72
683.56
690.15
696.47
702.51
708.26
713.70
718.84
723.64
728.12
732.25
736.04
739.46
742.53
745.22
747.54
749.48
751.03
752.20
752.98
753.37
564.58
573.22
581.81
590.33
598.77
607.11
615.33
623.43
631.37
639.15
646.76
654.17
661.37
668.34
675.08
681.57
687.80
693.75
699.42
704.78
709.84
714.58
718.99
723.07
726.80
730.17
733.19
735.85
738.13
740.05
741.58
742.73
743.50
743.88
558.38
566.87
575.32
583.70
592.01
600.22
608.32
616.29
624.11
631.78
639.27
646.57
653.66
660.54
667.19
673.58
679.72
685.59
691.18
696.47
701.46
706.14
710.49
714.51
718.19
721.52
724.50
727.12
729.37
731.26
732.77
733.91
734.67
735.05
552.66
561.02
569.34
577.59
585.77
593.86
601.84
609.70
617.41
624.97
632.36
639.56
646.56
653.34
659.90
666.21
672.27
678.06
683.58
688.80
693.73
698.34
702.64
706.61
710.24
713.53
716.47
719.06
721.28
723.15
724.64
725.76
726.51
726.89
