534.04
542.46
550.85
559.20
567.50
575.72
583.85
591.86
599.75
607.49
615.07
622.47
629.67
636.66
643.43
649.95
656.22
662.22
667.94
673.36
678.48
683.28
687.75
691.88
695.67
699.10
702.16
704.86
707.19
709.13
710.69
711.87
712.65
713.04
540.15
548.72
557.27
565.77
574.21
582.58
590.84
599.00
607.02
614.89
622.59
630.11
637.43
644.53
651.40
658.03
664.39
670.49
676.29
681.79
686.99
691.86
696.39
700.59
704.43
707.91
711.02
713.76
716.12
718.09
719.68
720.87
721.66
722.06
546.77
555.51
564.22
572.89
581.49
590.01
598.43
606.73
614.89
622.90
630.73
638.38
645.83
653.05
660.04
666.77
673.24
679.43
685.33
690.92
696.20
701.15
705.76
710.02
713.92
717.45
720.62
723.40
725.79
727.79
729.40
730.61
731.42
731.82
553.88
562.80
571.69
580.53
589.30
597.99
606.57
615.02
623.34
631.49
639.47
647.26
654.84
662.19
669.30
676.15
682.73
689.03
695.03
700.71
706.08
711.11
715.79
720.12
724.09
727.68
730.90
733.73
736.16
738.20
739.83
741.06
741.88
742.29
561.46
570.57
579.65
588.67
597.62
606.48
615.23
623.85
632.33
640.64
648.77
656.70
664.42
671.91
679.15
686.12
692.82
699.23
705.34
711.13
716.59
721.70
726.47
730.88
734.91
738.57
741.84
744.71
747.19
749.26
750.92
752.17
753.00
753.42
569.48
578.79
588.07
597.28
606.42
615.46
624.39
633.19
641.83
650.31
658.60
666.68
674.55
682.18
689.55
696.66
703.49
710.01
716.23
722.13
727.68
732.89
737.75
742.23
746.34
750.06
753.39
756.31
758.83
760.94
762.63
763.90
764.75
765.17
577.91
587.43
596.91
606.33
615.66
624.90
634.01
642.99
651.81
660.46
668.92
677.17
685.19
692.96
700.48
707.73
714.68
721.33
727.67
733.67
739.33
744.64
749.58
754.15
758.33
762.12
765.51
768.49
771.06
773.20
774.92
776.22
777.08
777.51
586.73
596.47
606.16
615.79
625.32
634.76
644.07
653.24
662.24
671.07
679.70
688.11
696.29
704.22
711.89
719.28
726.37
733.15
739.61
745.73
751.50
756.91
761.94
766.60
770.86
774.72
778.17
781.21
783.82
786.01
787.76
789.08
789.96
790.40
595.91
605.87
615.78
625.62
635.37
645.01
654.52
663.89
673.08
682.09
690.90
699.49
707.83
715.93
723.75
731.28
738.51
745.43
752.01
758.25
764.13
769.65
774.78
779.53
783.87
787.81
791.32
794.42
797.08
799.31
801.10
802.44
803.34
803.78
605.42
615.61
625.75
635.81
645.78
655.63
665.35
674.91
684.30
693.50
702.49
711.26
719.78
728.03
736.01
743.70
751.08
758.13
764.85
771.21
777.21
782.83
788.07
792.90
797.33
801.34
804.93
808.09
810.80
813.07
814.89
816.26
817.18
817.63
615.24
625.66
636.03
646.32
656.51
666.58
676.51
686.28
695.87
705.26
714.44
723.39
732.09
740.51
748.66
756.50
764.03
771.22
778.07
784.56
790.68
796.42
801.76
806.69
811.21
815.30
818.95
822.17
824.94
827.26
829.11
830.51
831.44
831.91
625.33
636.00
646.60
657.12
667.53
677.82
687.97
697.95
707.75
717.34
726.72
735.85
744.73
753.33
761.64
769.64
777.32
784.66
791.65
798.28
804.52
810.37
815.81
820.85
825.45
829.63
833.36
836.64
839.46
841.82
843.72
845.14
846.09
846.57
635.67
646.58
657.43
668.18
678.83
689.34
699.71
709.90
719.91
729.71
739.28
748.60
757.67
766.45
774.93
783.10
790.93
798.42
805.55
812.31
818.68
824.65
830.21
835.34
840.04
844.30
848.10
851.45
854.33
856.74
858.67
860.13
861.10
861.58
646.24
657.40
668.48
679.48
690.36
701.10
711.69
722.11
732.32
742.33
752.10
761.62
770.87
779.83
788.49
796.82
804.82
812.47
819.74
826.64
833.13
839.22
844.89
850.13
854.93
859.27
863.15
866.57
869.51
871.96
873.94
875.42
876.41
876.90
657.00
668.41
679.74
690.98
702.10
713.07
723.89
734.52
744.96
755.17
765.15
774.87
784.31
793.45
802.29
810.80
818.96
826.76
834.18
841.22
847.85
854.06
859.84
865.19
870.08
874.51
878.47
881.96
884.96
887.47
889.48
890.99
892.00
892.51
667.93
679.60
691.18
702.66
714.02
725.23
736.27
747.13
757.79
768.21
778.40
788.31
797.95
807.28
816.30
824.98
833.31
841.26
848.84
856.02
862.78
869.12
875.03
880.48
885.47
889.99
894.04
897.59
900.65
903.21
905.27
906.81
907.84
908.35
679.01
690.93
702.77
714.49
726.09
737.54
748.82
759.90
770.78
781.42
791.81
801.93
811.76
821.29
830.48
839.34
847.84
855.96
863.69
871.01
877.91
884.38
890.41
895.97
901.06
905.68
909.80
913.43
916.56
919.17
921.27
922.84
923.89
924.42
690.21
702.39
714.48
726.45
738.29
749.98
761.49
772.80
783.90
794.76
805.36
815.69
825.72
835.44
844.82
853.85
862.52
870.81
878.69
886.17
893.21
899.81
905.95
911.63
916.83
921.54
925.75
929.45
932.64
935.31
937.45
939.05
940.13
940.66
701.51
713.95
726.28
738.51
750.59
762.52
774.26
785.81
797.13
808.21
819.02
829.56
839.79
849.70
859.27
868.49
877.33
885.78
893.83
901.45
908.64
915.37
921.64
927.44
932.74
937.55
941.84
945.62
948.88
951.60
953.78
955.42
956.52
957.06
712.88
725.57
738.17
750.64
762.97
775.14
787.12
798.89
810.44
821.74
832.77
843.51
853.95
864.06
873.82
883.22
892.24
900.86
909.07
916.84
924.17
931.04
937.44
943.35
948.77
953.67
958.06
961.91
965.23
968.01
970.24
971.92
973.03
973.59
724.30
737.25
750.10
762.82
775.40
787.81
800.02
812.03
823.80
835.33
846.57
857.53
868.17
878.48
888.43
898.02
907.22
916.01
924.38
932.31
939.79
946.80
953.33
959.36
964.88
969.89
974.36
978.30
981.69
984.52
986.80
988.51
989.65
990.22
735.75
748.96
762.06
775.03
787.85
800.50
812.96
825.20
837.20
848.94
860.41
871.58
882.42
892.93
903.08
912.86
922.24
931.20
939.74
947.83
955.46
962.61
969.27
975.42
981.06
986.17
990.74
994.75
998.21
1001.11
1003.43
1005.18
1006.34
1006.93
747.21
760.67
774.02
787.24
800.31
813.20
825.90
838.37
850.60
862.57
874.26
885.64
896.69
907.40
917.75
927.71
937.28
946.42
955.12
963.38
971.16
978.45
985.25
991.53
997.28
1002.49
1007.15
1011.26
1014.79
1017.74
1020.12
1021.90
1023.09
1023.68
758.64
772.36
785.97
799.44
812.75
825.89
838.82
851.52
863.99
876.18
888.08
899.68
910.95
921.86
932.41
942.56
952.31
961.63
970.51
978.92
986.86
994.30
1001.23
1007.64
1013.51
1018.83
1023.59
1027.78
1031.39
1034.41
1036.83
1038.65
1039.86
1040.47
770.04
784.02
797.88
811.60
825.15
838.53
851.70
864.64
877.33
889.75
901.88
913.69
925.16
936.29
947.03
957.38
967.32
976.82
985.87
994.45
1002.55
1010.14
1017.21
1023.75
1029.74
1035.17
1040.03
1044.31
1047.99
1051.07
1053.55
1055.41
1056.65
1057.27
781.39
795.62
809.72
823.69
837.49
851.11
864.52
877.69
890.61
903.26
915.61
927.64
939.32
950.65
961.60
972.15
982.28
991.96
1001.19
1009.94
1018.19
1025.94
1033.15
1039.83
1045.94
1051.49
1056.45
1060.81
1064.58
1067.72
1070.25
1072.15
1073.42
1074.05
792.66
807.13
821.49
835.70
849.75
863.61
877.25
890.66
903.81
916.68
929.25
941.50
953.41
964.94
976.10
986.84
997.16
1007.03
1016.44
1025.36
1033.78
1041.68
1049.05
1055.86
1062.10
1067.76
1072.82
1077.28
1081.13
1084.34
1086.92
1088.86
1090.16
1090.81
803.83
818.56
833.16
847.62
861.90
876.00
889.88
903.52
916.90
930.00
942.80
955.27
967.39
979.14
990.49
1001.44
1011.96
1022.02
1031.61
1040.70
1049.29
1057.35
1064.86
1071.81
1078.19
1083.97
1089.14
1093.70
1097.62
1100.91
1103.55
1105.53
1106.86
1107.52
814.89
829.86
844.71
859.41
873.94
888.27
902.39
916.26
929.87
943.20
956.22
968.91
981.24
993.21
1004.77
1015.92
1026.64
1036.89
1046.67
1055.94
1064.70
1072.92
1080.59
1087.69
1094.19
1100.10
1105.38
1110.04
1114.05
1117.41
1120.10
1122.13
1123.49
1124.16
825.81
841.03
856.12
871.06
885.83
900.40
914.75
928.86
942.70
956.25
969.50
982.41
994.96
1007.14
1018.92
1030.27
1041.19
1051.63
1061.60
1071.06
1079.99
1088.38
1096.21
1103.45
1110.10
1116.13
1121.53
1126.29
1130.39
1133.82
1136.58
1138.65
1140.04
1140.73
836.59
852.05
867.38
882.56
897.56
912.37
926.95
941.29
955.36
969.14
982.61
995.75
1008.52
1020.91
1032.90
1044.47
1055.58
1066.23
1076.39
1086.03
1095.15
1103.71
1111.70
1119.09
1125.88
1132.04
1137.56
1142.43
1146.62
1150.14
1152.96
1155.08
1156.50
1157.21
847.20
862.89
878.46
893.88
909.12
924.16
938.97
953.54
967.84
981.85
995.55
1008.90
1021.90
1034.51
1046.71
1058.49
1069.81
1080.66
1091.02
1100.85
1110.15
1118.88
1127.04
1134.60
1141.53
1147.83
1153.48
1158.45
1162.74
1166.34
1169.23
1171.40
1172.85
1173.58
857.62
873.55
889.36
905.01
920.48
935.75
950.80
965.60
980.13
994.36
1008.28
1021.86
1035.08
1047.91
1060.33
1072.32
1083.85
1094.91
1105.46
1115.49
1124.98
1133.90
1142.23
1149.94
1157.03
1163.47
1169.25
1174.34
1178.73
1182.41
1185.37
1187.60
1189.09
1189.83
867.84
884.01
900.04
915.92
931.63
947.13
962.40
977.43
992.19
1006.65
1020.80
1034.60
1048.04
1061.09
1073.73
1085.94
1097.68
1108.95
1119.71
1129.94
1139.62
1148.73
1157.23
1165.12
1172.37
1178.96
1184.87
1190.08
1194.58
1198.35
1201.39
1203.67
1205.19
1205.95
877.85
894.25
910.51
926.62
942.54
958.27
973.78
989.03
1004.01
1018.70
1033.07
1047.10
1060.77
1074.04
1086.90
1099.33
1111.29
1122.77
1133.74
1144.18
1154.06
1163.36
1172.05
1180.12
1187.53
1194.27
1200.32
1205.66
1210.28
1214.14
1217.25
1219.59
1221.16
1221.94
887.63
904.25
920.73
937.06
953.22
969.17
984.90
1000.38
1015.59
1030.50
1045.10
1059.35
1073.24
1086.74
1099.83
1112.48
1124.66
1136.36
1147.54
1158.19
1168.28
1177.77
1186.66
1194.91
1202.50
1209.40
1215.60
1221.07
1225.80
1229.77
1232.96
1235.37
1236.98
1237.78
897.16
913.99
930.70
947.25
963.63
979.80
995.75
1011.46
1026.89
1042.03
1056.85
1071.33
1085.45
1099.18
1112.49
1125.36
1137.77
1149.69
1161.10
1171.96
1182.26
1191.96
1201.05
1209.48
1217.25
1224.33
1230.69
1236.30
1241.16
1245.23
1248.51
1250.98
1252.64
1253.46
906.43
923.48
940.40
957.17
973.76
990.15
1006.33
1022.25
1037.91
1053.27
1068.32
1083.02
1097.37
1111.32
1124.86
1137.96
1150.60
1162.75
1174.38
1185.47
1195.98
1205.90
1215.19
1223.83
1231.79
1239.05
1245.57
1251.34
1256.32
1260.51
1263.89
1266.43
1268.13
1268.98
915.42
932.68
949.81
966.79
983.60
1000.21
1016.60
1032.74
1048.62
1064.20
1079.47
1094.41
1108.98
1123.16
1136.93
1150.27
1163.14
1175.52
1187.38
1198.69
1209.44
1219.58
1229.09
1237.94
1246.10
1253.54
1260.24
1266.17
1271.30
1275.61
1279.08
1281.70
1283.46
1284.33
924.12
941.59
958.93
976.12
993.13
1009.95
1026.55
1042.91
1059.01
1074.81
1090.31
1105.47
1120.26
1134.68
1148.68
1162.25
1175.36
1187.97
1200.07
1211.63
1222.60
1232.98
1242.71
1251.78
1260.15
1267.80
1274.68
1280.78
1286.07
1290.51
1294.09
1296.80
1298.60
1299.51
932.52
950.19
967.73
985.12
1002.34
1019.37
1036.18
1052.75
1069.06
1085.08
1100.80
1116.18
1131.21
1145.85
1160.09
1173.90
1187.25
1200.10
1212.45
1224.24
1235.46
1246.08
1256.05
1265.35
1273.95
1281.80
1288.89
1295.17
1300.62
1305.21
1308.91
1311.70
1313.57
1314.51
940.60
958.46
976.20
993.79
1011.21
1028.44
1045.46
1062.24
1078.76
1095.00
1110.93
1126.54
1141.79
1156.67
1171.15
1185.19
1198.78
1211.89
1224.48
1236.53
1248.00
1258.86
1269.09
1278.63
1287.46
1295.55
1302.85
1309.33
1314.95
1319.70
1323.53
1326.42
1328.36
1329.33
948.35
966.40
984.33
1002.11
1019.73
1037.15
1054.37
1071.36
1088.09
1104.54
1120.69
1136.52
1152.00
1167.11
1181.82
1196.11
1209.95
1223.30
1236.15
1248.46
1260.19
1271.32
1281.80
1291.60
1300.69
1309.01
1316.54
1323.24
1329.06
1333.97
1337.94
1340.94
1342.96
1343.97
955.77
974.00
992.10
1010.07
1027.88
1045.50
1062.91
1080.09
1097.03
1113.69
1130.06
1146.11
1161.81
1177.15
1192.10
1206.63
1220.72
1234.33
1247.44
1260.01
1272.01
1283.41
1294.17
1304.24
1313.60
1322.18
1329.96
1336.89
1342.92
1348.02
1352.15
1355.27
1357.37
1358.42
962.83
981.23
999.51
1017.66
1035.65
1053.45
1071.05
1088.43
1105.57
1122.43
1139.01
1155.28
1171.21
1186.78
1201.96
1216.74
1231.07
1244.95
1258.32
1271.17
1283.45
1295.13
1306.18
1316.54
1326.17
1335.04
1343.09
1350.27
1356.54
1361.84
1366.14
1369.41
1371.60
1372.69
969.52
988.09
1006.54
1024.86
1043.02
1061.01
1078.79
1096.36
1113.69
1130.76
1147.54
1164.02
1180.17
1195.96
1211.38
1226.40
1241.00
1255.13
1268.78
1281.90
1294.47
1306.45
1317.79
1328.46
1338.40
1347.57
1355.91
1363.37
1369.89
1375.43
1379.93
1383.34
1385.64
1386.79
975.84
994.56
1013.18
1031.66
1049.99
1068.15
1086.11
1103.86
1121.38
1138.64
1155.62
1172.31
1188.67
1204.69
1220.35
1235.61
1250.46
1264.85
1278.78
1292.19
1305.06
1317.34
1329.00
1339.99
1350.25
1359.74
1368.40
1376.17
1382.98
1388.77
1393.49
1397.08
1399.50
1400.71
981.77
1000.65
1019.41
1038.05
1056.54
1074.86
1093.00
1110.92
1128.62
1146.06
1163.24
1180.13
1196.70
1212.95
1228.83
1244.33
1259.43
1274.10
1288.30
1302.00
1315.17
1327.77
1339.76
1351.09
1361.70
1371.54
1380.54
1388.64
1395.77
1401.86
1406.83
1410.62
1413.18
1414.46
987.31
1006.32
1025.23
1044.02
1062.66
1081.14
1099.43
1117.52
1135.39
1153.02
1170.38
1187.46
1204.24
1220.70
1236.81
1252.55
1267.90
1282.83
1297.31
1311.30
1324.79
1337.71
1350.04
1361.72
1372.70
1382.92
1392.30
1400.78
1408.27
1414.68
1419.94
1423.97
1426.69
1428.06
992.44
1011.58
1030.63
1049.55
1068.34
1086.96
1105.41
1123.66
1141.69
1159.48
1177.03
1194.29
1211.27
1227.93
1244.26
1260.24
1275.83
1291.02
1305.78
1320.07
1333.87
1347.13
1359.81
1371.87
1383.24
1393.86
1403.65
1412.54
1420.43
1427.23
1432.83
1437.13
1440.05
1441.52
997.15
1016.42
1035.59
1054.64
1073.56
1092.32
1110.91
1129.30
1147.49
1165.45
1183.16
1200.60
1217.77
1234.63
1251.17
1267.37
1283.20
1298.64
1313.67
1328.26
1342.37
1355.97
1369.02
1381.46
1393.25
1404.30
1414.55
1423.90
1432.24
1439.48
1445.47
1450.10
1453.26
1454.86
1001.44
1020.82
1040.11
1059.28
1078.32
1097.21
1115.93
1134.46
1152.79
1170.89
1188.76
1206.37
1223.71
1240.76
1257.50
1273.91
1289.98
1305.67
1320.97
1335.84
1350.27
1364.21
1377.63
1390.47
1402.68
1414.20
1424.93
1434.79
1443.66
1451.40
1457.86
1462.90
1466.36
1468.11
1005.30
1024.79
1044.18
1063.46
1082.61
1101.61
1120.45
1139.10
1157.56
1175.81
1193.82
1211.59
1229.09
1246.32
1263.24
1279.86
1296.14
1312.06
1327.62
1342.78
1357.51
1371.79
1385.57
1398.82
1411.48
1423.48
1434.74
1445.16
1454.62
1462.95
1469.99
1475.52
1479.36
1481.32
1008.73
1028.30
1047.78
1067.16
1086.41
1105.51
1124.46
1143.23
1161.81
1180.18
1198.32
1216.23
1233.88
1251.27
1268.37
1285.17
1301.65
1317.80
1333.60
1349.02
1364.05
1378.66
1392.81
1406.46
1419.57
1432.08
1443.90
1454.94
1465.05
1474.08
1481.81
1487.99
1492.32
1494.56
1011.71
1031.36
1050.93
1070.39
1089.72
1108.92
1127.96
1146.83
1165.51
1183.99
1202.25
1220.29
1238.07
1255.60
1272.86
1289.83
1306.49
1322.85
1338.87
1354.54
1369.85
1384.76
1399.26
1413.31
1426.87
1439.89
1452.30
1464.00
1474.86
1484.70
1493.29
1500.29
1505.31
1507.95
1014.24
1033.96
1053.59
1073.13
1092.54
1111.81
1130.93
1149.89
1168.66
1187.24
1205.60
1223.74
1241.65
1259.30
1276.69
1293.81
1310.64
1327.17
1343.40
1359.29
1374.85
1390.05
1404.87
1419.30
1433.29
1446.82
1459.81
1472.21
1483.88
1494.67
1504.31
1512.41
1518.41
1521.66
1016.32
1036.09
1055.79
1075.38
1094.85
1114.19
1133.38
1152.40
1171.25
1189.91
1208.36
1226.59
1244.59
1262.35
1279.86
1297.10
1314.07
1330.76
1347.15
1363.24
1379.01
1394.46
1409.58
1424.34
1438.73
1452.73
1466.30
1479.40
1491.93
1503.78
1514.70
1524.28
1531.79
1536.02
1017.94
1037.76
1057.49
1077.13
1096.65
1116.04
1135.29
1154.37
1173.27
1191.99
1210.51
1228.81
1246.89
1264.73
1282.33
1299.68
1316.76
1333.57
1350.10
1366.35
1382.30
1397.96
1413.32
1428.36
1443.10
1457.51
1471.60
1485.35
1498.73
1511.70
1524.12
1535.70
1545.68
1551.50
1019.10
1038.95
1058.72
1078.39
1097.94
1117.37
1136.65
1155.77
1174.72
1193.49
1212.05
1230.41
1248.54
1266.44
1284.11
1301.53
1318.69
1335.59
1352.22
1368.59
1384.68
1400.49
1416.03
1431.29
1446.29
1461.04
1475.55
1489.84
1503.96
1517.98
1531.97
1546.06
1560.97
1567.78
1019.79
1039.66
1059.45
1079.14
1098.72
1118.17
1137.47
1156.62
1175.59
1194.38
1212.98
1231.36
1249.53
1267.47
1285.18
1302.64
1319.85
1336.81
1353.51
1369.94
1386.11
1402.02
1417.67
1433.08
1448.24
1463.20
1477.98
1492.64
1507.28
1522.05
1537.23
1553.08
1568.82
1575.21
1020.02
1039.90
1059.69
1079.39
1098.98
1118.43
1137.74
1156.90
1175.88
1194.68
1213.29
1231.68
1249.86
1267.82
1285.54
1303.01
1320.24
1337.22
1353.93
1370.39
1386.59
1402.53
1418.22
1433.67
1448.90
1463.93
1478.80
1493.59
1508.42
1523.47
1539.10
1555.64
1571.26
1577.41
1019.79
1039.66
1059.45
1079.14
1098.72
1118.17
1137.47
1156.62
1175.59
1194.38
1212.97
1231.36
1249.53
1267.47
1285.18
1302.64
1319.85
1336.81
1353.50
1369.94
1386.11
1402.02
1417.67
1433.07
1448.24
1463.19
1477.97
1492.63
1507.27
1522.04
1537.22
1553.07
1568.80
1575.20
1019.09
1038.94
1058.71
1078.38
1097.94
1117.37
1136.65
1155.77
1174.72
1193.48
1212.05
1230.40
1248.53
1266.44
1284.10
1301.52
1318.68
1335.58
1352.22
1368.58
1384.67
1400.48
1416.02
1431.28
1446.28
1461.03
1475.53
1489.82
1503.95
1517.96
1531.94
1546.03
1560.94
1567.75
1017.93
1037.75
1057.49
1077.13
1096.65
1116.04
1135.28
1154.36
1173.27
1191.98
1210.50
1228.80
1246.88
1264.73
1282.32
1299.67
1316.75
1333.56
1350.09
1366.33
1382.29
1397.95
1413.30
1428.35
1443.08
1457.50
1471.58
1485.33
1498.71
1511.67
1524.09
1535.66
1545.62
1551.43
1016.31
1036.09
1055.78
1075.37
1094.84
1114.18
1133.37
1152.40
1171.24
1189.90
1208.35
1226.58
1244.58
1262.34
1279.84
1297.09
1314.06
1330.74
1347.14
1363.22
1379.00
1394.45
1409.56
1424.32
1438.71
1452.71
1466.28
1479.37
1491.90
1503.74
1514.65
1524.22
1531.71
1535.93
1014.23
1033.95
1053.59
1073.12
1092.53
1111.80
1130.92
1149.88
1168.65
1187.23
1205.59
1223.73
1241.63
1259.29
1276.68
1293.80
1310.63
1327.16
1343.38
1359.27
1374.83
1390.03
1404.85
1419.27
1433.27
1446.79
1459.78
1472.18
1483.85
1494.63
1504.26
1512.34
1518.33
1521.57
1011.70
1031.35
1050.92
1070.37
1089.71
1108.91
1127.95
1146.82
1165.50
1183.98
1202.24
1220.27
1238.06
1255.59
1272.84
1289.81
1306.48
1322.83
1338.85
1354.52
1369.82
1384.74
1399.24
1413.28
1426.84
1439.86
1452.26
1463.96
1474.82
1484.66
1493.23
1500.22
1505.23
1507.87
1008.72
1028.29
1047.77
1067.15
1086.40
1105.50
1124.45
1143.22
1161.79
1180.16
1198.31
1216.21
1233.87
1251.25
1268.35
1285.15
1301.63
1317.78
1333.58
1349.00
1364.03
1378.63
1392.78
1406.43
1419.54
1432.04
1443.86
1454.90
1465.01
1474.04
1481.76
1487.93
1492.26
1494.50
1005.29
1024.77
1044.16
1063.44
1082.59
1101.59
1120.43
1139.09
1157.55
1175.79
1193.80
1211.57
1229.07
1246.29
1263.22
1279.83
1296.11
1312.04
1327.59
1342.75
1357.48
1371.76
1385.54
1398.79
1411.45
1423.44
1434.70
1445.12
1454.57
1462.91
1469.94
1475.47
1479.30
1481.26
1001.43
1020.81
1040.09
1059.26
1078.30
1097.19
1115.91
1134.44
1152.77
1170.87
1188.74
1206.35
1223.69
1240.74
1257.48
1273.89
1289.95
1305.64
1320.94
1335.81
1350.24
1364.18
1377.59
1390.43
1402.64
1414.16
1424.89
1434.75
1443.61
1451.35
1457.81
1462.85
1466.30
1468.06
997.13
1016.40
1035.57
1054.63
1073.54
1092.30
1110.89
1129.28
1147.47
1165.42
1183.13
1200.58
1217.74
1234.60
1251.14
1267.34
1283.17
1298.61
1313.64
1328.23
1342.34
1355.94
1368.99
1381.43
1393.21
1404.26
1414.50
1423.85
1432.20
1439.43
1445.42
1450.05
1453.21
1454.81
992.42
1011.56
1030.61
1049.53
1068.32
1086.94
1105.39
1123.63
1141.66
1159.46
1177.00
1194.27
1211.24
1227.91
1244.23
1260.21
1275.80
1290.99
1305.74
1320.04
1333.83
1347.09
1359.77
1371.83
1383.19
1393.81
1403.61
1412.50
1420.39
1427.18
1432.78
1437.08
1440.00
1441.47
987.29
1006.30
1025.21
1044.00
1062.64
1081.12
1099.41
1117.50
1135.37
1152.99
1170.35
1187.44
1204.21
1220.67
1236.78
1252.52
1267.87
1282.79
1297.27
1311.27
1324.75
1337.67
1350.00
1361.68
1372.66
1382.88
1392.26
1400.73
1408.22
1414.63
1419.89
1423.92
1426.64
1428.01
981.75
1000.62
1019.39
1038.03
1056.52
1074.84
1092.97
1110.89
1128.59
1146.03
1163.21
1180.10
1196.67
1212.91
1228.80
1244.30
1259.40
1274.06
1288.26
1301.96
1315.13
1327.73
1339.72
1351.04
1361.65
1371.49
1380.49
1388.60
1395.72
1401.81
1406.78
1410.57
1413.12
1414.41
975.82
994.54
1013.15
1031.64
1049.97
1068.12
1086.08
1103.83
1121.35
1138.61
1155.59
1172.27
1188.64
1204.66
1220.31
1235.58
1250.42
1264.82
1278.74
1292.15
1305.01
1317.30
1328.96
1339.94
1350.21
1359.69
1368.35
1376.12
1382.92
1388.72
1393.43
1397.02
1399.44
1400.66
969.50
988.06
1006.51
1024.83
1042.99
1060.98
1078.76
1096.33
1113.66
1130.72
1147.51
1163.98
1180.13
1195.93
1211.35
1226.37
1240.96
1255.09
1268.73
1281.86
1294.43
1306.41
1317.75
1328.41
1338.35
1347.52
1355.86
1363.32
1369.84
1375.37
1379.87
1383.29
1385.58
1386.73
962.80
981.20
999.48
1017.63
1035.62
1053.42
1071.02
1088.40
1105.54
1122.40
1138.98
1155.24
1171.17
1186.74
1201.92
1216.70
1231.03
1244.90
1258.28
1271.12
1283.40
1295.09
1306.13
1316.49
1326.12
1334.99
1343.04
1350.22
1356.48
1361.79
1366.09
1369.35
1371.54
1372.64
955.74
973.97
992.07
1010.04
1027.84
1045.46
1062.88
1080.06
1096.99
1113.65
1130.02
1146.07
1161.77
1177.11
1192.06
1206.59
1220.67
1234.29
1247.39
1259.96
1271.97
1283.36
1294.12
1304.19
1313.54
1322.13
1329.91
1336.83
1342.87
1347.96
1352.09
1355.22
1357.31
1358.36
948.33
966.37
984.30
1002.08
1019.69
1037.12
1054.34
1071.32
1088.05
1104.50
1120.65
1136.48
1151.96
1167.07
1181.78
1196.07
1209.90
1223.26
1236.10
1248.41
1260.14
1271.27
1281.75
1291.55
1300.63
1308.96
1316.49
1323.18
1329.00
1333.91
1337.88
1340.89
1342.90
1343.91
940.57
958.43
976.17
993.75
1011.17
1028.40
1045.42
1062.20
1078.72
1094.96
1110.89
1126.50
1141.75
1156.63
1171.10
1185.15
1198.74
1211.84
1224.43
1236.48
1247.95
1258.81
1269.03
1278.58
1287.41
1295.49
1302.79
1309.27
1314.90
1319.64
1323.47
1326.36
1328.30
1329.27
932.49
950.15
967.69
985.08
1002.30
1019.33
1036.14
1052.71
1069.02
1085.04
1100.76
1116.14
1131.17
1145.81
1160.05
1173.85
1187.20
1200.05
1212.40
1224.19
1235.41
1246.02
1256.00
1265.30
1273.89
1281.75
1288.83
1295.11
1300.56
1305.15
1308.85
1311.64
1313.51
1314.45
924.09
941.55
958.89
976.08
993.10
1009.91
1026.51
1042.87
1058.97
1074.77
1090.26
1105.42
1120.22
1134.63
1148.64
1162.20
1175.31
1187.92
1200.02
1211.57
1222.55
1232.92
1242.66
1251.73
1260.10
1267.74
1274.62
1280.72
1286.00
1290.45
1294.03
1296.73
1298.54
1299.45
915.38
932.64
949.78
966.76
983.56
1000.17
1016.56
1032.70
1048.57
1064.16
1079.43
1094.36
1108.93
1123.11
1136.88
1150.22
1163.08
1175.46
1187.32
1198.64
1209.38
1219.52
1229.03
1237.88
1246.04
1253.48
1260.18
1266.10
1271.24
1275.55
1279.02
1281.64
1283.39
1284.27
906.39
923.44
940.36
957.13
973.72
990.11
1006.28
1022.21
1037.86
1053.22
1068.27
1082.98
1097.32
1111.27
1124.81
1137.91
1150.55
1162.69
1174.32
1185.41
1195.93
1205.84
1215.13
1223.77
1231.73
1238.99
1245.51
1251.27
1256.26
1260.45
1263.82
1266.37
1268.07
1268.92
897.12
913.96
930.66
947.21
963.59
979.76
995.71
1011.41
1026.85
1041.98
1056.81
1071.28
1085.40
1099.12
1112.44
1125.31
1137.72
1149.64
1161.04
1171.90
1182.20
1191.90
1200.99
1209.42
1217.19
1224.27
1230.62
1236.24
1241.09
1245.17
1248.45
1250.92
1252.57
1253.39
887.59
904.21
920.69
937.02
953.18
969.13
984.85
1000.33
1015.54
1030.46
1045.05
1059.30
1073.19
1086.69
1099.78
1112.42
1124.61
1136.30
1147.49
1158.13
1168.22
1177.71
1186.60
1194.85
1202.43
1209.34
1215.54
1221.01
1225.74
1229.71
1232.90
1235.30
1236.91
1237.71
877.81
894.21
910.47
926.57
942.50
958.23
973.73
988.98
1003.97
1018.65
1033.02
1047.05
1060.72
1073.99
1086.85
1099.27
1111.24
1122.72
1133.68
1144.12
1154.00
1163.30
1171.99
1180.05
1187.47
1194.21
1200.26
1205.60
1210.21
1214.08
1217.18
1219.53
1221.09
1221.87
867.80
883.97
900.00
915.88
931.58
947.08
962.36
977.38
992.14
1006.60
1020.74
1034.55
1047.99
1061.04
1073.68
1085.88
1097.63
1108.89
1119.65
1129.88
1139.56
1148.66
1157.17
1165.06
1172.31
1178.89
1184.80
1190.01
1194.51
1198.28
1201.32
1203.60
1205.12
1205.88
857.58
873.51
889.31
904.96
920.43
935.70
950.75
965.55
980.08
994.31
1008.23
1021.81
1035.02
1047.85
1060.27
1072.26
1083.79
1094.85
1105.40
1115.43
1124.92
1133.83
1142.16
1149.88
1156.97
1163.41
1169.18
1174.27
1178.66
1182.35
1185.30
1187.53
1189.02
1189.76
847.15
862.85
878.42
893.83
909.07
924.11
938.92
953.49
967.79
981.80
995.49
1008.85
1021.84
1034.45
1046.65
1058.43
1069.75
1080.60
1090.95
1100.79
1110.08
1118.82
1126.97
1134.53
1141.46
1147.76
1153.41
1158.38
1162.67
1166.27
1169.16
1171.33
1172.78
1173.51
836.55
852.00
867.33
882.51
897.51
912.32
926.90
941.24
955.31
969.09
982.56
995.69
1008.46
1020.85
1032.84
1044.41
1055.52
1066.17
1076.32
1085.97
1095.08
1103.64
1111.63
1119.03
1125.81
1131.97
1137.49
1142.36
1146.55
1150.06
1152.89
1155.01
1156.43
1157.13
825.77
840.99
856.08
871.02
885.78
900.35
914.70
928.81
942.65
956.20
969.44
982.35
994.90
1007.08
1018.86
1030.21
1041.12
1051.57
1061.53
1070.99
1079.93
1088.31
1096.14
1103.38
1110.03
1116.06
1121.46
1126.21
1130.31
1133.75
1136.51
1138.58
1139.97
1140.66
814.84
829.82
844.66
859.36
873.89
888.22
902.33
916.21
929.82
943.15
956.16
968.85
981.19
993.15
1004.71
1015.86
1026.57
1036.83
1046.60
1055.88
1064.63
1072.85
1080.52
1087.62
1094.12
1100.02
1105.31
1109.96
1113.98
1117.33
1120.03
1122.06
1123.41
1124.09
803.78
818.51
833.11
847.57
861.85
875.95
889.83
903.47
916.85
929.95
942.74
955.21
967.33
979.07
990.43
1001.38
1011.89
1021.95
1031.54
1040.64
1049.22
1057.28
1064.79
1071.74
1078.12
1083.90
1089.07
1093.62
1097.55
1100.83
1103.47
1105.46
1106.78
1107.44
792.61
807.09
821.44
835.65
849.70
863.55
877.20
890.60
903.75
916.62
929.19
941.44
953.34
964.88
976.03
986.78
997.10
1006.97
1016.37
1025.29
1033.71
1041.61
1048.97
1055.78
1062.03
1067.69
1072.75
1077.21
1081.05
1084.27
1086.85
1088.79
1090.08
1090.73
781.34
795.57
809.67
823.64
837.44
851.06
864.46
877.63
890.55
903.20
915.55
927.57
939.26
950.59
961.54
972.08
982.21
991.89
1001.12
1009.87
1018.12
1025.87
1033.08
1039.76
1045.87
1051.41
1056.37
1060.74
1064.50
1067.65
1070.17
1072.07
1073.34
1073.97
770.00
783.97
797.83
811.54
825.10
838.47
851.64
864.58
877.27
889.69
901.82
913.63
925.10
936.22
946.97
957.32
967.25
976.75
985.80
994.38
1002.48
1010.07
1017.14
1023.68
1029.67
1035.10
1039.96
1044.23
1047.91
1051.00
1053.47
1055.33
1056.57
1057.19
758.60
772.31
785.92
799.39
812.70
825.83
838.76
851.47
863.93
876.12
888.02
899.62
910.88
921.80
932.34
942.50
952.24
961.56
970.44
978.85
986.79
994.23
1001.16
1007.57
1013.44
1018.76
1023.52
1027.70
1031.31
1034.33
1036.75
1038.57
1039.78
1040.39
747.16
760.62
773.97
787.19
800.26
813.15
825.84
838.31
850.54
862.51
874.19
885.57
896.63
907.34
917.68
927.65
937.21
946.35
955.05
963.30
971.08
978.38
985.17
991.45
997.20
1002.41
1007.08
1011.18
1014.71
1017.67
1020.04
1021.82
1023.01
1023.60
735.70
748.91
762.01
774.98
787.80
800.45
812.90
825.14
837.14
848.88
860.35
871.51
882.36
892.87
903.02
912.79
922.17
931.13
939.67
947.76
955.38
962.53
969.19
975.35
980.98
986.09
990.66
994.68
998.14
1001.03
1003.35
1005.10
1006.26
1006.85
724.25
737.20
750.05
762.77
775.34
787.75
799.97
811.97
823.74
835.26
846.51
857.46
868.10
878.41
888.36
897.95
907.15
915.94
924.31
932.24
939.71
946.72
953.25
959.28
964.80
969.81
974.28
978.22
981.61
984.44
986.72
988.43
989.57
990.14
712.83
725.52
738.11
750.59
762.91
775.08
787.06
798.83
810.38
821.68
832.71
843.45
853.88
863.99
873.75
883.15
892.17
900.79
908.99
916.77
924.10
930.97
937.37
943.28
948.69
953.59
957.98
961.83
965.15
967.93
970.16
971.83
972.95
973.51
701.46
713.89
726.23
738.45
750.54
762.46
774.20
785.75
797.07
808.14
818.96
829.49
839.72
849.63
859.21
868.42
877.26
885.71
893.76
901.38
908.56
915.30
921.57
927.36
932.66
937.47
941.76
945.54
948.80
951.52
953.70
955.34
956.44
956.98
690.16
702.34
714.42
726.40
738.24
749.92
761.43
772.74
783.84
794.70
805.30
815.62
825.65
835.37
844.75
853.78
862.45
870.74
878.62
886.09
893.13
899.73
905.88
911.55
916.75
921.46
925.67
929.37
932.56
935.23
937.36
938.97
940.05
940.58
678.96
690.88
702.71
714.44
726.03
737.48
748.76
759.84
770.71
781.35
791.74
801.86
811.69
821.22
830.42
839.27
847.77
855.89
863.61
870.94
877.84
884.31
890.33
895.89
900.98
905.60
909.72
913.35
916.47
919.09
921.18
922.76
923.81
924.33
667.88
679.55
691.13
702.61
713.96
725.17
736.21
747.07
757.72
768.15
778.33
788.25
797.88
807.21
816.23
824.91
833.23
841.19
848.77
855.94
862.71
869.05
874.95
880.40
885.39
889.91
893.95
897.51
900.57
903.13
905.18
906.73
907.76
908.27
656.95
668.36
679.69
690.93
702.04
713.02
723.83
734.46
744.90
755.11
765.08
774.80
784.24
793.39
802.22
810.72
818.88
826.68
834.11
841.14
847.77
853.98
859.77
865.11
870.00
874.43
878.39
881.88
884.88
887.38
889.40
890.91
891.92
892.42
646.19
657.35
668.43
679.42
690.30
701.04
711.63
722.04
732.26
742.27
752.04
761.55
770.80
779.76
788.42
796.75
804.75
812.39
819.67
826.56
833.06
839.15
844.81
850.05
854.84
859.19
863.07
866.48
869.42
871.88
873.85
875.34
876.33
876.82
635.62
646.53
657.37
668.13
678.77
689.28
699.65
709.84
719.85
729.64
739.21
748.54
757.60
766.38
774.86
783.02
790.86
798.35
805.48
812.23
818.60
824.57
830.13
835.26
839.96
844.21
848.02
851.37
854.25
856.66
858.59
860.04
861.01
861.50
625.28
635.94
646.55
657.06
667.48
677.77
687.91
697.89
707.68
717.28
726.65
735.78
744.66
753.26
761.57
769.57
777.25
784.59
791.58
798.20
804.44
810.29
815.73
820.77
825.37
829.54
833.27
836.56
839.38
841.74
843.64
845.06
846.01
846.49
615.19
625.61
635.98
646.26
656.45
666.52
676.44
686.21
695.80
705.20
714.38
723.32
732.02
740.44
748.59
756.43
763.95
771.15
778.00
784.49
790.60
796.34
801.68
806.61
811.12
815.22
818.87
822.09
824.86
827.17
829.03
830.43
831.36
831.82
605.37
615.56
625.70
635.76
645.72
655.57
665.29
674.85
684.24
693.44
702.43
711.19
719.71
727.96
735.94
743.63
751.00
758.06
764.77
771.13
777.13
782.75
787.99
792.82
797.25
801.26
804.85
808.00
810.72
812.99
814.81
816.18
817.09
817.55
595.86
605.82
615.73
625.57
635.32
644.95
654.46
663.82
673.02
682.03
690.83
699.42
707.76
715.86
723.68
731.21
738.44
745.35
751.94
758.17
764.06
769.57
774.70
779.45
783.79
787.72
791.24
794.33
797.00
799.22
801.01
802.35
803.25
803.70
586.68
596.42
606.11
615.73
625.27
634.70
644.01
653.17
662.18
671.00
679.63
688.04
696.22
704.15
711.82
719.20
726.29
733.07
739.53
745.65
751.42
756.83
761.86
766.52
770.78
774.64
778.09
781.12
783.74
785.92
787.67
788.99
789.87
790.31
577.86
587.38
596.86
606.27
615.61
624.84
633.95
642.93
651.75
660.40
668.85
677.10
685.12
692.89
700.41
707.65
714.61
721.26
727.59
733.59
739.26
744.56
749.50
754.07
758.25
762.04
765.43
768.41
770.97
773.12
774.84
776.13
777.00
777.43
569.43
578.74
588.01
597.23
606.36
615.40
624.33
633.13
641.77
650.24
658.53
666.62
674.48
682.11
689.48
696.59
703.41
709.94
716.16
722.05
727.61
732.82
737.67
742.15
746.26
749.98
753.30
756.23
758.75
760.85
762.55
763.82
764.66
765.09
561.41
570.52
579.60
588.62
597.57
606.42
615.17
623.79
632.27
640.58
648.71
656.64
664.35
671.84
679.08
686.05
692.75
699.16
705.26
711.05
716.51
721.62
726.39
730.79
734.83
738.48
741.75
744.63
747.10
749.17
750.83
752.08
752.92
753.33
553.83
562.75
571.64
580.48
589.25
597.93
606.51
614.96
623.27
631.43
639.41
647.19
654.77
662.12
669.22
676.08
682.66
688.95
694.95
700.64
706.00
711.03
715.71
720.04
724.01
727.60
730.81
733.64
736.07
738.11
739.74
740.97
741.79
742.20
546.72
555.46
564.17
572.83
581.43
589.95
598.37
606.67
614.83
622.83
630.67
638.31
645.76
652.98
659.96
666.70
673.17
679.36
685.25
690.85
696.12
701.07
705.68
709.93
713.84
717.37
720.53
723.31
725.71
727.71
729.32
730.53
731.33
731.73
540.10
548.67
557.21
565.72
574.16
582.52
590.78
598.93
606.95
614.82
622.52
630.04
637.36
644.46
651.33
657.95
664.32
670.41
676.21
681.72
686.91
691.78
696.31
700.51
704.35
707.83
710.94
713.68
716.04
718.01
719.59
720.78
721.58
721.97
533.99
542.41
550.80
559.15
567.44
575.66
583.79
591.80
599.68
607.42
615.00
622.40
629.60
636.59
643.36
649.88
656.15
662.15
667.86
673.28
678.40
683.20
687.67
691.80
695.58
699.01
702.08
704.78
707.10
709.05
710.61
711.78
712.56
712.96
533.01
541.43
549.83
558.18
566.48
574.71
582.84
590.86
598.76
606.51
614.10
621.51
628.72
635.72
642.50
649.03
655.31
661.33
667.05
672.49
677.61
682.42
686.90
691.04
694.84
698.27
701.35
704.06
706.39
708.33
709.90
711.07
711.86
712.25
539.14
547.71
556.27
564.77
573.22
581.59
589.87
598.03
606.06
613.94
621.65
629.18
636.51
643.63
650.51
657.15
663.53
669.63
675.45
680.96
686.17
691.05
695.59
699.80
703.65
707.14
710.26
713.00
715.37
717.34
718.93
720.12
720.92
721.32
545.78
554.53
563.25
571.92
580.53
589.06
597.48
605.79
613.96
621.98
629.83
637.49
644.95
652.19
659.18
665.93
672.42
678.62
684.53
690.14
695.42
700.38
705.00
709.27
713.18
716.73
719.90
722.68
725.09
727.09
728.71
729.92
730.73
731.13
552.92
561.85
570.74
579.59
588.37
597.06
605.65
614.12
622.45
630.62
638.61
646.41
654.00
661.36
668.49
675.36
681.95
688.26
694.27
699.97
705.35
710.39
715.09
719.43
723.41
727.01
730.23
733.07
735.51
737.55
739.19
740.42
741.24
741.65
560.52
569.64
578.73
587.76
596.72
605.59
614.35
622.99
631.48
639.80
647.95
655.90
663.63
671.13
678.39
685.38
692.09
698.52
704.64
710.44
715.91
721.04
725.82
730.24
734.28
737.95
741.23
744.11
746.59
748.67
750.33
751.59
752.42
752.84
568.57
577.89
587.17
596.40
605.55
614.61
623.55
632.36
641.02
649.51
657.82
665.92
673.80
681.45
688.84
695.96
702.81
709.35
715.58
721.49
727.06
732.29
737.15
741.65
745.77
749.50
752.84
755.77
758.30
760.41
762.11
763.38
764.23
764.66
577.03
586.56
596.05
605.48
614.83
624.08
633.21
642.20
651.04
659.71
668.18
676.45
684.48
692.28
699.82
707.08
714.05
720.72
727.07
733.09
738.77
744.09
749.05
753.63
757.82
761.62
765.02
768.01
770.58
772.73
774.46
775.76
776.63
777.06
585.88
595.63
605.33
614.97
624.53
633.98
643.30
652.49
661.51
670.36
679.01
687.44
695.64
703.59
711.28
718.68
725.79
732.59
739.07
745.20
750.99
756.41
761.47
766.13
770.41
774.28
777.74
780.79
783.41
785.60
787.36
788.68
789.57
790.01
595.08
605.06
614.99
624.84
634.61
644.27
653.80
663.18
672.40
681.43
690.26
698.86
707.23
715.35
723.19
730.74
737.99
744.93
751.53
757.79
763.69
769.22
774.37
779.13
783.48
787.43
790.96
794.06
796.74
798.97
800.76
802.11
803.01
803.46
604.62
614.83
624.99
635.07
645.05
654.92
664.66
674.25
683.66
692.88
701.90
710.68
719.23
727.51
735.51
743.22
750.61
757.69
764.42
770.81
776.82
782.46
787.72
792.57
797.01
801.04
804.63
807.80
810.52
812.80
814.63
816.00
816.92
817.38
614.47
624.92
635.30
645.61
655.82
665.91
675.86
685.66
695.27
704.69
713.90
722.87
731.59
740.04
748.21
756.07
763.62
770.84
777.71
784.22
790.36
796.11
801.47
806.42
810.95
815.05
818.72
821.95
824.73
827.05
828.92
830.32
831.26
831.72
624.60
635.28
645.91
656.45
666.89
677.20
687.37
697.38
707.20
716.82
726.22
735.38
744.28
752.91
761.24
769.27
776.98
784.34
791.35
798.00
804.26
810.13
815.59
820.64
825.26
829.45
833.20
836.49
839.32
841.69
843.59
845.02
845.98
846.45
634.97
645.91
656.77
667.55
678.22
688.76
699.15
709.38
719.41
729.24
738.83
748.19
757.27
766.08
774.59
782.78
790.65
798.16
805.32
812.09
818.49
824.47
830.05
835.20
839.92
844.19
848.01
851.37
854.26
856.68
858.62
860.08
861.05
861.54
645.57
656.75
667.87
678.89
689.79
700.57
711.18
721.62
731.87
741.91
751.71
761.26
770.53
779.52
788.21
796.57
804.59
812.26
819.57
826.48
833.00
839.12
844.80
850.06
854.87
859.23
863.13
866.56
869.51
871.98
873.96
875.44
876.44
876.93
656.37
667.80
679.17
690.43
701.57
712.58
723.43
734.09
744.56
754.80
764.81
774.56
784.03
793.20
802.07
810.60
818.79
826.62
834.07
841.13
847.78
854.02
859.82
865.19
870.10
874.55
878.52
882.02
885.03
887.55
889.57
891.09
892.10
892.61
667.33
679.03
690.64
702.15
713.54
724.78
735.86
746.75
757.43
767.89
778.11
788.06
797.72
807.09
816.13
824.84
833.20
841.19
848.79
855.99
862.79
869.15
875.07
880.55
885.56
890.10
894.16
897.73
900.80
903.37
905.43
906.98
908.01
908.53
678.45
690.40
702.26
714.02
725.65
737.13
748.44
759.56
770.47
781.15
791.57
801.73
811.59
821.15
830.38
839.27
847.79
855.95
863.70
871.05
877.98
884.48
890.52
896.11
901.22
905.86
910.00
913.64
916.78
919.40
921.50
923.09
924.14
924.67
689.69
701.89
714.01
726.02
737.90
749.62
761.16
772.51
783.64
794.54
805.18
815.54
825.60
835.36
844.77
853.84
862.54
870.86
878.77
886.27
893.34
899.97
906.14
911.84
917.06
921.79
926.01
929.73
932.93
935.61
937.76
939.37
940.45
940.99
701.02
713.49
725.86
738.12
750.24
762.20
773.98
785.56
796.92
808.04
818.89
829.46
839.73
849.68
859.29
868.54
877.41
885.90
893.97
901.63
908.84
915.60
921.90
927.71
933.04
937.87
942.18
945.97
949.24
951.97
954.17
955.82
956.92
957.47
712.43
725.15
737.78
750.29
762.66
774.86
786.88
798.70
810.28
821.62
832.69
843.47
853.95
864.09
873.89
883.33
892.38
901.04
909.28
917.08
924.44
931.34
937.77
943.70
949.14
954.06
958.47
962.34
965.67
968.46
970.70
972.38
973.51
974.07
723.88
736.87
749.75
762.51
775.13
787.58
799.84
811.88
823.70
835.26
846.55
857.54
868.22
878.57
888.56
898.19
907.42
916.25
924.65
932.62
940.12
947.16
953.72
959.78
965.32
970.35
974.84
978.80
982.20
985.05
987.34
989.05
990.20
990.77
735.37
748.61
761.75
774.76
787.63
800.32
812.82
825.10
837.14
848.93
860.44
871.65
882.54
893.08
903.27
913.09
922.50
931.51
940.08
948.20
955.86
963.04
969.73
975.91
981.57
986.70
991.29
995.33
998.80
1001.71
1004.04
1005.80
1006.97
1007.55
746.85
760.36
773.75
787.02
800.13
813.06
825.80
838.32
850.59
862.61
874.34
885.76
896.86
907.61
918.00
928.00
937.60
946.78
955.53
963.81
971.63
978.95
985.78
992.08
997.86
1003.10
1007.78
1011.90
1015.45
1018.42
1020.80
1022.59
1023.79
1024.38
758.33
772.09
785.74
799.25
812.61
825.79
838.77
851.52
864.03
876.27
888.22
899.86
911.17
922.13
932.71
942.91
952.70
962.06
970.97
979.43
987.40
994.87
1001.83
1008.27
1014.17
1019.51
1024.29
1028.50
1032.12
1035.15
1037.59
1039.42
1040.64
1041.25
769.76
783.78
797.69
811.45
825.06
838.48
851.69
864.68
877.42
889.89
902.06
913.92
925.44
936.61
947.40
957.79
967.77
977.31
986.40
995.02
1003.15
1010.77
1017.88
1024.45
1030.47
1035.92
1040.80
1045.10
1048.80
1051.90
1054.38
1056.25
1057.50
1058.12
781.14
795.42
809.57
823.59
837.44
851.10
864.56
877.78
890.75
903.44
915.84
927.92
939.65
951.03
962.02
972.62
982.79
992.51
1001.78
1010.57
1018.86
1026.64
1033.89
1040.59
1046.74
1052.31
1057.29
1061.68
1065.46
1068.62
1071.16
1073.07
1074.34
1074.98
792.45
806.97
821.38
835.64
849.73
863.64
877.33
890.79
904.00
916.92
929.54
941.84
953.79
965.38
976.58
987.37
997.73
1007.65
1017.09
1026.06
1034.52
1042.45
1049.85
1056.69
1062.96
1068.65
1073.74
1078.22
1082.08
1085.31
1087.91
1089.86
1091.16
1091.81
803.65
818.43
833.08
847.59
861.93
876.08
890.01
903.70
917.14
930.29
943.13
955.65
967.82
979.62
991.03
1002.02
1012.58
1022.69
1032.32
1041.46
1050.09
1058.18
1065.73
1072.72
1079.12
1084.93
1090.13
1094.71
1098.65
1101.95
1104.61
1106.60
1107.93
1108.60
814.74
829.77
844.67
859.42
874.00
888.39
902.56
916.49
930.15
943.53
956.60
969.34
981.73
993.75
1005.36
1016.56
1027.32
1037.62
1047.44
1056.76
1065.56
1073.82
1081.53
1088.66
1095.20
1101.13
1106.44
1111.12
1115.15
1118.53
1121.24
1123.28
1124.64
1125.32
825.70
840.97
856.12
871.11
885.93
900.56
914.96
929.13
943.02
956.63
969.93
982.89
995.50
1007.73
1019.56
1030.97
1041.93
1052.43
1062.44
1071.94
1080.92
1089.35
1097.21
1104.49
1111.17
1117.23
1122.66
1127.44
1131.56
1135.01
1137.79
1139.87
1141.26
1141.96
836.51
852.02
867.41
882.65
897.71
912.57
927.21
941.60
955.73
969.57
983.09
996.28
1009.11
1021.56
1033.60
1045.22
1056.38
1067.08
1077.29
1086.98
1096.13
1104.74
1112.76
1120.20
1127.02
1133.22
1138.77
1143.65
1147.87
1151.40
1154.24
1156.37
1157.80
1158.51
847.15
862.90
878.53
894.00
909.30
924.40
939.27
953.90
968.26
982.32
996.07
1009.49
1022.54
1035.20
1047.46
1059.29
1070.67
1081.57
1091.97
1101.86
1111.20
1119.98
1128.18
1135.77
1142.74
1149.07
1154.75
1159.75
1164.06
1167.68
1170.58
1172.77
1174.23
1174.96
857.61
873.60
889.46
905.16
920.70
936.03
951.13
965.99
980.58
994.87
1008.85
1022.49
1035.77
1048.65
1061.13
1073.17
1084.76
1095.87
1106.48
1116.56
1126.09
1135.05
1143.43
1151.18
1158.31
1164.79
1170.59
1175.71
1180.13
1183.83
1186.81
1189.05
1190.54
1191.29
867.86
884.08
900.18
916.12
931.88
947.44
962.78
977.87
992.68
1007.21
1021.41
1035.28
1048.78
1061.89
1074.58
1086.85
1098.65
1109.97
1120.78
1131.07
1140.79
1149.95
1158.50
1166.43
1173.72
1180.34
1186.28
1191.53
1196.05
1199.85
1202.89
1205.19
1206.72
1207.49
877.90
894.35
910.67
926.84
942.83
958.62
974.19
989.51
1004.55
1019.30
1033.74
1047.83
1061.55
1074.89
1087.81
1100.29
1112.31
1123.85
1134.87
1145.36
1155.29
1164.64
1173.38
1181.49
1188.94
1195.73
1201.81
1207.18
1211.82
1215.71
1218.84
1221.19
1222.77
1223.55
887.70
904.38
920.93
937.32
953.54
969.56
985.35
1000.89
1016.16
1031.14
1045.80
1060.12
1074.07
1087.63
1100.78
1113.49
1125.73
1137.49
1148.73
1159.43
1169.57
1179.12
1188.05
1196.35
1203.98
1210.92
1217.16
1222.67
1227.42
1231.42
1234.63
1237.05
1238.66
1239.47
897.26
914.16
930.93
947.54
963.98
980.22
996.24
1012.01
1027.51
1042.71
1057.60
1072.14
1086.32
1100.11
1113.49
1126.42
1138.89
1150.87
1162.34
1173.26
1183.61
1193.37
1202.50
1210.99
1218.81
1225.92
1232.32
1237.97
1242.85
1246.96
1250.26
1252.74
1254.41
1255.24
906.56
923.67
940.66
957.49
974.15
990.61
1006.84
1022.84
1038.56
1053.99
1069.10
1083.87
1098.28
1112.30
1125.91
1139.07
1151.77
1163.98
1175.68
1186.82
1197.40
1207.37
1216.72
1225.41
1233.41
1240.71
1247.28
1253.08
1258.10
1262.32
1265.71
1268.27
1269.98
1270.84
915.57
932.90
950.10
967.15
984.02
1000.69
1017.15
1033.36
1049.30
1064.96
1080.30
1095.30
1109.94
1124.19
1138.02
1151.42
1164.36
1176.80
1188.73
1200.11
1210.91
1221.11
1230.67
1239.58
1247.79
1255.28
1262.02
1267.99
1273.15
1277.49
1280.99
1283.63
1285.40
1286.28
924.30
941.83
959.24
976.50
993.58
1010.47
1027.14
1043.57
1059.73
1075.60
1091.17
1106.40
1121.26
1135.75
1149.82
1163.45
1176.63
1189.31
1201.48
1213.09
1224.13
1234.57
1244.36
1253.49
1261.91
1269.61
1276.54
1282.68
1288.00
1292.48
1296.09
1298.81
1300.63
1301.54
932.72
950.46
968.07
985.53
1002.82
1019.91
1036.79
1053.43
1069.81
1085.91
1101.70
1117.15
1132.25
1146.96
1161.27
1175.15
1188.56
1201.49
1213.90
1225.77
1237.05
1247.73
1257.76
1267.13
1275.78
1283.69
1290.82
1297.15
1302.64
1307.26
1310.99
1313.81
1315.69
1316.64
940.83
958.76
976.56
994.22
1011.71
1029.01
1046.10
1062.95
1079.55
1095.86
1111.86
1127.54
1142.87
1157.82
1172.37
1186.48
1200.15
1213.32
1225.98
1238.10
1249.64
1260.58
1270.86
1280.47
1289.37
1297.51
1304.86
1311.39
1317.06
1321.84
1325.70
1328.62
1330.58
1331.55
948.61
966.72
984.72
1002.57
1020.25
1037.75
1055.04
1072.10
1088.90
1105.43
1121.66
1137.56
1153.11
1168.30
1183.08
1197.44
1211.35
1224.78
1237.71
1250.09
1261.89
1273.09
1283.64
1293.51
1302.66
1311.05
1318.64
1325.39
1331.26
1336.21
1340.22
1343.25
1345.28
1346.30
956.04
974.34
992.52
1010.55
1028.43
1046.12
1063.61
1080.87
1097.87
1114.61
1131.05
1147.18
1162.96
1178.37
1193.40
1208.01
1222.17
1235.86
1249.04
1261.69
1273.77
1285.24
1296.08
1306.22
1315.64
1324.30
1332.14
1339.13
1345.21
1350.36
1354.53
1357.68
1359.80
1360.86
963.12
981.59
999.95
1018.16
1036.22
1054.10
1071.78
1089.23
1106.44
1123.38
1140.04
1156.38
1172.39
1188.03
1203.30
1218.15
1232.57
1246.52
1259.97
1272.90
1285.26
1297.02
1308.15
1318.59
1328.30
1337.24
1345.36
1352.60
1358.93
1364.29
1368.64
1371.93
1374.14
1375.25
969.83
988.47
1006.99
1025.39
1043.62
1061.68
1079.54
1097.19
1114.59
1131.73
1148.59
1165.15
1181.38
1197.25
1212.76
1227.86
1242.53
1256.75
1270.48
1283.69
1296.34
1308.40
1319.83
1330.58
1340.60
1349.85
1358.27
1365.80
1372.39
1377.99
1382.54
1385.99
1388.31
1389.48
976.17
994.96
1013.65
1032.21
1050.61
1068.84
1086.88
1104.71
1122.30
1139.64
1156.70
1173.47
1189.91
1206.02
1221.75
1237.10
1252.03
1266.51
1280.52
1294.02
1306.98
1319.35
1331.10
1342.18
1352.53
1362.11
1370.86
1378.70
1385.59
1391.45
1396.23
1399.87
1402.31
1403.55
982.11
1001.06
1019.90
1038.62
1057.18
1075.58
1093.79
1111.79
1129.56
1147.09
1164.35
1181.31
1197.97
1214.30
1230.27
1245.86
1261.04
1275.79
1290.08
1303.88
1317.15
1329.84
1341.93
1353.35
1364.06
1374.00
1383.10
1391.29
1398.51
1404.67
1409.71
1413.56
1416.16
1417.46
987.67
1006.75
1025.74
1044.60
1063.32
1081.87
1100.24
1118.41
1136.36
1154.07
1171.51
1188.67
1205.54
1222.08
1238.28
1254.11
1269.54
1284.56
1299.14
1313.23
1326.81
1339.84
1352.27
1364.06
1375.15
1385.47
1394.97
1403.55
1411.14
1417.65
1422.99
1427.08
1429.85
1431.24
992.81
1012.03
1031.15
1050.15
1069.01
1087.71
1106.24
1124.56
1142.67
1160.55
1178.18
1195.53
1212.59
1229.34
1245.76
1261.82
1277.51
1292.79
1307.65
1322.04
1335.94
1349.31
1362.11
1374.28
1385.77
1396.51
1406.43
1415.44
1423.45
1430.35
1436.05
1440.43
1443.41
1444.91
997.54
1016.88
1036.13
1055.26
1074.25
1093.09
1111.75
1130.23
1148.49
1166.53
1184.33
1201.86
1219.11
1236.06
1252.69
1268.98
1284.91
1300.45
1315.58
1330.28
1344.50
1358.21
1371.38
1383.95
1395.86
1407.05
1417.44
1426.93
1435.41
1442.78
1448.89
1453.63
1456.86
1458.50
1001.84
1021.30
1040.66
1059.91
1079.02
1097.99
1116.78
1135.40
1153.81
1172.00
1189.95
1207.65
1225.08
1242.21
1259.05
1275.55
1291.71
1307.51
1322.91
1337.90
1352.44
1366.50
1380.05
1393.03
1405.38
1417.05
1427.94
1437.97
1447.00
1454.90
1461.52
1466.68
1470.23
1472.04
1005.71
1025.27
1044.74
1064.09
1083.32
1102.40
1121.32
1140.06
1158.60
1176.93
1195.03
1212.88
1230.47
1247.79
1264.81
1281.52
1297.90
1313.93
1329.60
1344.87
1359.72
1374.13
1388.05
1401.45
1414.27
1426.44
1437.88
1448.50
1458.15
1466.68
1473.91
1479.61
1483.58
1485.61
1009.15
1028.79
1048.35
1067.81
1087.13
1106.32
1125.34
1144.20
1162.86
1181.31
1199.54
1217.54
1235.28
1252.76
1269.95
1286.85
1303.44
1319.69
1335.60
1351.15
1366.31
1381.05
1395.34
1409.16
1422.44
1435.14
1447.17
1458.43
1468.79
1478.06
1486.04
1492.44
1496.95
1499.30
1012.13
1031.86
1051.50
1071.04
1090.45
1109.73
1128.85
1147.80
1166.57
1185.14
1203.49
1221.61
1239.48
1257.11
1274.46
1291.53
1308.30
1324.76
1340.90
1356.70
1372.14
1387.19
1401.85
1416.07
1429.82
1443.05
1455.69
1467.65
1478.80
1488.96
1497.87
1505.18
1510.46
1513.26
1014.67
1034.47
1054.18
1073.79
1093.28
1112.63
1131.84
1150.87
1169.73
1188.39
1206.84
1225.07
1243.07
1260.82
1278.31
1295.53
1312.47
1329.11
1345.45
1361.48
1377.17
1392.52
1407.51
1422.12
1436.32
1450.07
1463.33
1476.03
1488.05
1499.23
1509.30
1517.84
1524.24
1527.75
1016.75
1036.61
1056.37
1076.04
1095.60
1115.02
1134.29
1153.40
1172.33
1191.07
1209.61
1227.93
1246.02
1263.88
1281.48
1298.83
1315.91
1332.71
1349.22
1365.44
1381.36
1396.97
1412.26
1427.21
1441.82
1456.08
1469.94
1483.37
1496.31
1508.64
1520.13
1530.36
1538.51
1543.33
1018.38
1038.27
1058.09
1077.80
1097.40
1116.88
1136.20
1155.37
1174.36
1193.16
1211.76
1230.16
1248.33
1266.27
1283.97
1301.42
1318.61
1335.53
1352.19
1368.57
1384.67
1400.49
1416.03
1431.28
1446.24
1460.93
1475.33
1489.46
1503.31
1516.85
1530.00
1542.50
1553.43
1561.65
1019.54
1039.47
1059.31
1079.06
1098.70
1118.21
1137.57
1156.77
1175.81
1194.66
1213.31
1231.76
1249.98
1267.99
1285.75
1303.27
1320.55
1337.57
1354.33
1370.82
1387.06
1403.04
1418.76
1434.24
1449.48
1464.51
1479.35
1494.05
1508.68
1523.35
1538.22
1553.42
1567.28
1573.35
1020.24
1040.18
1060.05
1079.82
1099.48
1119.01
1138.39
1157.62
1176.68
1195.56
1214.24
1232.72
1250.98
1269.02
1286.82
1304.39
1321.72
1338.79
1355.61
1372.19
1388.51
1404.58
1420.42
1436.04
1451.45
1466.70
1481.83
1496.91
1512.09
1527.56
1543.81
1562.19
1573.92
1579.21
1020.47
1040.42
1060.29
1080.07
1099.73
1119.27
1138.67
1157.90
1176.97
1195.86
1214.55
1233.04
1251.31
1269.36
1287.18
1304.76
1322.10
1339.20
1356.04
1372.64
1388.99
1405.10
1420.98
1436.64
1452.12
1467.44
1482.67
1497.89
1513.25
1529.00
1545.65
1564.52
1575.89
1580.97
1020.24
1040.18
1060.05
1079.82
1099.47
1119.00
1138.39
1157.62
1176.68
1195.56
1214.24
1232.72
1250.98
1269.02
1286.82
1304.39
1321.71
1338.79
1355.61
1372.18
1388.50
1404.58
1420.42
1436.03
1451.45
1466.69
1481.82
1496.91
1512.08
1527.55
1543.79
1562.17
1573.90
1579.19
1019.54
1039.46
1059.31
1079.06
1098.70
1118.20
1137.57
1156.77
1175.80
1194.65
1213.31
1231.75
1249.98
1267.98
1285.75
1303.27
1320.54
1337.56
1354.32
1370.82
1387.05
1403.03
1418.75
1434.23
1449.47
1464.49
1479.34
1494.04
1508.67
1523.33
1538.20
1553.39
1567.24
1573.30
1018.37
1038.27
1058.08
1077.80
1097.40
1116.87
1136.19
1155.36
1174.35
1193.15
1211.76
1230.15
1248.32
1266.26
1283.96
1301.41
1318.60
1335.52
1352.18
1368.56
1384.66
1400.48
1416.01
1431.26
1446.23
1460.91
1475.31
1489.44
1503.28
1516.82
1529.96
1542.44
1553.35
1561.54
1016.75
1036.60
1056.37
1076.04
1095.59
1115.01
1134.28
1153.39
1172.32
1191.06
1209.60
1227.92
1246.01
1263.87
1281.47
1298.82
1315.90
1332.70
1349.21
1365.43
1381.35
1396.95
1412.24
1427.19
1441.80
1456.05
1469.91
1483.34
1496.28
1508.60
1520.08
1530.29
1538.41
1543.21
1014.66
1034.46
1054.17
1073.78
1093.27
1112.62
1131.83
1150.86
1169.72
1188.38
1206.83
1225.06
1243.06
1260.80
1278.29
1295.51
1312.45
1329.09
1345.43
1361.46
1377.15
1392.50
1407.49
1422.10
1436.29
1450.05
1463.31
1476.00
1488.01
1499.18
1509.24
1517.77
1524.15
1527.63
1012.12
1031.85
1051.49
1071.03
1090.44
1109.72
1128.84
1147.79
1166.56
1185.12
1203.47
1221.59
1239.47
1257.09
1274.44
1291.51
1308.28
1324.74
1340.88
1356.68
1372.11
1387.17
1401.83
1416.05
1429.80
1443.02
1455.66
1467.62
1478.76
1488.91
1497.81
1505.11
1510.38
1513.16
1009.13
1028.78
1048.34
1067.79
1087.12
1106.30
1125.33
1144.18
1162.84
1181.29
1199.53
1217.52
1235.26
1252.74
1269.93
1286.83
1303.42
1319.67
1335.58
1351.13
1366.28
1381.02
1395.32
1409.13
1422.41
1435.10
1447.13
1458.39
1468.74
1478.02
1485.99
1492.38
1496.88
1499.22
1005.70
1025.26
1044.72
1064.08
1083.30
1102.38
1121.30
1140.04
1158.58
1176.91
1195.01
1212.86
1230.45
1247.77
1264.79
1281.49
1297.87
1313.91
1329.57
1344.84
1359.70
1374.10
1388.02
1401.42
1414.23
1426.40
1437.84
1448.45
1458.10
1466.63
1473.86
1479.56
1483.52
1485.55
1001.82
1021.28
1040.64
1059.89
1079.00
1097.97
1116.77
1135.38
1153.79
1171.98
1189.93
1207.63
1225.05
1242.19
1259.02
1275.53
1291.69
1307.48
1322.88
1337.87
1352.41
1366.47
1380.01
1392.99
1405.35
1417.01
1427.90
1437.92
1446.95
1454.85
1461.47
1466.63
1470.18
1471.99
997.52
1016.86
1036.11
1055.24
1074.23
1093.07
1111.73
1130.21
1148.47
1166.51
1184.30
1201.84
1219.08
1236.03
1252.66
1268.95
1284.88
1300.42
1315.55
1330.24
1344.46
1358.18
1371.34
1383.91
1395.82
1407.01
1417.39
1426.88
1435.37
1442.73
1448.84
1453.57
1456.81
1458.44
992.79
1012.01
1031.13
1050.13
1068.99
1087.69
1106.21
1124.54
1142.65
1160.53
1178.15
1195.50
1212.56
1229.31
1245.73
1261.79
1277.48
1292.76
1307.61
1322.01
1335.91
1349.27
1362.07
1374.24
1385.72
1396.46
1406.38
1415.39
1423.40
1430.30
1436.00
1440.38
1443.35
1444.86
987.65
1006.73
1025.72
1044.58
1063.29
1081.85
1100.22
1118.39
1136.33
1154.04
1171.48
1188.65
1205.51
1222.05
1238.24
1254.07
1269.51
1284.53
1299.10
1313.19
1326.77
1339.80
1352.23
1364.02
1375.11
1385.43
1394.92
1403.50
1411.09
1417.59
1422.93
1427.02
1429.79
1431.19
982.09
1001.04
1019.88
1038.59
1057.16
1075.55
1093.76
1111.76
1129.54
1147.06
1164.32
1181.28
1197.94
1214.27
1230.23
1245.82
1261.01
1275.76
1290.05
1303.84
1317.10
1329.80
1341.88
1353.31
1364.01
1373.95
1383.05
1391.24
1398.46
1404.62
1409.66
1413.51
1416.10
1417.41
976.14
994.94
1013.63
1032.18
1050.58
1068.82
1086.86
1104.68
1122.27
1139.61
1156.67
1173.43
1189.88
1205.98
1221.72
1237.06
1251.99
1266.47
1280.48
1293.98
1306.94
1319.31
1331.06
1342.13
1352.49
1362.06
1370.81
1378.65
1385.54
1391.40
1396.18
1399.81
1402.26
1403.49
969.81
988.44
1006.97
1025.36
1043.59
1061.65
1079.51
1097.16
1114.56
1131.70
1148.56
1165.11
1181.34
1197.22
1212.72
1227.82
1242.49
1256.71
1270.43
1283.64
1296.30
1308.36
1319.78
1330.53
1340.56
1349.80
1358.22
1365.75
1372.34
1377.93
1382.48
1385.93
1388.26
1389.42
963.09
981.56
999.92
1018.13
1036.19
1054.07
1071.75
1089.20
1106.41
1123.35
1140.00
1156.34
1172.35
1188.00
1203.26
1218.11
1232.53
1246.48
1259.93
1272.86
1285.22
1296.98
1308.10
1318.54
1328.25
1337.19
1345.30
1352.55
1358.88
1364.23
1368.58
1371.87
1374.09
1375.20
956.01
974.31
992.49
1010.52
1028.40
1046.09
1063.57
1080.83
1097.84
1114.58
1131.02
1147.14
1162.92
1178.33
1193.36
1207.96
1222.13
1235.81
1249.00
1261.65
1273.72
1285.20
1296.03
1306.17
1315.59
1324.25
1332.09
1339.07
1345.16
1350.30
1354.47
1357.63
1359.74
1360.80
948.58
966.69
984.69
1002.54
1020.22
1037.72
1055.01
1072.07
1088.87
1105.39
1121.62
1137.52
1153.07
1168.26
1183.04
1197.40
1211.31
1224.74
1237.66
1250.04
1261.84
1273.04
1283.59
1293.46
1302.61
1310.99
1318.58
1325.33
1331.20
1336.15
1340.16
1343.19
1345.22
1346.24
940.80
958.73
976.53
994.19
1011.68
1028.98
1046.06
1062.91
1079.51
1095.82
1111.82
1127.50
1142.83
1157.78
1172.32
1186.44
1200.10
1213.27
1225.94
1238.05
1249.59
1260.52
1270.81
1280.42
1289.31
1297.45
1304.80
1311.33
1317.00
1321.78
1325.64
1328.56
1330.52
1331.49
932.69
950.42
968.03
985.49
1002.78
1019.88
1036.76
1053.40
1069.77
1085.87
1101.65
1117.11
1132.20
1146.92
1161.23
1175.10
1188.52
1201.44
1213.85
1225.71
1237.00
1247.67
1257.71
1267.07
1275.72
1283.63
1290.77
1297.09
1302.58
1307.20
1310.93
1313.75
1315.63
1316.58
924.27
941.80
959.20
976.46
993.54
1010.43
1027.10
1043.53
1059.69
1075.56
1091.12
1106.35
1121.22
1135.70
1149.77
1163.41
1176.58
1189.26
1201.42
1213.04
1224.08
1234.51
1244.31
1253.43
1261.86
1269.55
1276.48
1282.62
1287.94
1292.42
1296.02
1298.75
1300.57
1301.48
915.54
932.87
950.06
967.11
983.98
1000.65
1017.11
1033.32
1049.26
1064.91
1080.25
1095.25
1109.89
1124.14
1137.97
1151.37
1164.31
1176.75
1188.67
1200.05
1210.85
1221.05
1230.62
1239.52
1247.73
1255.22
1261.96
1267.92
1273.09
1277.43
1280.93
1283.57
1285.33
1286.21
906.52
923.63
940.62
957.45
974.11
990.57
1006.80
1022.79
1038.51
1053.94
1069.05
1083.83
1098.23
1112.25
1125.86
1139.02
1151.72
1163.93
1175.62
1186.77
1197.34
1207.31
1216.66
1225.35
1233.35
1240.65
1247.21
1253.02
1258.04
1262.25
1265.65
1268.21
1269.92
1270.77
897.22
914.12
930.89
947.50
963.94
980.18
996.19
1011.96
1027.46
1042.66
1057.55
1072.09
1086.27
1100.06
1113.43
1126.37
1138.84
1150.82
1162.28
1173.20
1183.55
1193.31
1202.44
1210.93
1218.74
1225.86
1232.25
1237.90
1242.79
1246.89
1250.19
1252.68
1254.34
1255.17
887.67
904.34
920.89
937.28
953.50
969.51
985.30
1000.85
1016.12
1031.09
1045.75
1060.07
1074.02
1087.58
1100.73
1113.43
1125.68
1137.43
1148.67
1159.37
1169.51
1179.06
1187.99
1196.28
1203.91
1210.86
1217.09
1222.60
1227.36
1231.35
1234.56
1236.98
1238.60
1239.40
877.86
894.31
910.63
926.80
942.79
958.58
974.14
989.46
1004.50
1019.25
1033.68
1047.77
1061.50
1074.83
1087.75
1100.24
1112.26
1123.79
1134.81
1145.30
1155.23
1164.58
1173.32
1181.42
1188.88
1195.66
1201.74
1207.11
1211.75
1215.64
1218.77
1221.13
1222.70
1223.49
867.82
884.04
900.14
916.07
931.83
947.39
962.73
977.82
992.63
1007.16
1021.36
1035.22
1048.72
1061.83
1074.53
1086.79
1098.59
1109.91
1120.72
1131.00
1140.73
1149.88
1158.43
1166.36
1173.65
1180.28
1186.22
1191.46
1195.98
1199.78
1202.83
1205.12
1206.65
1207.42
857.57
873.55
889.41
905.12
920.65
935.98
951.08
965.94
980.53
994.82
1008.80
1022.44
1035.71
1048.60
1061.07
1073.12
1084.70
1095.81
1106.41
1116.49
1126.03
1134.99
1143.36
1151.12
1158.24
1164.72
1170.52
1175.64
1180.06
1183.76
1186.74
1188.97
1190.47
1191.22
847.11
862.86
878.49
893.96
909.25
924.35
939.22
953.85
968.20
982.27
996.02
1009.43
1022.48
1035.15
1047.40
1059.23
1070.61
1081.51
1091.91
1101.79
1111.13
1119.91
1128.11
1135.70
1142.67
1149.00
1154.68
1159.68
1163.99
1167.61
1170.51
1172.70
1174.16
1174.89
836.47
851.98
867.36
882.60
897.66
912.52
927.16
941.55
955.68
969.51
983.04
996.22
1009.05
1021.50
1033.54
1045.15
1056.32
1067.02
1077.22
1086.91
1096.07
1104.67
1112.70
1120.13
1126.95
1133.15
1138.69
1143.58
1147.80
1151.33
1154.17
1156.30
1157.73
1158.44
825.66
840.93
856.07
871.06
885.88
900.51
914.91
929.07
942.97
956.58
969.87
982.84
995.44
1007.67
1019.50
1030.90
1041.87
1052.36
1062.37
1071.87
1080.85
1089.28
1097.14
1104.42
1111.10
1117.16
1122.59
1127.37
1131.49
1134.94
1137.71
1139.80
1141.19
1141.89
814.70
829.72
844.62
859.37
873.95
888.34
902.51
916.43
930.10
943.48
956.55
969.29
981.67
993.68
1005.30
1016.50
1027.26
1037.56
1047.38
1056.69
1065.49
1073.75
1081.46
1088.59
1095.12
1101.06
1106.37
1111.04
1115.08
1118.45
1121.16
1123.20
1124.56
1125.24
803.61
818.38
833.03
847.54
861.88
876.02
889.96
903.65
917.08
930.23
943.07
955.59
967.76
979.56
990.96
1001.96
1012.52
1022.62
1032.25
1041.39
1050.02
1058.11
1065.66
1072.65
1079.05
1084.86
1090.05
1094.63
1098.58
1101.88
1104.53
1106.52
1107.85
1108.52
792.40
806.92
821.33
835.59
849.68
863.59
877.28
890.74
903.94
916.86
929.48
941.78
953.73
965.31
976.51
987.30
997.66
1007.58
1017.03
1025.99
1034.44
1042.38
1049.78
1056.62
1062.89
1068.58
1073.67
1078.15
1082.01
1085.24
1087.83
1089.78
1091.08
1091.73
781.10
795.37
809.52
823.53
837.38
851.05
864.50
877.72
890.69
903.38
915.78
927.86
939.59
950.97
961.96
972.55
982.72
992.44
1001.71
1010.50
1018.79
1026.57
1033.82
1040.52
1046.66
1052.23
1057.22
1061.60
1065.38
1068.54
1071.08
1072.99
1074.27
1074.90
769.72
783.73
797.63
811.40
825.00
838.42
851.64
864.62
877.36
889.83
902.00
913.86
925.38
936.54
947.33
957.72
967.70
977.24
986.33
994.95
1003.08
1010.70
1017.80
1024.37
1030.39
1035.85
1040.73
1045.02
1048.72
1051.82
1054.30
1056.17
1057.42
1058.04
758.28
772.04
785.69
799.20
812.56
825.74
838.71
851.46
863.97
876.21
888.16
899.79
911.10
922.06
932.65
942.84
952.63
961.99
970.90
979.35
987.32
994.80
1001.76
1008.19
1014.09
1019.43
1024.21
1028.42
1032.04
1035.08
1037.51
1039.34
1040.56
1041.17
746.81
760.31
773.70
786.97
800.08
813.01
825.74
838.26
850.53
862.55
874.27
885.70
896.79
907.54
917.93
927.93
937.53
946.71
955.45
963.74
971.55
978.88
985.70
992.01
997.78
1003.02
1007.70
1011.82
1015.37
1018.34
1020.72
1022.51
1023.71
1024.30
735.32
748.56
761.70
774.71
787.57
800.26
812.76
825.04
837.08
848.87
860.38
871.58
882.47
893.02
903.21
913.02
922.43
931.43
940.00
948.13
955.79
962.97
969.65
975.83
981.49
986.62
991.21
995.25
998.72
1001.63
1003.96
1005.72
1006.89
1007.47
723.83
736.82
749.70
762.46
775.07
787.52
799.78
811.82
823.64
835.20
846.49
857.48
868.16
878.50
888.50
898.12
907.35
916.18
924.58
932.54
940.05
947.09
953.64
959.70
965.24
970.27
974.76
978.72
982.12
984.97
987.25
988.97
990.12
990.69
712.38
725.10
737.73
750.24
762.60
774.81
786.83
798.64
810.22
821.56
832.63
843.41
853.88
864.03
873.82
883.26
892.31
900.96
909.20
917.01
924.37
931.26
937.69
943.62
949.06
953.98
958.39
962.26
965.59
968.38
970.62
972.30
973.43
973.99
700.97
713.43
725.81
738.06
750.18
762.14
773.92
785.50
796.86
807.98
818.83
829.40
839.66
849.61
859.22
868.47
877.34
885.82
893.90
901.55
908.76
915.52
921.82
927.63
932.96
937.79
942.10
945.89
949.16
951.89
954.09
955.73
956.83
957.38
689.64
701.84
713.96
725.97
737.84
749.56
761.10
772.45
783.58
794.48
805.11
815.47
825.54
835.29
844.70
853.77
862.47
870.78
878.70
886.20
893.27
899.89
906.06
911.76
916.98
921.71
925.93
929.65
932.85
935.53
937.68
939.29
940.37
940.91
678.40
690.35
702.21
713.97
725.60
737.07
748.38
759.50
770.41
781.08
791.51
801.66
811.52
821.08
830.31
839.20
847.72
855.87
863.63
870.98
877.91
884.40
890.44
896.03
901.14
905.77
909.92
913.56
916.69
919.32
921.42
923.00
924.06
924.58
667.28
678.98
690.59
702.09
713.48
724.72
735.80
746.69
757.37
767.83
778.04
787.99
797.65
807.02
816.06
824.77
833.13
841.11
848.72
855.92
862.71
869.07
874.99
880.47
885.48
890.02
894.07
897.64
900.72
903.29
905.35
906.90
907.93
908.45
656.32
667.75
679.11
690.37
701.52
712.52
723.37
734.03
744.49
754.74
764.74
774.49
783.96
793.13
802.00
810.53
818.72
826.54
833.99
841.05
847.70
853.94
859.74
865.11
870.02
874.46
878.44
881.94
884.95
887.47
889.49
891.00
892.02
892.52
645.52
656.70
667.81
678.83
689.74
700.51
711.12
721.56
731.81
741.84
751.64
761.19
770.46
779.45
788.14
796.50
804.52
812.19
819.49
826.41
832.93
839.04
844.72
849.98
854.79
859.15
863.05
866.47
869.42
871.89
873.87
875.36
876.35
876.85
634.92
645.85
656.72
667.50
678.16
688.70
699.09
709.31
719.35
729.17
738.77
748.12
757.20
766.01
774.52
782.71
790.57
798.09
805.24
812.02
818.41
824.39
829.97
835.12
839.84
844.11
847.93
851.28
854.18
856.59
858.53
859.99
860.97
861.45
624.54
635.23
645.85
656.39
666.83
677.14
687.31
697.32
707.14
716.75
726.15
735.31
744.21
752.84
761.17
769.20
776.90
784.26
791.28
797.92
804.18
810.05
815.51
820.56
825.18
829.37
833.11
836.40
839.24
841.61
843.51
844.94
845.89
846.37
614.42
624.86
635.25
645.56
655.76
665.85
675.80
685.59
695.21
704.63
713.83
722.80
731.52
739.97
748.13
756.00
763.55
770.76
777.63
784.14
790.28
796.03
801.39
806.34
810.87
814.97
818.64
821.87
824.65
826.97
828.83
830.23
831.17
831.64
604.57
614.78
624.93
635.01
644.99
654.86
664.60
674.19
683.60
692.82
701.83
710.62
719.16
727.43
735.44
743.14
750.54
757.61
764.35
770.73
776.74
782.38
787.63
792.49
796.93
800.95
804.55
807.71
810.44
812.72
814.54
815.92
816.83
817.29
595.03
605.01
614.93
624.79
634.55
644.21
653.74
663.12
672.33
681.36
690.19
698.79
707.16
715.27
723.11
730.67
737.92
744.85
751.45
757.71
763.61
769.14
774.29
779.04
783.40
787.35
790.88
793.98
796.65
798.89
800.68
802.03
802.93
803.37
585.82
595.57
605.28
614.91
624.47
633.92
643.24
652.43
661.45
670.29
678.94
687.37
695.57
703.52
711.21
718.61
725.72
732.52
738.99
745.13
750.91
756.33
761.38
766.05
770.33
774.20
777.66
780.70
783.32
785.52
787.28
788.60
789.48
789.92
576.98
586.51
596.00
605.42
614.77
624.02
633.15
642.14
650.98
659.64
668.12
676.38
684.41
692.21
699.74
707.00
713.98
720.64
726.99
733.01
738.69
744.01
748.97
753.55
757.74
761.54
764.94
767.92
770.50
772.65
774.38
775.67
776.54
776.97
568.52
577.84
587.12
596.34
605.49
614.55
623.49
632.30
640.96
649.45
657.75
665.85
673.73
681.38
688.77
695.89
702.73
709.27
715.50
721.41
726.98
732.21
737.07
741.57
745.68
749.42
752.75
755.68
758.21
760.32
762.02
763.29
764.14
764.57
560.47
569.59
578.67
587.70
596.66
605.53
614.29
622.93
631.41
639.74
647.88
655.83
663.56
671.06
678.31
685.30
692.02
698.44
704.56
710.36
715.83
720.96
725.74
730.16
734.20
737.86
741.14
744.02
746.51
748.58
750.25
751.50
752.34
752.75
552.87
561.79
570.69
579.53
588.31
597.01
605.59
614.06
622.38
630.55
638.54
646.34
653.93
661.29
668.42
675.28
681.88
688.19
694.20
699.90
705.27
710.31
715.01
719.35
723.32
726.93
730.15
732.98
735.42
737.46
739.10
740.33
741.15
741.56
545.73
554.48
563.19
571.86
580.47
589.00
597.42
605.73
613.90
621.92
629.77
637.42
644.88
652.11
659.11
665.86
672.34
678.54
684.45
690.06
695.34
700.30
704.92
709.19
713.10
716.64
719.81
722.60
725.00
727.01
728.62
729.83
730.64
731.04
539.09
547.66
556.21
564.72
573.17
581.54
589.81
597.97
605.99
613.87
621.58
629.11
636.44
643.56
650.44
657.07
663.45
669.55
675.37
680.88
686.09
690.97
695.51
699.71
703.56
707.05
710.17
712.92
715.28
717.26
718.84
720.04
720.83
721.23
532.97
541.38
549.77
558.13
566.43
574.65
582.78
590.80
598.70
606.44
614.03
621.44
628.65
635.65
642.43
648.96
655.24
661.25
666.98
672.41
677.53
682.34
686.82
690.96
694.75
698.19
701.27
703.97
706.30
708.25
709.81
710.99
711.77
712.16
