546.02
554.41
562.76
571.06
579.29
587.43
595.47
603.39
611.17
618.80
626.26
633.54
640.61
647.48
654.11
660.50
666.64
672.51
678.10
683.40
688.39
693.08
697.44
701.47
705.15
708.50
711.49
714.11
716.38
718.27
719.79
720.93
721.69
722.07
551.89
560.41
568.90
577.34
585.70
593.97
602.13
610.17
618.08
625.82
633.39
640.77
647.95
654.91
661.64
668.13
674.35
680.30
685.97
691.34
696.40
701.15
705.57
709.65
713.39
716.78
719.81
722.47
724.76
726.68
728.22
729.38
730.15
730.53
558.24
566.92
575.56
584.14
592.65
601.06
609.36
617.53
625.56
633.42
641.12
648.61
655.91
662.97
669.81
676.39
682.70
688.74
694.49
699.94
705.08
709.90
714.38
718.52
722.32
725.75
728.82
731.52
733.85
735.79
737.35
738.53
739.31
739.70
565.08
573.92
582.72
591.45
600.11
608.67
617.11
625.42
633.59
641.59
649.41
657.03
664.44
671.62
678.56
685.25
691.66
697.80
703.64
709.17
714.39
719.28
723.83
728.04
731.89
735.37
738.49
741.23
743.59
745.57
747.15
748.34
749.14
749.53
572.36
581.37
590.34
599.24
608.06
616.77
625.37
633.83
642.14
650.28
658.23
665.99
673.52
680.83
687.88
694.68
701.20
707.44
713.37
719.00
724.30
729.27
733.89
738.16
742.07
745.62
748.78
751.57
753.97
755.97
757.58
758.79
759.59
760.00
580.06
589.26
598.40
607.48
616.46
625.34
634.10
642.72
651.18
659.47
667.57
675.46
683.13
690.56
697.74
704.65
711.28
717.63
723.66
729.38
734.77
739.82
744.52
748.86
752.84
756.44
759.66
762.49
764.93
766.96
768.60
769.83
770.65
771.06
588.17
597.55
606.88
616.14
625.30
634.35
643.28
652.06
660.68
669.12
677.37
685.40
693.21
700.78
708.09
715.12
721.87
728.32
734.47
740.28
745.77
750.90
755.69
760.10
764.15
767.81
771.08
773.96
776.44
778.51
780.17
781.42
782.25
782.67
596.64
606.22
615.75
625.19
634.54
643.77
652.87
661.82
670.61
679.21
687.61
695.80
703.75
711.46
718.90
726.06
732.93
739.50
745.75
751.67
757.25
762.48
767.35
771.84
775.96
779.68
783.02
785.94
788.46
790.57
792.26
793.53
794.38
794.81
605.47
615.25
624.97
634.61
644.15
653.57
662.85
671.98
680.93
689.70
698.27
706.61
714.71
722.56
730.14
737.43
744.43
751.12
757.49
763.52
769.20
774.52
779.47
784.05
788.24
792.03
795.42
798.40
800.97
803.11
804.83
806.13
806.99
807.42
614.61
624.60
634.53
644.37
654.10
663.71
673.18
682.49
691.63
700.57
709.29
717.80
726.05
734.05
741.77
749.21
756.34
763.15
769.63
775.77
781.56
786.98
792.03
796.69
800.95
804.81
808.26
811.30
813.91
816.10
817.85
819.16
820.04
820.48
624.05
634.26
644.39
654.43
664.37
674.18
683.84
693.33
702.65
711.77
720.67
729.33
737.75
745.90
753.77
761.35
768.61
775.55
782.16
788.41
794.31
799.83
804.97
809.71
814.06
817.99
821.51
824.60
827.26
829.48
831.27
832.61
833.50
833.95
633.76
644.18
654.53
664.78
674.92
684.93
694.79
704.48
713.98
723.28
732.35
741.19
749.77
758.07
766.10
773.82
781.22
788.29
795.02
801.40
807.40
813.03
818.26
823.10
827.53
831.53
835.11
838.26
840.97
843.24
845.06
846.42
847.33
847.79
643.70
654.35
664.92
675.39
685.74
695.95
706.01
715.89
725.58
735.06
744.32
753.32
762.07
770.54
778.72
786.59
794.13
801.34
808.20
814.70
820.82
826.55
831.88
836.81
841.32
845.40
849.05
852.26
855.02
857.33
859.18
860.57
861.50
861.97
653.87
664.74
675.53
686.22
696.78
707.20
717.46
727.54
737.43
747.10
756.53
765.72
774.64
783.27
791.61
799.63
807.32
814.67
821.66
828.27
834.51
840.35
845.79
850.81
855.41
859.57
863.29
866.55
869.37
871.72
873.61
875.03
875.97
876.45
664.22
675.33
686.34
697.25
708.03
718.66
729.13
739.41
749.49
759.35
768.97
778.33
787.43
796.23
804.73
812.90
820.74
828.23
835.35
842.10
848.46
854.41
859.95
865.07
869.75
873.99
877.78
881.12
883.98
886.38
888.31
889.75
890.72
891.20
674.75
686.08
697.32
708.45
719.45
730.29
740.97
751.46
761.74
771.79
781.60
791.15
800.42
809.39
818.05
826.38
834.37
842.01
849.27
856.14
862.62
868.69
874.34
879.55
884.33
888.65
892.51
895.91
898.83
901.28
903.24
904.71
905.70
906.19
685.41
696.98
708.45
719.80
731.02
742.08
752.97
763.66
774.14
784.39
794.39
804.13
813.57
822.72
831.55
840.04
848.19
855.97
863.37
870.38
876.98
883.16
888.92
894.24
899.10
903.51
907.45
910.91
913.89
916.38
918.38
919.88
920.89
921.39
696.19
707.99
719.69
731.27
742.72
754.00
765.10
776.00
786.68
797.13
807.32
817.24
826.87
836.19
845.19
853.85
862.15
870.08
877.62
884.76
891.49
897.80
903.67
909.09
914.05
918.54
922.55
926.08
929.12
931.66
933.70
935.23
936.25
936.77
707.07
719.10
731.04
742.85
754.51
766.01
777.33
788.44
799.33
809.98
820.36
830.47
840.29
849.78
858.95
867.78
876.23
884.32
892.00
899.28
906.14
912.57
918.55
924.08
929.13
933.71
937.80
941.40
944.50
947.09
949.17
950.73
951.77
952.29
718.01
730.29
742.45
754.49
766.38
778.10
789.63
800.96
812.05
822.90
833.49
843.79
853.79
863.47
872.81
881.80
890.42
898.65
906.49
913.91
920.90
927.45
933.55
939.18
944.33
949.00
953.17
956.84
960.00
962.64
964.76
966.35
967.42
967.95
729.01
741.52
753.92
766.19
778.30
790.25
801.99
813.53
824.84
835.89
846.67
857.16
867.35
877.21
886.73
895.89
904.67
913.06
921.05
928.61
935.73
942.41
948.62
954.36
959.62
964.38
968.63
972.38
975.60
978.29
980.45
982.08
983.16
983.70
740.03
752.78
765.42
777.91
790.25
802.42
814.39
826.14
837.65
848.91
859.89
870.58
880.95
891.00
900.69
910.02
918.97
927.52
935.66
943.36
950.62
957.43
963.76
969.61
974.97
979.82
984.16
987.98
991.26
994.01
996.21
997.87
998.98
999.53
751.07
764.05
776.92
789.64
802.21
814.60
826.78
838.75
850.47
861.94
873.12
884.00
894.57
904.80
914.67
924.18
933.29
942.00
950.29
958.14
965.54
972.48
978.94
984.90
990.36
995.31
999.74
1003.63
1006.98
1009.78
1012.03
1013.72
1014.84
1015.41
762.08
775.30
788.40
801.36
814.15
826.76
839.17
851.35
863.28
874.95
886.34
897.42
908.18
918.59
928.65
938.33
947.61
956.49
964.93
972.93
980.47
987.54
994.12
1000.20
1005.77
1010.82
1015.33
1019.30
1022.71
1025.57
1027.87
1029.59
1030.74
1031.31
773.07
786.52
799.85
813.04
826.06
838.89
851.51
863.91
876.06
887.93
899.52
910.80
921.75
932.36
942.60
952.45
961.91
970.95
979.55
987.70
995.39
1002.59
1009.30
1015.50
1021.18
1026.32
1030.92
1034.97
1038.46
1041.37
1043.71
1045.47
1046.64
1047.23
784.00
797.69
811.25
824.66
837.91
850.96
863.80
876.41
888.77
900.86
912.65
924.13
935.28
946.07
956.50
966.53
976.16
985.37
994.13
1002.44
1010.27
1017.61
1024.45
1030.77
1036.56
1041.80
1046.50
1050.63
1054.18
1057.16
1059.54
1061.34
1062.53
1063.13
794.85
808.78
822.57
836.21
849.68
862.95
876.02
888.84
901.41
913.71
925.70
937.38
948.73
959.71
970.33
980.54
990.35
999.72
1008.65
1017.11
1025.09
1032.58
1039.55
1045.99
1051.89
1057.24
1062.03
1066.24
1069.87
1072.90
1075.34
1077.17
1078.39
1079.00
805.62
819.77
833.79
847.66
861.35
874.85
888.13
901.17
913.95
926.46
938.66
950.54
962.08
973.26
984.06
994.46
1004.45
1014.00
1023.09
1031.71
1039.84
1047.47
1054.57
1061.14
1067.16
1072.62
1077.50
1081.80
1085.50
1088.60
1091.09
1092.96
1094.20
1094.83
816.28
830.66
844.91
859.00
872.91
886.63
900.13
913.39
926.38
939.09
951.50
963.59
975.33
986.70
997.69
1008.28
1018.44
1028.16
1037.42
1046.21
1054.49
1062.27
1069.51
1076.21
1082.35
1087.92
1092.90
1097.29
1101.06
1104.23
1106.77
1108.67
1109.95
1110.58
826.81
841.42
855.89
870.21
884.34
898.28
911.99
925.46
938.67
951.59
964.21
976.50
988.43
1000.01
1011.19
1021.96
1032.31
1042.21
1051.64
1060.59
1069.03
1076.96
1084.34
1091.17
1097.44
1103.12
1108.20
1112.68
1116.54
1119.76
1122.36
1124.31
1125.61
1126.26
837.20
852.03
866.73
881.26
895.62
909.77
923.70
937.39
950.81
963.94
976.76
989.25
1001.39
1013.16
1024.54
1035.50
1046.03
1056.11
1065.72
1074.83
1083.44
1091.52
1099.05
1106.02
1112.41
1118.20
1123.39
1127.96
1131.90
1135.20
1137.85
1139.84
1141.17
1141.83
847.43
862.48
877.40
892.15
906.73
921.10
935.24
949.14
962.77
976.11
989.14
1001.84
1014.18
1026.15
1037.72
1048.88
1059.60
1069.86
1079.64
1088.93
1097.70
1105.93
1113.61
1120.72
1127.24
1133.16
1138.46
1143.12
1147.15
1150.52
1153.22
1155.26
1156.61
1157.29
857.48
872.75
887.88
902.86
917.65
932.23
946.59
960.70
974.55
988.10
1001.33
1014.23
1026.78
1038.95
1050.72
1062.07
1072.98
1083.42
1093.39
1102.85
1111.79
1120.18
1128.01
1135.27
1141.92
1147.96
1153.37
1158.14
1162.25
1165.70
1168.46
1170.54
1171.93
1172.63
867.34
882.83
898.18
913.36
928.37
943.17
957.74
972.06
986.11
999.87
1013.32
1026.42
1039.17
1051.55
1063.51
1075.06
1086.16
1096.80
1106.94
1116.58
1125.69
1134.25
1142.24
1149.64
1156.44
1162.61
1168.13
1173.01
1177.21
1180.73
1183.56
1185.69
1187.11
1187.82
876.99
892.69
908.25
923.65
938.87
953.88
968.66
983.19
997.45
1011.42
1025.07
1038.39
1051.34
1063.92
1076.09
1087.83
1099.13
1109.96
1120.29
1130.11
1139.40
1148.13
1156.28
1163.83
1170.77
1177.07
1182.72
1187.70
1192.00
1195.60
1198.49
1200.67
1202.13
1202.85
886.42
902.33
918.10
933.71
949.13
964.35
979.34
994.08
1008.55
1022.73
1036.59
1050.11
1063.27
1076.05
1088.42
1100.37
1111.86
1122.88
1133.41
1143.42
1152.88
1161.79
1170.10
1177.82
1184.90
1191.34
1197.12
1202.21
1206.61
1210.29
1213.26
1215.49
1216.97
1217.72
895.62
911.73
927.71
943.52
959.15
974.58
989.77
1004.72
1019.40
1033.78
1047.85
1061.57
1074.94
1087.93
1100.50
1112.65
1124.35
1135.56
1146.28
1156.48
1166.13
1175.21
1183.70
1191.58
1198.82
1205.40
1211.31
1216.52
1221.02
1224.80
1227.83
1230.11
1231.64
1232.40
904.56
920.88
937.05
953.07
968.90
984.53
999.93
1015.08
1029.96
1044.55
1058.83
1072.76
1086.33
1099.53
1112.31
1124.66
1136.56
1147.98
1158.90
1169.29
1179.13
1188.40
1197.06
1205.11
1212.51
1219.24
1225.28
1230.62
1235.23
1239.09
1242.20
1244.55
1246.11
1246.89
913.24
929.75
946.13
962.34
978.37
994.20
1009.80
1025.16
1040.24
1055.03
1069.51
1083.65
1097.43
1110.83
1123.82
1136.38
1148.49
1160.11
1171.23
1181.82
1191.86
1201.31
1210.16
1218.38
1225.95
1232.84
1239.02
1244.49
1249.21
1253.17
1256.36
1258.77
1260.37
1261.17
921.64
938.34
954.91
971.32
987.55
1003.57
1019.37
1034.93
1050.21
1065.21
1079.89
1094.24
1108.22
1121.83
1135.03
1147.80
1160.11
1171.94
1183.27
1194.06
1204.30
1213.95
1222.98
1231.39
1239.12
1246.17
1252.51
1258.11
1262.95
1267.02
1270.29
1272.76
1274.41
1275.23
929.75
946.64
963.39
979.99
996.41
1012.63
1028.62
1044.37
1059.86
1075.05
1089.94
1104.49
1118.68
1132.50
1145.91
1158.88
1171.41
1183.45
1194.98
1205.99
1216.43
1226.28
1235.51
1244.10
1252.02
1259.24
1265.73
1271.47
1276.44
1280.62
1283.98
1286.51
1288.21
1289.06
937.55
954.62
971.56
988.35
1004.95
1021.36
1037.54
1053.49
1069.17
1084.56
1099.65
1114.40
1128.80
1142.82
1156.44
1169.63
1182.36
1194.62
1206.37
1217.58
1228.23
1238.29
1247.72
1256.51
1264.61
1272.01
1278.66
1284.56
1289.66
1293.95
1297.40
1300.01
1301.76
1302.63
945.04
962.29
979.40
996.37
1013.15
1029.74
1046.12
1062.25
1078.12
1093.71
1108.99
1123.95
1138.55
1152.78
1166.61
1180.01
1192.96
1205.43
1217.39
1228.82
1239.69
1249.95
1259.60
1268.59
1276.88
1284.46
1291.29
1297.34
1302.59
1307.00
1310.55
1313.24
1315.03
1315.93
952.20
969.62
986.90
1004.04
1021.00
1037.77
1054.33
1070.64
1086.70
1102.48
1117.96
1133.12
1147.92
1162.35
1176.39
1190.00
1203.17
1215.86
1228.04
1239.69
1250.77
1261.26
1271.12
1280.31
1288.81
1296.59
1303.60
1309.81
1315.20
1319.74
1323.41
1326.17
1328.02
1328.95
959.02
976.60
994.05
1011.35
1028.49
1045.43
1062.16
1078.66
1094.90
1110.87
1126.54
1141.89
1156.89
1171.53
1185.77
1199.60
1212.98
1225.88
1238.29
1250.16
1261.47
1272.18
1282.26
1291.67
1300.38
1308.35
1315.55
1321.94
1327.49
1332.17
1335.94
1338.80
1340.71
1341.66
965.49
983.22
1000.83
1018.30
1035.60
1052.70
1069.61
1086.28
1102.70
1118.85
1134.70
1150.24
1165.44
1180.28
1194.73
1208.77
1222.36
1235.49
1248.11
1260.21
1271.75
1282.68
1292.99
1302.62
1311.55
1319.73
1327.13
1333.71
1339.42
1344.24
1348.14
1351.08
1353.06
1354.04
971.59
989.48
1007.24
1024.86
1042.31
1059.58
1076.65
1093.49
1110.08
1126.41
1142.44
1158.17
1173.56
1188.60
1203.25
1217.49
1231.30
1244.64
1257.49
1269.82
1281.58
1292.75
1303.29
1313.15
1322.31
1330.71
1338.31
1345.08
1350.97
1355.94
1359.96
1363.01
1365.05
1366.07
977.33
995.35
1013.26
1031.02
1048.63
1066.05
1083.27
1100.27
1117.03
1133.53
1149.74
1165.65
1181.22
1196.45
1211.30
1225.75
1239.77
1253.33
1266.40
1278.95
1290.95
1302.35
1313.12
1323.22
1332.61
1341.23
1349.05
1356.02
1362.10
1367.23
1371.39
1374.54
1376.65
1377.71
982.68
1000.84
1018.88
1036.78
1054.52
1072.09
1089.46
1106.62
1123.53
1140.19
1156.57
1172.65
1188.41
1203.83
1218.87
1233.52
1247.74
1261.52
1274.81
1287.59
1299.82
1311.46
1322.47
1332.81
1342.43
1351.28
1359.33
1366.51
1372.77
1378.08
1382.38
1385.64
1387.83
1388.93
987.64
1005.92
1024.09
1042.12
1060.00
1077.70
1095.21
1112.51
1129.58
1146.39
1162.93
1179.18
1195.11
1210.70
1225.93
1240.78
1255.20
1269.19
1282.70
1295.70
1308.16
1320.03
1331.28
1341.86
1351.72
1360.82
1369.09
1376.49
1382.95
1388.44
1392.89
1396.27
1398.54
1399.68
992.20
1010.59
1028.88
1047.03
1065.03
1082.86
1100.51
1117.94
1135.15
1152.11
1168.80
1185.21
1201.30
1217.06
1232.47
1247.50
1262.12
1276.31
1290.03
1303.25
1315.93
1328.04
1339.53
1350.35
1360.46
1369.79
1378.30
1385.92
1392.59
1398.26
1402.87
1406.38
1408.74
1409.92
996.35
1014.85
1033.24
1051.51
1069.62
1087.57
1105.34
1122.90
1140.23
1157.33
1174.16
1190.71
1206.96
1222.89
1238.47
1253.67
1268.48
1282.86
1296.78
1310.21
1323.11
1335.45
1347.17
1358.23
1368.58
1378.16
1386.90
1394.75
1401.64
1407.50
1412.27
1415.91
1418.35
1419.58
1000.08
1018.68
1037.17
1055.54
1073.76
1091.81
1109.69
1127.36
1144.82
1162.04
1179.00
1195.69
1212.08
1228.16
1243.89
1259.26
1274.24
1288.80
1302.92
1316.55
1329.66
1342.22
1354.17
1365.46
1376.05
1385.86
1394.84
1402.92
1410.02
1416.08
1421.02
1424.79
1427.33
1428.60
1003.39
1022.08
1040.66
1059.11
1077.42
1095.58
1113.55
1131.33
1148.90
1166.23
1183.31
1200.12
1216.64
1232.85
1248.73
1264.25
1279.39
1294.13
1308.42
1322.24
1335.55
1348.31
1360.48
1372.00
1382.81
1392.86
1402.07
1410.37
1417.68
1423.94
1429.05
1432.95
1435.58
1436.90
1006.28
1025.04
1043.69
1062.23
1080.62
1098.86
1116.92
1134.79
1152.45
1169.88
1187.07
1203.99
1220.63
1236.96
1252.97
1268.63
1283.91
1298.80
1313.25
1327.24
1340.74
1353.69
1366.06
1377.79
1388.81
1399.08
1408.51
1417.03
1424.55
1430.99
1436.27
1440.30
1443.03
1444.40
1008.73
1027.55
1046.27
1064.87
1083.34
1101.65
1119.78
1137.73
1155.48
1172.99
1190.27
1207.29
1224.02
1240.46
1256.58
1272.36
1287.77
1302.79
1317.39
1331.54
1345.19
1358.32
1370.87
1382.78
1394.01
1404.47
1414.11
1422.83
1430.54
1437.16
1442.59
1446.76
1449.57
1450.99
1010.74
1029.61
1048.39
1067.04
1085.57
1103.94
1122.14
1140.15
1157.96
1175.55
1192.90
1210.00
1226.82
1243.35
1259.56
1275.44
1290.96
1306.10
1320.82
1335.09
1348.89
1362.16
1374.86
1386.94
1398.34
1408.98
1418.80
1427.70
1435.58
1442.36
1447.94
1452.22
1455.12
1456.58
1012.30
1031.22
1050.04
1068.74
1087.31
1105.72
1123.97
1142.04
1159.90
1177.55
1194.96
1212.12
1229.01
1245.61
1261.90
1277.85
1293.46
1308.68
1323.50
1337.88
1351.79
1365.18
1378.01
1390.22
1401.76
1412.55
1422.52
1431.56
1439.60
1446.52
1452.21
1456.59
1459.56
1461.06
1013.43
1032.37
1051.22
1069.95
1088.55
1107.00
1125.29
1143.39
1161.29
1178.98
1196.43
1213.64
1230.57
1247.22
1263.57
1279.58
1295.25
1310.54
1325.43
1339.89
1353.88
1367.36
1380.28
1392.60
1404.24
1415.14
1425.21
1434.37
1442.52
1449.54
1455.33
1459.78
1462.81
1464.34
1014.10
1033.06
1051.93
1070.68
1089.30
1107.77
1126.08
1144.20
1162.13
1179.84
1197.32
1214.55
1231.52
1248.20
1264.57
1280.63
1296.33
1311.66
1326.60
1341.10
1355.14
1368.67
1381.65
1394.03
1405.74
1416.70
1426.85
1436.08
1444.29
1451.38
1457.23
1461.73
1464.79
1466.34
1014.32
1033.29
1052.17
1070.92
1089.55
1108.03
1126.34
1144.47
1162.41
1180.13
1197.62
1214.86
1231.83
1248.52
1264.91
1280.97
1296.69
1312.04
1326.99
1341.50
1355.56
1369.11
1382.11
1394.51
1406.24
1417.23
1427.40
1436.65
1444.89
1452.00
1457.87
1462.39
1465.46
1467.01
1014.10
1033.06
1051.93
1070.68
1089.30
1107.77
1126.08
1144.20
1162.13
1179.84
1197.32
1214.55
1231.51
1248.20
1264.57
1280.62
1296.33
1311.66
1326.59
1341.10
1355.14
1368.67
1381.65
1394.03
1405.73
1416.70
1426.85
1436.08
1444.29
1451.38
1457.23
1461.73
1464.79
1466.33
1013.42
1032.37
1051.22
1069.95
1088.55
1107.00
1125.28
1143.39
1161.29
1178.98
1196.43
1213.63
1230.57
1247.22
1263.56
1279.58
1295.25
1310.54
1325.43
1339.89
1353.87
1367.35
1380.27
1392.59
1404.23
1415.13
1425.21
1434.37
1442.51
1449.53
1455.32
1459.77
1462.80
1464.33
1012.30
1031.22
1050.03
1068.73
1087.30
1105.72
1123.97
1142.03
1159.90
1177.54
1194.95
1212.11
1229.00
1245.60
1261.89
1277.85
1293.45
1308.68
1323.49
1337.87
1351.78
1365.17
1378.00
1390.21
1401.75
1412.54
1422.50
1431.55
1439.58
1446.50
1452.20
1456.57
1459.54
1461.04
1010.73
1029.61
1048.38
1067.04
1085.56
1103.93
1122.13
1140.14
1157.95
1175.54
1192.90
1209.99
1226.81
1243.34
1259.55
1275.43
1290.95
1306.08
1320.81
1335.08
1348.87
1362.15
1374.85
1386.93
1398.32
1408.97
1418.78
1427.68
1435.57
1442.35
1447.92
1452.20
1455.10
1456.56
1008.72
1027.54
1046.26
1064.86
1083.33
1101.64
1119.78
1137.72
1155.47
1172.98
1190.26
1207.28
1224.01
1240.45
1256.57
1272.35
1287.76
1302.78
1317.38
1331.52
1345.18
1358.30
1370.85
1382.76
1393.99
1404.46
1414.09
1422.81
1430.52
1437.14
1442.57
1446.73
1449.55
1450.97
1006.27
1025.03
1043.68
1062.22
1080.61
1098.85
1116.91
1134.78
1152.44
1169.87
1187.06
1203.98
1220.61
1236.95
1252.95
1268.61
1283.90
1298.78
1313.24
1327.23
1340.72
1353.67
1366.04
1377.76
1388.79
1399.06
1408.49
1417.01
1424.53
1430.97
1436.24
1440.27
1443.00
1444.37
1003.38
1022.07
1040.65
1059.10
1077.41
1095.56
1113.54
1131.32
1148.88
1166.21
1183.30
1200.11
1216.63
1232.84
1248.71
1264.24
1279.38
1294.11
1308.40
1322.22
1335.53
1348.29
1360.46
1371.97
1382.79
1392.83
1402.04
1410.34
1417.66
1423.91
1429.02
1432.92
1435.55
1436.88
1000.07
1018.67
1037.16
1055.52
1073.74
1091.80
1109.67
1127.35
1144.80
1162.02
1178.99
1195.67
1212.07
1228.14
1243.87
1259.24
1274.22
1288.78
1302.90
1316.53
1329.64
1342.19
1354.14
1365.44
1376.02
1385.84
1394.82
1402.89
1409.99
1416.05
1420.99
1424.75
1427.29
1428.57
996.33
1014.84
1033.23
1051.49
1069.61
1087.56
1105.32
1122.88
1140.22
1157.31
1174.14
1190.70
1206.94
1222.87
1238.44
1253.65
1268.45
1282.83
1296.75
1310.18
1323.09
1335.42
1347.14
1358.20
1368.55
1378.13
1386.87
1394.72
1401.60
1407.46
1412.24
1415.87
1418.32
1419.55
992.18
1010.58
1028.86
1047.01
1065.02
1082.85
1100.49
1117.92
1135.13
1152.09
1168.78
1185.18
1201.28
1217.04
1232.45
1247.48
1262.10
1276.28
1290.00
1303.22
1315.90
1328.01
1339.50
1350.32
1360.42
1369.76
1378.26
1385.88
1392.56
1398.23
1402.84
1406.34
1408.70
1409.88
987.62
1005.90
1024.07
1042.10
1059.98
1077.68
1095.19
1112.49
1129.56
1146.37
1162.91
1179.16
1195.09
1210.68
1225.91
1240.75
1255.18
1269.16
1282.67
1295.67
1308.13
1320.00
1331.25
1341.83
1351.69
1360.78
1369.05
1376.45
1382.92
1388.40
1392.85
1396.23
1398.50
1399.64
982.66
1000.82
1018.86
1036.76
1054.50
1072.07
1089.44
1106.59
1123.51
1140.17
1156.55
1172.63
1188.39
1203.80
1218.84
1233.49
1247.72
1261.49
1274.78
1287.56
1299.78
1311.42
1322.43
1332.77
1342.39
1351.25
1359.29
1366.47
1372.73
1378.04
1382.34
1385.60
1387.79
1388.89
977.31
995.33
1013.24
1031.00
1048.60
1066.03
1083.25
1100.25
1117.00
1133.50
1149.71
1165.62
1181.20
1196.42
1211.27
1225.72
1239.74
1253.30
1266.37
1278.92
1290.91
1302.32
1313.09
1323.19
1332.57
1341.19
1349.01
1355.98
1362.05
1367.19
1371.35
1374.50
1376.61
1377.67
971.57
989.46
1007.22
1024.83
1042.29
1059.56
1076.62
1093.46
1110.05
1126.38
1142.42
1158.14
1173.53
1188.57
1203.22
1217.46
1231.27
1244.61
1257.46
1269.78
1281.55
1292.71
1303.25
1313.11
1322.27
1330.66
1338.27
1345.03
1350.92
1355.90
1359.92
1362.96
1365.00
1366.03
965.46
983.20
1000.81
1018.27
1035.57
1052.68
1069.58
1086.25
1102.67
1118.82
1134.68
1150.21
1165.41
1180.25
1194.70
1208.73
1222.33
1235.45
1248.08
1260.17
1271.71
1282.64
1292.95
1302.58
1311.51
1319.69
1327.09
1333.66
1339.38
1344.20
1348.09
1351.04
1353.01
1354.00
959.00
976.58
994.03
1011.33
1028.46
1045.40
1062.13
1078.63
1094.87
1110.84
1126.51
1141.86
1156.86
1171.49
1185.74
1199.56
1212.94
1225.85
1238.25
1250.12
1261.43
1272.14
1282.21
1291.63
1300.34
1308.31
1315.51
1321.90
1327.44
1332.12
1335.90
1338.75
1340.66
1341.61
952.17
969.59
986.88
1004.01
1020.97
1037.74
1054.30
1070.61
1086.67
1102.45
1117.93
1133.08
1147.89
1162.32
1176.35
1189.97
1203.13
1215.82
1228.00
1239.65
1250.73
1261.22
1271.07
1280.27
1288.77
1296.54
1303.55
1309.76
1315.16
1319.70
1323.36
1326.12
1327.97
1328.90
945.01
962.26
979.38
996.34
1013.12
1029.71
1046.08
1062.22
1078.09
1093.68
1108.96
1123.91
1138.52
1152.74
1166.57
1179.97
1192.92
1205.39
1217.35
1228.78
1239.64
1249.91
1259.55
1268.54
1276.84
1284.42
1291.24
1297.29
1302.54
1306.95
1310.50
1313.19
1314.98
1315.88
937.52
954.60
971.53
988.32
1004.92
1021.33
1037.51
1053.45
1069.13
1084.53
1099.61
1114.36
1128.76
1142.78
1156.40
1169.59
1182.32
1194.58
1206.32
1217.54
1228.18
1238.24
1247.68
1256.46
1264.56
1271.96
1278.61
1284.51
1289.61
1293.90
1297.35
1299.96
1301.70
1302.57
929.72
946.61
963.36
979.96
996.38
1012.59
1028.59
1044.34
1059.82
1075.02
1089.90
1104.45
1118.65
1132.46
1145.86
1158.84
1171.36
1183.41
1194.94
1205.94
1216.38
1226.23
1235.46
1244.05
1251.97
1259.19
1265.68
1271.42
1276.39
1280.56
1283.93
1286.46
1288.15
1289.00
921.61
938.31
954.88
971.29
987.51
1003.54
1019.34
1034.89
1050.17
1065.17
1079.85
1094.20
1108.18
1121.79
1134.99
1147.75
1160.06
1171.90
1183.22
1194.01
1204.25
1213.90
1222.94
1231.34
1239.07
1246.12
1252.46
1258.06
1262.90
1266.97
1270.24
1272.71
1274.35
1275.18
913.21
929.72
946.09
962.31
978.34
994.16
1009.77
1025.12
1040.20
1055.00
1069.47
1083.61
1097.39
1110.79
1123.78
1136.34
1148.44
1160.06
1171.18
1181.77
1191.81
1201.26
1210.11
1218.33
1225.90
1232.78
1238.97
1244.43
1249.16
1253.12
1256.31
1258.71
1260.32
1261.12
904.53
920.84
937.02
953.03
968.87
984.49
999.89
1015.04
1029.93
1044.51
1058.78
1072.72
1086.29
1099.48
1112.26
1124.62
1136.51
1147.93
1158.85
1169.24
1179.08
1188.35
1197.01
1205.06
1212.45
1219.19
1225.23
1230.56
1235.17
1239.04
1242.15
1244.49
1246.05
1246.84
895.58
911.70
927.67
943.48
959.11
974.54
989.73
1004.68
1019.36
1033.74
1047.80
1061.53
1074.90
1087.88
1100.46
1112.60
1124.30
1135.52
1146.23
1156.43
1166.08
1175.16
1183.65
1191.53
1198.77
1205.35
1211.25
1216.47
1220.97
1224.74
1227.77
1230.06
1231.58
1232.34
886.39
902.30
918.07
933.67
949.10
964.31
979.30
994.04
1008.51
1022.69
1036.55
1050.07
1063.23
1076.00
1088.38
1100.32
1111.81
1122.83
1133.36
1143.36
1152.83
1161.73
1170.05
1177.76
1184.85
1191.29
1197.06
1202.15
1206.55
1210.23
1213.20
1215.43
1216.92
1217.66
876.96
892.66
908.22
923.61
938.83
953.84
968.62
983.15
997.41
1011.38
1025.03
1038.34
1051.30
1063.87
1076.04
1087.78
1099.08
1109.90
1120.24
1130.06
1139.34
1148.07
1156.22
1163.78
1170.71
1177.01
1182.66
1187.64
1191.94
1195.54
1198.43
1200.61
1202.07
1202.79
867.30
882.79
898.14
913.32
928.33
943.13
957.70
972.02
986.07
999.83
1013.27
1026.38
1039.13
1051.50
1063.46
1075.01
1086.11
1096.74
1106.89
1116.53
1125.64
1134.20
1142.19
1149.59
1156.38
1162.55
1168.08
1172.95
1177.15
1180.67
1183.50
1185.63
1187.05
1187.76
857.44
872.71
887.85
902.82
917.61
932.19
946.55
960.66
974.50
988.05
1001.29
1014.19
1026.73
1038.90
1050.67
1062.02
1072.93
1083.37
1093.33
1102.79
1111.73
1120.12
1127.96
1135.21
1141.86
1147.90
1153.31
1158.08
1162.19
1165.64
1168.40
1170.48
1171.87
1172.56
847.39
862.44
877.36
892.11
906.68
921.05
935.20
949.10
962.73
976.06
989.09
1001.79
1014.13
1026.10
1037.67
1048.83
1059.54
1069.80
1079.59
1088.87
1097.64
1105.87
1113.55
1120.66
1127.18
1133.10
1138.39
1143.06
1147.08
1150.45
1153.16
1155.19
1156.55
1157.23
837.16
851.99
866.68
881.22
895.58
909.73
923.66
937.34
950.76
963.89
976.71
989.20
1001.34
1013.11
1024.49
1035.45
1045.98
1056.06
1065.66
1074.78
1083.38
1091.46
1098.99
1105.96
1112.34
1118.14
1123.33
1127.90
1131.84
1135.14
1137.78
1139.78
1141.10
1141.77
826.77
841.38
855.85
870.16
884.30
898.23
911.95
925.42
938.62
951.54
964.16
976.44
988.38
999.95
1011.14
1021.91
1032.25
1042.15
1051.58
1060.53
1068.97
1076.90
1084.28
1091.11
1097.38
1103.06
1108.14
1112.62
1116.47
1119.70
1122.29
1124.24
1125.54
1126.19
816.24
830.62
844.86
858.96
872.87
886.59
900.08
913.34
926.33
939.04
951.45
963.53
975.27
986.65
997.64
1008.22
1018.39
1028.11
1037.37
1046.15
1054.43
1062.21
1069.45
1076.15
1082.29
1087.86
1092.84
1097.22
1101.00
1104.16
1106.70
1108.61
1109.88
1110.52
805.58
819.73
833.75
847.62
861.31
874.80
888.08
901.12
913.90
926.41
938.61
950.49
962.03
973.21
984.01
994.41
1004.39
1013.94
1023.03
1031.65
1039.78
1047.41
1054.51
1061.08
1067.10
1072.56
1077.44
1081.74
1085.44
1088.54
1091.02
1092.89
1094.14
1094.76
794.81
808.73
822.52
836.16
849.63
862.91
875.97
888.79
901.36
913.65
925.65
937.33
948.67
959.66
970.27
980.49
990.29
999.66
1008.59
1017.05
1025.03
1032.51
1039.48
1045.93
1051.83
1057.18
1061.96
1066.18
1069.80
1072.84
1075.27
1077.10
1078.33
1078.94
783.95
797.64
811.20
824.62
837.86
850.91
863.75
876.36
888.72
900.80
912.60
924.07
935.22
946.01
956.44
966.47
976.10
985.31
994.07
1002.38
1010.21
1017.55
1024.38
1030.70
1036.49
1041.74
1046.43
1050.56
1054.11
1057.09
1059.47
1061.27
1062.47
1063.06
773.02
786.48
799.81
812.99
826.01
838.84
851.46
863.86
876.00
887.88
899.47
910.74
921.70
932.30
942.54
952.40
961.85
970.89
979.49
987.64
995.33
1002.53
1009.24
1015.44
1021.11
1026.26
1030.86
1034.90
1038.39
1041.30
1043.64
1045.40
1046.57
1047.16
762.04
775.26
788.36
801.31
814.10
826.71
839.12
851.30
863.23
874.90
886.28
897.36
908.12
918.53
928.59
938.27
947.55
956.42
964.87
972.87
980.41
987.48
994.06
1000.14
1005.71
1010.75
1015.26
1019.23
1022.65
1025.50
1027.80
1029.52
1030.67
1031.24
751.02
764.01
776.87
789.60
802.16
814.55
826.73
838.70
850.42
861.88
873.06
883.95
894.51
904.74
914.61
924.12
933.23
941.94
950.23
958.08
965.48
972.41
978.87
984.83
990.30
995.24
999.67
1003.56
1006.91
1009.71
1011.96
1013.65
1014.77
1015.34
739.99
752.74
765.37
777.86
790.20
802.37
814.33
826.08
837.60
848.85
859.83
870.52
880.89
890.94
900.63
909.96
918.91
927.46
935.59
943.30
950.56
957.36
963.70
969.55
974.90
979.76
984.09
987.91
991.19
993.94
996.14
997.80
998.90
999.46
728.97
741.47
753.87
766.14
778.25
790.19
801.94
813.48
824.78
835.83
846.61
857.11
867.29
877.15
886.67
895.83
904.61
913.00
920.98
928.54
935.67
942.34
948.56
954.30
959.55
964.31
968.56
972.31
975.53
978.22
980.38
982.00
983.09
983.63
717.97
730.24
742.41
754.44
766.33
778.05
789.58
800.90
812.00
822.85
833.43
843.73
853.73
863.41
872.75
881.73
890.35
898.59
906.42
913.84
920.83
927.38
933.48
939.11
944.26
948.93
953.10
956.77
959.93
962.57
964.69
966.28
967.35
967.88
707.02
719.06
730.99
742.80
754.46
765.96
777.27
788.38
799.27
809.92
820.31
830.41
840.23
849.72
858.89
867.71
876.17
884.25
891.94
899.22
906.08
912.50
918.48
924.01
929.06
933.64
937.73
941.33
944.43
947.02
949.10
950.66
951.70
952.22
696.14
707.94
719.64
731.22
742.66
753.94
765.04
775.94
786.63
797.07
807.27
817.18
826.81
836.13
845.13
853.78
862.08
870.01
877.55
884.70
891.43
897.73
903.60
909.02
913.98
918.47
922.48
926.01
929.05
931.59
933.63
935.16
936.18
936.69
685.36
696.93
708.40
719.75
730.97
742.03
752.92
763.61
774.09
784.34
794.33
804.07
813.51
822.66
831.48
839.98
848.12
855.90
863.30
870.31
876.91
883.09
888.85
894.17
899.03
903.44
907.38
910.84
913.82
916.31
918.31
919.81
920.81
921.31
674.70
686.03
697.27
708.40
719.40
730.24
740.92
751.40
761.68
771.73
781.54
791.09
800.35
809.33
817.99
826.32
834.31
841.94
849.20
856.08
862.55
868.62
874.27
879.48
884.26
888.58
892.44
895.84
898.76
901.21
903.17
904.64
905.62
906.11
664.18
675.28
686.29
697.20
707.97
718.60
729.07
739.35
749.43
759.29
768.91
778.27
787.36
796.17
804.66
812.84
820.67
828.16
835.29
842.03
848.39
854.34
859.88
865.00
869.68
873.92
877.71
881.04
883.91
886.31
888.23
889.68
890.64
891.12
653.82
664.69
675.48
686.17
696.73
707.15
717.41
727.49
737.37
747.04
756.47
765.66
774.57
783.21
791.54
799.56
807.25
814.60
821.59
828.21
834.44
840.28
845.72
850.74
855.33
859.49
863.21
866.48
869.29
871.65
873.53
874.95
875.90
876.37
643.66
654.30
664.87
675.33
685.68
695.90
705.95
715.83
725.52
735.00
744.25
753.26
762.01
770.48
778.65
786.52
794.07
801.27
808.13
814.63
820.75
826.48
831.81
836.74
841.25
845.33
848.98
852.18
854.95
857.25
859.11
860.50
861.43
861.89
633.71
644.13
654.48
664.73
674.87
684.88
694.73
704.42
713.92
723.22
732.29
741.12
749.70
758.01
766.03
773.75
781.15
788.23
794.96
801.33
807.33
812.96
818.19
823.03
827.45
831.46
835.04
838.19
840.90
843.16
844.98
846.35
847.26
847.71
624.00
634.21
644.34
654.38
664.32
674.12
683.78
693.28
702.59
711.71
720.60
729.27
737.69
745.84
753.71
761.28
768.54
775.48
782.09
788.34
794.24
799.76
804.90
809.64
813.98
817.92
821.43
824.52
827.18
829.41
831.19
832.53
833.43
833.87
614.56
624.55
634.48
644.31
654.05
663.66
673.12
682.43
691.57
700.51
709.23
717.73
725.99
733.99
741.71
749.14
756.27
763.08
769.56
775.70
781.49
786.91
791.95
796.61
800.88
804.74
808.19
811.22
813.83
816.02
817.77
819.09
819.97
820.40
605.42
615.20
624.92
634.56
644.09
653.51
662.79
671.92
680.88
689.64
698.20
706.54
714.65
722.49
730.07
737.37
744.37
751.05
757.42
763.45
769.13
774.45
779.40
783.98
788.16
791.96
795.35
798.33
800.89
803.04
804.76
806.05
806.91
807.34
596.60
606.17
615.69
625.14
634.48
643.71
652.82
661.77
670.55
679.15
687.55
695.74
703.69
711.39
718.83
725.99
732.87
739.43
745.68
751.60
757.18
762.41
767.28
771.77
775.88
779.61
782.94
785.87
788.39
790.50
792.19
793.46
794.30
794.73
588.12
597.50
606.83
616.08
625.25
634.30
643.22
652.00
660.62
669.06
677.31
685.34
693.15
700.71
708.02
715.05
721.80
728.26
734.40
740.21
745.69
750.83
755.61
760.03
764.07
767.73
771.01
773.88
776.36
778.43
780.09
781.34
782.18
782.59
580.01
589.21
598.35
607.42
616.41
625.29
634.05
642.66
651.12
659.41
667.50
675.39
683.06
690.49
697.67
704.58
711.22
717.56
723.59
729.31
734.70
739.75
744.45
748.79
752.76
756.36
759.58
762.41
764.85
766.89
768.52
769.75
770.57
770.98
572.31
581.32
590.29
599.19
608.00
616.72
625.31
633.77
642.08
650.22
658.17
665.92
673.46
680.76
687.82
694.61
701.13
707.37
713.30
718.93
724.23
729.19
733.82
738.09
742.00
745.54
748.71
751.49
753.89
755.89
757.50
758.71
759.52
759.92
565.03
573.87
582.67
591.40
600.06
608.61
617.06
625.37
633.53
641.53
649.35
656.97
664.37
671.56
678.50
685.18
691.60
697.73
703.57
709.10
714.32
719.21
723.76
727.96
731.81
735.30
738.42
741.16
743.52
745.49
747.07
748.26
749.06
749.45
558.20
566.88
575.51
584.09
592.59
601.00
609.30
617.47
625.50
633.36
641.05
648.55
655.84
662.91
669.74
676.32
682.63
688.67
694.42
699.87
705.01
709.82
714.31
718.45
722.24
725.67
728.74
731.45
733.77
735.71
737.27
738.45
739.23
739.62
551.84
560.36
568.85
577.29
585.65
593.92
602.08
610.12
618.02
625.76
633.33
640.71
647.89
654.85
661.58
668.06
674.28
680.23
685.90
691.27
696.33
701.08
705.50
709.58
713.32
716.70
719.73
722.39
724.69
726.60
728.14
729.30
730.07
730.45
545.97
554.36
562.71
571.01
579.24
587.38
595.41
603.33
611.11
618.74
626.20
633.47
640.55
647.41
654.04
660.43
666.57
672.44
678.03
683.33
688.32
693.00
697.36
701.39
705.08
708.42
711.41
714.04
716.30
718.19
719.71
720.85
721.61
721.99
545.05
553.44
561.80
570.10
578.33
586.48
594.53
602.46
610.25
617.89
625.36
632.64
639.73
646.61
653.25
659.66
665.80
671.68
677.28
682.59
687.60
692.29
696.66
700.70
704.40
707.75
710.74
713.37
715.64
717.54
719.06
720.20
720.97
721.35
550.93
559.47
567.96
576.40
584.77
593.05
601.22
609.27
617.18
624.94
632.52
639.91
647.11
654.08
660.82
667.32
673.55
679.51
685.19
690.58
695.65
700.41
704.84
708.93
712.68
716.07
719.11
721.78
724.07
726.00
727.54
728.70
729.47
729.86
557.31
566.00
574.65
583.23
591.75
600.17
608.48
616.66
624.70
632.58
640.28
647.79
655.09
662.18
669.02
675.61
681.94
688.00
693.76
699.22
704.37
709.20
713.69
717.84
721.64
725.09
728.17
730.87
733.20
735.15
736.72
737.89
738.68
739.07
564.17
573.02
581.83
590.57
599.24
607.81
616.26
624.59
632.76
640.78
648.61
656.24
663.67
670.86
677.82
684.52
690.95
697.10
702.95
708.50
713.73
718.63
723.19
727.41
731.27
734.76
737.89
740.63
743.00
744.98
746.57
747.76
748.56
748.95
571.47
580.50
589.47
598.39
607.21
615.94
624.55
633.03
641.35
649.51
657.47
665.24
672.79
680.11
687.18
694.00
700.53
706.78
712.73
718.37
723.68
728.66
733.30
737.58
741.50
745.05
748.23
751.02
753.43
755.44
757.05
758.26
759.07
759.47
579.21
588.41
597.57
606.65
615.65
624.55
633.32
641.95
650.43
658.73
666.85
674.75
682.44
689.89
697.08
704.01
710.66
717.02
723.07
728.80
734.20
739.27
743.98
748.34
752.32
755.93
759.16
762.00
764.44
766.48
768.12
769.36
770.18
770.59
587.34
596.73
606.08
615.34
624.52
633.59
642.53
651.33
659.97
668.43
676.69
684.74
692.57
700.15
707.48
714.53
721.30
727.77
733.92
739.76
745.25
750.41
755.20
759.63
763.68
767.36
770.64
773.53
776.01
778.09
779.76
781.01
781.84
782.26
595.84
605.44
614.97
624.43
633.79
643.05
652.16
661.13
669.94
678.56
686.98
695.18
703.15
710.88
718.34
725.52
732.41
739.00
745.26
751.20
756.80
762.04
766.92
771.43
775.55
779.29
782.63
785.57
788.10
790.21
791.91
793.18
794.03
794.46
604.70
614.49
624.23
633.89
643.44
652.88
662.18
671.33
680.31
689.09
697.68
706.04
714.16
722.03
729.63
736.94
743.96
750.67
757.05
763.10
768.80
774.13
779.10
783.69
787.89
791.70
795.10
798.09
800.66
802.81
804.54
805.84
806.70
807.14
613.87
623.88
633.82
643.68
653.43
663.06
672.55
681.88
691.04
700.00
708.75
717.27
725.55
733.57
741.32
748.77
755.92
762.75
769.26
775.41
781.22
786.65
791.71
796.39
800.67
804.54
808.00
811.05
813.67
815.86
817.62
818.94
819.82
820.26
623.34
633.56
643.72
653.78
663.74
673.57
683.25
692.77
702.11
711.25
720.17
728.86
737.30
745.47
753.37
760.96
768.25
775.21
781.84
788.11
794.02
799.56
804.72
809.48
813.83
817.78
821.31
824.41
827.08
829.31
831.10
832.45
833.34
833.79
633.08
643.52
653.89
664.17
674.33
684.36
694.25
703.96
713.48
722.80
731.90
740.76
749.37
757.70
765.74
773.49
780.91
788.01
794.76
801.15
807.18
812.82
818.08
822.93
827.37
831.39
834.98
838.14
840.86
843.13
844.96
846.33
847.24
847.70
643.06
653.73
664.32
674.81
685.19
695.42
705.51
715.41
725.13
734.64
743.92
752.95
761.72
770.22
778.42
786.31
793.88
801.12
808.00
814.51
820.65
826.40
831.76
836.70
841.22
845.32
848.98
852.20
854.97
857.29
859.15
860.55
861.48
861.94
653.26
664.15
674.97
685.68
696.27
706.72
717.00
727.11
737.02
746.72
756.18
765.40
774.34
783.00
791.36
799.41
807.12
814.50
821.51
828.15
834.41
840.27
845.73
850.76
855.38
859.55
863.28
866.56
869.39
871.75
873.64
875.07
876.02
876.49
663.65
674.77
685.81
696.75
707.55
718.22
728.71
739.02
749.13
759.02
768.67
778.06
787.18
796.01
804.54
812.74
820.61
828.12
835.27
842.04
848.42
854.39
859.95
865.09
869.79
874.04
877.85
881.19
884.07
886.48
888.41
889.86
890.83
891.31
674.20
685.56
696.83
707.99
719.02
729.89
740.60
751.12
761.43
771.51
781.35
790.93
800.23
809.23
817.92
826.28
834.30
841.96
849.24
856.14
862.65
868.74
874.40
879.64
884.43
888.77
892.65
896.06
898.99
901.44
903.41
904.89
905.88
906.37
684.90
696.50
708.00
719.38
730.63
741.73
752.64
763.37
773.88
784.16
794.20
803.96
813.44
822.61
831.47
839.99
848.17
855.97
863.40
870.44
877.06
883.27
889.05
894.39
899.27
903.69
907.65
911.12
914.11
916.62
918.62
920.13
921.14
921.64
695.72
707.55
719.28
730.90
742.37
753.68
764.82
775.75
786.47
796.95
807.18
817.13
826.79
836.14
845.17
853.86
862.19
870.15
877.72
884.89
891.64
897.97
903.86
909.30
914.28
918.79
922.82
926.37
929.42
931.97
934.01
935.55
936.58
937.09
706.63
718.70
730.66
742.51
754.21
765.74
777.09
788.24
799.16
809.85
820.27
830.41
840.26
849.79
858.99
867.84
876.33
884.45
892.16
899.47
906.36
912.81
918.81
924.36
929.43
934.03
938.14
941.75
944.86
947.47
949.55
951.12
952.17
952.69
717.61
729.92
742.12
754.19
766.12
777.87
789.44
800.80
811.94
822.82
833.44
843.78
853.81
863.53
872.90
881.92
890.58
898.84
906.71
914.16
921.17
927.75
933.87
939.52
944.70
949.39
953.58
957.26
960.43
963.09
965.21
966.81
967.88
968.41
728.64
741.19
753.62
765.93
778.08
790.06
801.85
813.42
824.77
835.86
846.68
857.21
867.43
877.33
886.88
896.07
904.89
913.31
921.33
928.92
936.07
942.78
949.02
954.78
960.06
964.84
969.11
972.87
976.10
978.80
980.98
982.61
983.69
984.24
739.70
752.49
765.16
777.69
790.07
802.28
814.28
826.07
837.63
848.92
859.95
870.67
881.09
891.17
900.90
910.27
919.25
927.83
936.00
943.74
951.03
957.86
964.22
970.10
975.48
980.35
984.71
988.54
991.84
994.59
996.81
998.47
999.58
1000.14
750.77
763.79
776.70
789.46
802.07
814.50
826.73
838.73
850.50
862.00
873.22
884.15
894.75
905.02
914.94
924.48
933.63
942.37
950.70
958.58
966.01
972.98
979.46
985.45
990.93
995.90
1000.35
1004.25
1007.62
1010.43
1012.69
1014.39
1015.52
1016.09
761.82
775.08
788.22
801.22
814.06
826.71
839.15
851.38
863.35
875.07
886.49
897.62
908.41
918.87
928.97
938.69
948.01
956.92
965.40
973.43
981.00
988.10
994.71
1000.82
1006.41
1011.48
1016.01
1020.00
1023.43
1026.30
1028.60
1030.33
1031.49
1032.07
772.84
786.34
799.71
812.94
826.00
838.88
851.54
863.98
876.17
888.09
899.73
911.05
922.04
932.69
942.97
952.87
962.36
971.44
980.08
988.26
995.98
1003.22
1009.95
1016.18
1021.88
1027.05
1031.67
1035.74
1039.24
1042.17
1044.52
1046.29
1047.46
1048.05
783.80
797.53
811.14
824.60
837.89
850.99
863.88
876.53
888.94
901.07
912.90
924.43
935.62
946.46
956.93
967.00
976.67
985.92
994.72
1003.06
1010.92
1018.30
1025.17
1031.52
1037.33
1042.60
1047.32
1051.46
1055.04
1058.02
1060.42
1062.22
1063.43
1064.03
794.69
808.66
822.50
836.19
849.70
863.02
876.13
889.01
901.62
913.96
926.01
937.73
949.12
960.15
970.81
981.07
990.92
1000.33
1009.30
1017.80
1025.81
1033.33
1040.33
1046.80
1052.73
1058.11
1062.92
1067.15
1070.79
1073.84
1076.29
1078.13
1079.36
1079.97
805.49
819.69
833.76
847.68
861.42
874.96
888.29
901.38
914.21
926.76
939.01
950.94
962.53
973.76
984.60
995.05
1005.07
1014.66
1023.79
1032.45
1040.62
1048.28
1055.42
1062.02
1068.07
1073.55
1078.46
1082.78
1086.50
1089.61
1092.11
1093.99
1095.24
1095.87
816.18
830.61
844.91
859.05
873.02
886.78
900.33
913.64
926.68
939.44
951.90
964.03
975.82
987.25
998.28
1008.92
1019.12
1028.89
1038.19
1047.01
1055.34
1063.15
1070.42
1077.16
1083.33
1088.92
1093.93
1098.33
1102.13
1105.31
1107.86
1109.78
1111.06
1111.70
826.75
841.41
855.93
870.29
884.48
898.47
912.24
925.76
939.02
951.99
964.66
976.99
988.98
1000.60
1011.83
1022.66
1033.05
1042.99
1052.47
1061.45
1069.94
1077.90
1085.32
1092.19
1098.48
1104.19
1109.30
1113.80
1117.67
1120.92
1123.53
1125.49
1126.79
1127.45
837.17
852.05
866.80
881.39
895.80
910.00
923.99
937.72
951.20
964.38
977.25
989.80
1001.99
1013.81
1025.24
1036.25
1046.83
1056.95
1066.60
1075.76
1084.41
1092.52
1100.09
1107.09
1113.52
1119.34
1124.56
1129.15
1133.11
1136.43
1139.09
1141.09
1142.43
1143.10
847.43
862.53
877.50
892.31
906.94
921.37
935.57
949.52
963.20
976.60
989.68
1002.43
1014.83
1026.85
1038.47
1049.68
1060.44
1070.75
1080.58
1089.91
1098.73
1107.00
1114.72
1121.86
1128.42
1134.37
1139.69
1144.38
1148.43
1151.82
1154.54
1156.58
1157.95
1158.63
857.51
872.84
888.03
903.05
917.90
932.54
946.96
961.12
975.02
988.62
1001.92
1014.87
1027.47
1039.70
1051.52
1062.92
1073.88
1084.38
1094.39
1103.90
1112.88
1121.31
1129.19
1136.48
1143.17
1149.24
1154.68
1159.48
1163.61
1167.07
1169.85
1171.95
1173.34
1174.04
867.40
882.94
898.35
913.59
928.65
943.51
958.14
972.52
986.63
1000.44
1013.94
1027.11
1039.92
1052.34
1064.37
1075.97
1087.12
1097.81
1108.00
1117.69
1126.85
1135.45
1143.48
1150.92
1157.75
1163.96
1169.51
1174.41
1178.64
1182.18
1185.03
1187.17
1188.60
1189.31
877.08
892.84
908.46
923.92
939.19
954.26
969.10
983.69
998.01
1012.04
1025.75
1039.12
1052.13
1064.76
1076.99
1088.79
1100.14
1111.02
1121.41
1131.28
1140.61
1149.39
1157.58
1165.18
1172.15
1178.49
1184.17
1189.18
1193.51
1197.13
1200.04
1202.23
1203.70
1204.43
886.54
902.51
918.34
934.01
949.49
964.77
979.82
994.62
1009.15
1023.38
1037.30
1050.89
1064.11
1076.94
1089.37
1101.38
1112.93
1124.00
1134.58
1144.64
1154.16
1163.11
1171.47
1179.23
1186.36
1192.84
1198.65
1203.77
1208.19
1211.90
1214.88
1217.13
1218.63
1219.38
895.77
911.94
927.97
943.85
959.54
975.02
990.28
1005.29
1020.03
1034.47
1048.60
1062.39
1075.82
1088.86
1101.50
1113.71
1125.46
1136.74
1147.52
1157.77
1167.47
1176.60
1185.14
1193.06
1200.35
1206.97
1212.91
1218.16
1222.69
1226.49
1229.54
1231.84
1233.38
1234.14
904.74
921.11
937.35
953.43
969.32
985.01
1000.48
1015.69
1030.64
1045.29
1059.62
1073.62
1087.26
1100.51
1113.36
1125.77
1137.73
1149.21
1160.19
1170.63
1180.53
1189.85
1198.57
1206.66
1214.11
1220.88
1226.97
1232.34
1236.98
1240.87
1244.00
1246.36
1247.93
1248.72
913.44
930.01
946.45
962.73
978.82
994.71
1010.38
1025.80
1040.95
1055.81
1070.35
1084.56
1098.40
1111.86
1124.92
1137.54
1149.71
1161.40
1172.58
1183.23
1193.32
1202.83
1211.74
1220.01
1227.62
1234.56
1240.78
1246.29
1251.04
1255.04
1258.25
1260.67
1262.29
1263.09
921.87
938.63
955.26
971.73
988.03
1004.12
1019.98
1035.60
1050.95
1066.02
1080.77
1095.18
1109.23
1122.90
1136.17
1149.00
1161.38
1173.28
1184.67
1195.52
1205.82
1215.53
1224.63
1233.08
1240.88
1247.97
1254.35
1260.00
1264.88
1268.97
1272.27
1274.76
1276.42
1277.25
930.00
946.95
963.77
980.44
996.92
1013.20
1029.27
1045.08
1060.64
1075.90
1090.85
1105.47
1119.74
1133.62
1147.09
1160.14
1172.73
1184.84
1196.44
1207.51
1218.02
1227.93
1237.23
1245.87
1253.85
1261.12
1267.66
1273.45
1278.46
1282.67
1286.06
1288.61
1290.32
1291.18
937.83
954.96
971.97
988.82
1005.49
1021.96
1038.22
1054.23
1069.98
1085.44
1100.60
1115.42
1129.89
1143.98
1157.67
1170.93
1183.74
1196.06
1207.88
1219.17
1229.88
1240.01
1249.51
1258.36
1266.52
1273.97
1280.68
1286.63
1291.77
1296.10
1299.59
1302.22
1303.98
1304.86
945.34
962.65
979.83
996.86
1013.72
1030.38
1046.82
1063.02
1078.96
1094.62
1109.98
1125.01
1139.68
1153.98
1167.88
1181.36
1194.38
1206.93
1218.97
1230.47
1241.40
1251.75
1261.46
1270.51
1278.88
1286.52
1293.41
1299.51
1304.80
1309.25
1312.85
1315.55
1317.37
1318.28
952.52
970.00
987.36
1004.56
1021.59
1038.43
1055.06
1071.45
1087.58
1103.43
1118.98
1134.21
1149.09
1163.60
1177.71
1191.40
1204.64
1217.41
1229.67
1241.40
1252.56
1263.12
1273.06
1282.32
1290.90
1298.74
1305.81
1312.08
1317.53
1322.12
1325.82
1328.61
1330.48
1331.42
959.36
977.01
994.53
1011.90
1029.10
1046.11
1062.92
1079.49
1095.81
1111.85
1127.59
1143.02
1158.10
1172.81
1187.14
1201.04
1214.50
1227.49
1239.98
1251.93
1263.32
1274.11
1284.27
1293.76
1302.55
1310.60
1317.87
1324.33
1329.93
1334.66
1338.48
1341.36
1343.30
1344.27
965.84
983.65
1001.33
1018.86
1036.23
1053.41
1070.39
1087.13
1103.63
1119.86
1135.79
1151.41
1166.69
1181.61
1196.14
1210.26
1223.93
1237.15
1249.86
1262.04
1273.67
1284.69
1295.08
1304.81
1313.82
1322.08
1329.56
1336.21
1341.99
1346.87
1350.81
1353.79
1355.79
1356.79
971.97
989.92
1007.75
1025.44
1042.97
1060.31
1077.45
1094.37
1111.04
1127.44
1143.56
1159.37
1174.84
1189.96
1204.69
1219.02
1232.92
1246.35
1259.30
1271.71
1283.57
1294.84
1305.47
1315.43
1324.67
1333.16
1340.85
1347.70
1353.67
1358.71
1362.79
1365.87
1367.94
1368.98
977.72
995.81
1013.79
1031.63
1049.30
1066.80
1084.10
1101.18
1118.01
1134.59
1150.88
1166.87
1182.53
1197.85
1212.79
1227.32
1241.44
1255.09
1268.26
1280.91
1293.01
1304.51
1315.39
1325.59
1335.08
1343.80
1351.72
1358.78
1364.94
1370.15
1374.37
1377.57
1379.72
1380.80
983.09
1001.31
1019.43
1037.40
1055.22
1072.86
1090.31
1107.54
1124.54
1141.28
1157.75
1173.91
1189.76
1205.26
1220.39
1235.14
1249.46
1263.33
1276.73
1289.61
1301.94
1313.69
1324.82
1335.27
1345.00
1353.97
1362.13
1369.41
1375.77
1381.16
1385.54
1388.86
1391.09
1392.21
988.06
1006.41
1024.65
1042.76
1060.71
1078.49
1096.08
1113.46
1130.61
1147.50
1164.13
1180.46
1196.48
1212.17
1227.49
1242.43
1256.96
1271.05
1284.67
1297.78
1310.35
1322.35
1333.72
1344.42
1354.41
1363.63
1372.03
1379.54
1386.12
1391.70
1396.24
1399.69
1402.01
1403.17
992.63
1011.10
1029.46
1047.69
1065.76
1083.67
1101.40
1118.91
1136.20
1153.24
1170.02
1186.52
1202.70
1218.56
1234.07
1249.20
1263.92
1278.22
1292.05
1305.39
1318.20
1330.43
1342.06
1353.01
1363.26
1372.73
1381.38
1389.13
1395.93
1401.72
1406.43
1410.01
1412.42
1413.63
996.80
1015.37
1033.84
1052.18
1070.37
1088.40
1106.24
1123.88
1141.30
1158.48
1175.41
1192.05
1208.39
1224.41
1240.09
1255.40
1270.32
1284.81
1298.85
1312.41
1325.45
1337.92
1349.79
1361.00
1371.50
1381.23
1390.13
1398.13
1405.16
1411.16
1416.05
1419.77
1422.28
1423.55
1000.54
1019.21
1037.78
1056.22
1074.52
1092.65
1110.61
1128.36
1145.91
1163.21
1180.27
1197.05
1213.54
1229.71
1245.55
1261.03
1276.12
1290.80
1305.04
1318.81
1332.06
1344.77
1356.87
1368.33
1379.08
1389.07
1398.23
1406.48
1413.74
1419.95
1425.03
1428.90
1431.52
1432.83
1003.86
1022.62
1041.27
1059.81
1078.20
1096.43
1114.48
1132.35
1150.00
1167.42
1184.59
1201.50
1218.12
1234.43
1250.42
1266.05
1281.31
1296.17
1310.59
1324.55
1338.01
1350.93
1363.27
1374.96
1385.96
1396.20
1405.61
1414.10
1421.60
1428.03
1433.30
1437.32
1440.05
1441.42
1006.75
1025.59
1044.32
1062.93
1081.40
1099.72
1117.86
1135.82
1153.57
1171.09
1188.37
1205.39
1222.12
1238.56
1254.68
1270.45
1285.86
1300.87
1315.47
1329.61
1343.26
1356.38
1368.93
1380.84
1392.08
1402.55
1412.20
1420.93
1428.67
1435.31
1440.76
1444.94
1447.77
1449.20
1009.21
1028.11
1046.90
1065.58
1084.13
1102.52
1120.74
1138.77
1156.60
1174.21
1191.58
1208.70
1225.54
1242.08
1258.31
1274.21
1289.75
1304.90
1319.65
1333.95
1347.77
1361.07
1373.81
1385.93
1397.37
1408.07
1417.94
1426.90
1434.85
1441.70
1447.33
1451.66
1454.60
1456.08
1011.23
1030.18
1049.03
1067.76
1086.36
1104.82
1123.10
1141.20
1159.10
1176.78
1194.23
1211.42
1228.35
1244.98
1261.31
1277.31
1292.96
1308.23
1323.10
1337.54
1351.50
1364.96
1377.87
1390.16
1401.79
1412.69
1422.76
1431.92
1440.07
1447.10
1452.90
1457.37
1460.41
1461.94
1012.80
1031.79
1050.68
1069.46
1088.11
1106.61
1124.94
1143.09
1161.05
1178.79
1196.29
1213.55
1230.54
1247.25
1263.66
1279.74
1295.48
1310.84
1325.81
1340.36
1354.44
1368.03
1381.07
1393.51
1405.29
1416.35
1426.59
1435.92
1444.24
1451.43
1457.38
1461.96
1465.08
1466.66
1013.92
1032.94
1051.87
1070.68
1089.36
1107.89
1126.26
1144.45
1162.44
1180.22
1197.77
1215.08
1232.12
1248.88
1265.34
1281.48
1297.28
1312.72
1327.76
1342.39
1356.56
1370.24
1383.38
1395.93
1407.83
1419.00
1429.37
1438.83
1447.28
1454.59
1460.65
1465.33
1468.52
1470.13
1014.60
1033.64
1052.58
1071.41
1090.11
1108.66
1127.05
1145.27
1163.28
1181.09
1198.66
1216.00
1233.07
1249.86
1266.35
1282.53
1298.37
1313.85
1328.94
1343.61
1357.84
1371.57
1384.78
1397.39
1409.36
1420.61
1431.06
1440.60
1449.13
1456.52
1462.65
1467.39
1470.62
1472.26
1014.82
1033.87
1052.82
1071.65
1090.36
1108.92
1127.32
1145.54
1163.56
1181.37
1198.96
1216.30
1233.38
1250.18
1266.69
1282.88
1298.73
1314.23
1329.33
1344.02
1358.26
1372.02
1385.24
1397.88
1409.87
1421.15
1431.62
1441.19
1449.75
1457.17
1463.32
1468.08
1471.33
1472.97
1014.60
1033.64
1052.58
1071.41
1090.11
1108.66
1127.05
1145.26
1163.28
1181.08
1198.66
1215.99
1233.06
1249.86
1266.35
1282.53
1298.37
1313.85
1328.94
1343.61
1357.84
1371.57
1384.77
1397.39
1409.36
1420.61
1431.05
1440.59
1449.12
1456.51
1462.64
1467.38
1470.61
1472.25
1013.92
1032.94
1051.87
1070.68
1089.36
1107.89
1126.26
1144.45
1162.44
1180.22
1197.77
1215.07
1232.12
1248.88
1265.34
1281.48
1297.28
1312.71
1327.76
1342.38
1356.55
1370.23
1383.37
1395.92
1407.82
1418.99
1429.36
1438.82
1447.27
1454.58
1460.64
1465.32
1468.51
1470.12
1012.79
1031.78
1050.68
1069.46
1088.11
1106.60
1124.94
1143.09
1161.04
1178.78
1196.29
1213.55
1230.54
1247.25
1263.65
1279.73
1295.47
1310.84
1325.81
1340.35
1354.43
1368.02
1381.06
1393.50
1405.28
1416.33
1426.57
1435.90
1444.22
1451.42
1457.36
1461.95
1465.07
1466.65
1011.22
1030.17
1049.02
1067.76
1086.36
1104.81
1123.09
1141.19
1159.09
1176.77
1194.22
1211.41
1228.34
1244.97
1261.30
1277.30
1292.95
1308.22
1323.09
1337.53
1351.49
1364.95
1377.85
1390.15
1401.78
1412.67
1422.74
1431.90
1440.05
1447.08
1452.89
1457.35
1460.39
1461.92
1009.20
1028.10
1046.90
1065.57
1084.12
1102.51
1120.73
1138.76
1156.59
1174.20
1191.57
1208.69
1225.53
1242.07
1258.30
1274.20
1289.74
1304.89
1319.63
1333.93
1347.75
1361.05
1373.79
1385.91
1397.35
1408.05
1417.92
1426.88
1434.83
1441.68
1447.31
1451.64
1454.57
1456.06
1006.75
1025.58
1044.31
1062.92
1081.39
1099.71
1117.85
1135.81
1153.55
1171.08
1188.35
1205.37
1222.11
1238.55
1254.66
1270.44
1285.84
1300.86
1315.45
1329.59
1343.24
1356.36
1368.91
1380.82
1392.05
1402.53
1412.18
1420.91
1428.64
1435.28
1440.74
1444.92
1447.75
1449.17
1003.85
1022.61
1041.26
1059.79
1078.18
1096.42
1114.47
1132.33
1149.98
1167.40
1184.58
1201.48
1218.10
1234.41
1250.40
1266.03
1281.29
1296.15
1310.57
1324.53
1337.99
1350.91
1363.24
1374.94
1385.94
1396.17
1405.58
1414.07
1421.58
1428.00
1433.27
1437.29
1440.02
1441.39
1000.53
1019.20
1037.76
1056.20
1074.50
1092.64
1110.59
1128.35
1145.89
1163.20
1180.25
1197.03
1213.52
1229.69
1245.53
1261.01
1276.10
1290.78
1305.02
1318.79
1332.04
1344.74
1356.85
1368.30
1379.06
1389.04
1398.20
1406.45
1413.71
1419.92
1425.00
1428.87
1431.49
1432.80
996.78
1015.36
1033.82
1052.16
1070.35
1088.38
1106.22
1123.87
1141.29
1158.47
1175.39
1192.03
1208.37
1224.39
1240.07
1255.38
1270.29
1284.79
1298.83
1312.39
1325.42
1337.89
1349.76
1360.97
1371.47
1381.20
1390.10
1398.10
1405.13
1411.12
1416.01
1419.74
1422.25
1423.51
992.62
1011.09
1029.44
1047.67
1065.75
1083.66
1101.38
1118.89
1136.18
1153.22
1170.00
1186.49
1202.68
1218.54
1234.04
1249.17
1263.90
1278.19
1292.03
1305.36
1318.17
1330.41
1342.03
1352.98
1363.23
1372.70
1381.34
1389.10
1395.90
1401.68
1406.39
1409.97
1412.39
1413.60
988.04
1006.40
1024.64
1042.74
1060.69
1078.47
1096.06
1113.44
1130.59
1147.48
1164.11
1180.44
1196.46
1212.14
1227.47
1242.41
1256.93
1271.02
1284.64
1297.75
1310.32
1322.32
1333.69
1344.39
1354.38
1363.60
1371.99
1379.50
1386.08
1391.66
1396.20
1399.65
1401.97
1403.13
983.07
1001.30
1019.41
1037.38
1055.20
1072.84
1090.29
1107.52
1124.52
1141.26
1157.72
1173.89
1189.73
1205.23
1220.37
1235.11
1249.43
1263.30
1276.70
1289.58
1301.91
1313.66
1324.78
1335.23
1344.97
1353.94
1362.09
1369.37
1375.73
1381.12
1385.50
1388.82
1391.05
1392.16
977.70
995.79
1013.77
1031.61
1049.28
1066.78
1084.07
1101.15
1117.99
1134.56
1150.86
1166.84
1182.51
1197.82
1212.76
1227.29
1241.40
1255.06
1268.23
1280.88
1292.97
1304.48
1315.35
1325.55
1335.04
1343.77
1351.68
1358.74
1364.90
1370.11
1374.33
1377.53
1379.68
1380.75
971.95
989.90
1007.73
1025.42
1042.95
1060.29
1077.43
1094.34
1111.01
1127.41
1143.53
1159.34
1174.81
1189.93
1204.66
1218.99
1232.89
1246.32
1259.26
1271.68
1283.53
1294.80
1305.43
1315.39
1324.63
1333.12
1340.81
1347.66
1353.62
1358.66
1362.74
1365.83
1367.90
1368.94
965.82
983.63
1001.31
1018.84
1036.21
1053.39
1070.36
1087.11
1103.60
1119.83
1135.76
1151.38
1166.66
1181.57
1196.10
1210.22
1223.90
1237.11
1249.82
1262.01
1273.63
1284.65
1295.04
1304.77
1313.78
1322.04
1329.52
1336.16
1341.94
1346.82
1350.76
1353.75
1355.75
1356.75
959.33
976.98
994.50
1011.87
1029.07
1046.09
1062.89
1079.46
1095.78
1111.82
1127.56
1142.98
1158.07
1172.78
1187.10
1201.01
1214.47
1227.45
1239.94
1251.89
1263.28
1274.07
1284.23
1293.72
1302.51
1310.55
1317.82
1324.28
1329.89
1334.61
1338.43
1341.32
1343.25
1344.22
952.49
969.98
987.33
1004.53
1021.56
1038.40
1055.03
1071.41
1087.55
1103.40
1118.95
1134.18
1149.06
1163.56
1177.68
1191.36
1204.61
1217.37
1229.63
1241.36
1252.52
1263.08
1273.01
1282.28
1290.85
1298.69
1305.76
1312.04
1317.48
1322.07
1325.77
1328.56
1330.43
1331.37
945.31
962.62
979.80
996.83
1013.69
1030.34
1046.79
1062.99
1078.93
1094.59
1109.94
1124.97
1139.65
1153.95
1167.85
1181.32
1194.34
1206.89
1218.92
1230.43
1241.36
1251.70
1261.41
1270.47
1278.83
1286.47
1293.36
1299.46
1304.75
1309.20
1312.79
1315.50
1317.32
1318.22
937.80
954.94
971.94
988.79
1005.46
1021.93
1038.18
1054.19
1069.94
1085.41
1100.56
1115.38
1129.85
1143.94
1157.63
1170.89
1183.70
1196.02
1207.84
1219.12
1229.84
1239.96
1249.46
1258.31
1266.47
1273.93
1280.63
1286.58
1291.72
1296.05
1299.53
1302.16
1303.92
1304.80
929.97
946.92
963.74
980.40
996.89
1013.17
1029.23
1045.05
1060.60
1075.86
1090.82
1105.43
1119.70
1133.58
1147.05
1160.10
1172.69
1184.80
1196.40
1207.47
1217.97
1227.88
1237.18
1245.83
1253.80
1261.07
1267.61
1273.40
1278.40
1282.61
1286.00
1288.56
1290.27
1291.12
921.84
938.60
955.23
971.70
987.99
1004.08
1019.95
1035.57
1050.92
1065.98
1080.73
1095.14
1109.19
1122.86
1136.13
1148.96
1161.34
1173.23
1184.62
1195.48
1205.77
1215.48
1224.58
1233.03
1240.82
1247.92
1254.30
1259.94
1264.82
1268.92
1272.22
1274.70
1276.36
1277.20
913.41
929.98
946.42
962.69
978.79
994.68
1010.34
1025.76
1040.91
1055.77
1070.31
1084.51
1098.36
1111.82
1124.87
1137.50
1149.66
1161.35
1172.53
1183.18
1193.27
1202.78
1211.69
1219.96
1227.57
1234.50
1240.73
1246.23
1250.99
1254.98
1258.19
1260.61
1262.23
1263.04
904.70
921.08
937.32
953.39
969.29
984.97
1000.44
1015.65
1030.60
1045.25
1059.58
1073.58
1087.21
1100.47
1113.31
1125.72
1137.68
1149.16
1160.14
1170.58
1180.48
1189.80
1198.52
1206.61
1214.05
1220.83
1226.91
1232.28
1236.92
1240.81
1243.94
1246.30
1247.88
1248.66
895.73
911.90
927.94
943.81
959.50
974.99
990.24
1005.25
1019.99
1034.43
1048.56
1062.35
1075.78
1088.82
1101.46
1113.66
1125.41
1136.69
1147.47
1157.72
1167.42
1176.55
1185.09
1193.01
1200.29
1206.92
1212.86
1218.10
1222.63
1226.43
1229.48
1231.78
1233.32
1234.09
886.51
902.48
918.30
933.97
949.45
964.73
979.78
994.58
1009.11
1023.34
1037.26
1050.84
1064.06
1076.90
1089.33
1101.33
1112.88
1123.95
1134.53
1144.59
1154.11
1163.06
1171.42
1179.18
1186.30
1192.78
1198.59
1203.71
1208.14
1211.84
1214.82
1217.07
1218.57
1219.32
877.05
892.80
908.42
923.88
939.15
954.22
969.06
983.65
997.97
1011.99
1025.70
1039.07
1052.08
1064.71
1076.94
1088.74
1100.09
1110.97
1121.35
1131.22
1140.56
1149.33
1157.53
1165.12
1172.10
1178.43
1184.12
1189.13
1193.45
1197.07
1199.98
1202.17
1203.64
1204.37
867.36
882.91
898.31
913.55
928.61
943.47
958.10
972.47
986.58
1000.40
1013.90
1027.06
1039.87
1052.29
1064.32
1075.91
1087.07
1097.75
1107.95
1117.63
1126.79
1135.39
1143.42
1150.86
1157.69
1163.90
1169.46
1174.35
1178.58
1182.12
1184.97
1187.11
1188.54
1189.25
857.47
872.80
887.99
903.01
917.86
932.50
946.91
961.08
974.97
988.58
1001.87
1014.83
1027.43
1039.65
1051.47
1062.87
1073.83
1084.32
1094.33
1103.84
1112.82
1121.26
1129.13
1136.42
1143.11
1149.18
1154.62
1159.42
1163.55
1167.01
1169.79
1171.89
1173.28
1173.98
847.39
862.49
877.46
892.27
906.90
921.32
935.52
949.47
963.16
976.55
989.63
1002.38
1014.78
1026.80
1038.42
1049.62
1060.39
1070.70
1080.53
1089.86
1098.67
1106.94
1114.66
1121.80
1128.36
1134.30
1139.63
1144.32
1148.37
1151.75
1154.47
1156.52
1157.89
1158.57
837.13
852.01
866.76
881.35
895.75
909.96
923.94
937.68
951.15
964.33
977.20
989.75
1001.94
1013.76
1025.18
1036.19
1046.77
1056.90
1066.55
1075.70
1084.35
1092.46
1100.03
1107.03
1113.45
1119.28
1124.50
1129.09
1133.05
1136.36
1139.03
1141.03
1142.36
1143.03
826.71
841.36
855.89
870.25
884.44
898.42
912.19
925.71
938.97
951.94
964.60
976.94
988.93
1000.55
1011.78
1022.60
1032.99
1042.93
1052.41
1061.40
1069.88
1077.84
1085.26
1092.12
1098.42
1104.13
1109.24
1113.73
1117.61
1120.86
1123.46
1125.42
1126.73
1127.38
816.14
830.57
844.87
859.01
872.97
886.74
900.28
913.59
926.63
939.39
951.85
963.98
975.77
987.19
998.23
1008.86
1019.07
1028.83
1038.13
1046.95
1055.28
1063.08
1070.36
1077.09
1083.26
1088.86
1093.86
1098.27
1102.07
1105.24
1107.80
1109.71
1110.99
1111.63
805.45
819.65
833.72
847.63
861.37
874.92
888.24
901.33
914.16
926.71
938.96
950.89
962.47
973.70
984.54
994.99
1005.01
1014.60
1023.73
1032.39
1040.56
1048.22
1055.36
1061.96
1068.01
1073.49
1078.40
1082.71
1086.43
1089.55
1092.04
1093.92
1095.18
1095.80
794.65
808.62
822.45
836.14
849.66
862.98
876.08
888.96
901.57
913.91
925.95
937.68
949.07
960.10
970.75
981.01
990.86
1000.27
1009.24
1017.73
1025.75
1033.26
1040.27
1046.74
1052.67
1058.04
1062.85
1067.08
1070.73
1073.78
1076.22
1078.06
1079.29
1079.91
783.76
797.49
811.10
824.55
837.84
850.94
863.83
876.48
888.89
901.02
912.85
924.37
935.56
946.40
956.87
966.94
976.61
985.86
994.66
1003.00
1010.86
1018.24
1025.10
1031.45
1037.27
1042.54
1047.25
1051.40
1054.97
1057.96
1060.35
1062.16
1063.36
1063.96
772.79
786.29
799.66
812.89
825.95
838.83
851.49
863.93
876.12
888.04
899.67
910.99
921.99
932.63
942.91
952.81
962.30
971.38
980.01
988.20
995.92
1003.15
1009.89
1016.12
1021.82
1026.98
1031.61
1035.67
1039.17
1042.10
1044.45
1046.22
1047.40
1047.98
761.78
775.04
788.18
801.17
814.01
826.66
839.10
851.32
863.30
875.01
886.44
897.56
908.36
918.81
928.91
938.63
947.95
956.85
965.33
973.37
980.94
988.04
994.65
1000.75
1006.34
1011.41
1015.94
1019.93
1023.36
1026.23
1028.53
1030.26
1031.42
1032.00
750.72
763.75
776.65
789.42
802.02
814.45
826.68
838.68
850.44
861.95
873.17
884.09
894.70
904.96
914.88
924.42
933.57
942.31
950.63
958.52
965.95
972.91
979.39
985.38
990.87
995.84
1000.28
1004.19
1007.55
1010.36
1012.62
1014.32
1015.45
1016.02
739.66
752.44
765.11
777.65
790.02
802.23
814.23
826.02
837.57
848.87
859.89
870.61
881.03
891.11
900.84
910.20
919.19
927.77
935.93
943.67
950.96
957.79
964.15
970.03
975.41
980.28
984.64
988.47
991.77
994.52
996.74
998.40
999.51
1000.07
728.60
741.14
753.58
765.88
778.03
790.01
801.80
813.37
824.71
835.80
846.62
857.15
867.37
877.27
886.82
896.01
904.83
913.25
921.26
928.85
936.01
942.71
948.95
954.71
959.99
964.77
969.04
972.79
976.03
978.73
980.90
982.53
983.62
984.17
717.56
729.87
742.07
754.14
766.07
777.82
789.39
800.75
811.88
822.77
833.38
843.72
853.75
863.47
872.84
881.86
890.51
898.78
906.64
914.09
921.11
927.68
933.80
939.46
944.63
949.32
953.51
957.19
960.36
963.01
965.14
966.74
967.81
968.34
706.58
718.65
730.62
742.46
754.15
765.69
777.04
788.18
799.11
809.79
820.21
830.35
840.20
849.73
858.93
867.78
876.27
884.38
892.10
899.40
906.29
912.74
918.74
924.29
929.36
933.96
938.07
941.68
944.79
947.39
949.48
951.05
952.09
952.62
695.67
707.50
719.23
730.84
742.32
753.63
764.76
775.70
786.41
796.89
807.12
817.07
826.73
836.08
845.11
853.80
862.12
870.08
877.65
884.82
891.58
897.90
903.79
909.23
914.21
918.72
922.75
926.29
929.34
931.89
933.94
935.48
936.50
937.02
684.85
696.45
707.95
719.33
730.58
741.67
752.59
763.31
773.83
784.11
794.14
803.90
813.38
822.55
831.41
839.93
848.10
855.91
863.34
870.37
877.00
883.20
888.98
894.32
899.20
903.62
907.57
911.05
914.04
916.54
918.55
920.06
921.06
921.57
674.16
685.52
696.78
707.94
718.97
729.84
740.55
751.06
761.37
771.45
781.29
790.87
800.16
809.17
817.85
826.21
834.23
841.89
849.18
856.08
862.58
868.67
874.33
879.57
884.36
888.70
892.57
895.98
898.92
901.37
903.34
904.82
905.80
906.30
663.60
674.73
685.77
696.70
707.50
718.16
728.66
738.97
749.07
758.96
768.61
778.00
787.12
795.95
804.47
812.68
820.54
828.05
835.20
841.97
848.35
854.32
859.88
865.02
869.72
873.97
877.77
881.12
884.00
886.40
888.33
889.79
890.75
891.24
653.21
664.11
674.92
685.63
696.22
706.66
716.95
727.06
736.97
746.66
756.12
765.33
774.28
782.94
791.30
799.34
807.06
814.43
821.44
828.08
834.34
840.20
845.65
850.69
855.30
859.48
863.21
866.49
869.31
871.67
873.57
874.99
875.94
876.42
643.01
653.68
664.27
674.76
685.13
695.37
705.45
715.36
725.07
734.58
743.86
752.89
761.66
770.16
778.36
786.25
793.82
801.05
807.93
814.44
820.58
826.33
831.68
836.63
841.15
845.25
848.91
852.13
854.90
857.21
859.07
860.47
861.40
861.87
633.03
643.47
653.84
664.12
674.28
684.31
694.19
703.90
713.42
722.74
731.84
740.70
749.30
757.64
765.68
773.42
780.85
787.94
794.69
801.08
807.11
812.75
818.00
822.85
827.29
831.31
834.90
838.06
840.78
843.06
844.88
846.25
847.17
847.62
623.29
633.52
643.67
653.73
663.69
673.51
683.20
692.71
702.05
711.19
720.11
728.80
737.24
745.41
753.30
760.90
768.18
775.14
781.77
788.04
793.95
799.49
804.64
809.40
813.76
817.71
821.23
824.33
827.00
829.23
831.02
832.37
833.27
833.72
613.82
623.83
633.77
643.63
653.38
663.01
672.50
681.83
690.98
699.94
708.69
717.21
725.49
733.51
741.25
748.70
755.85
762.68
769.18
775.34
781.15
786.58
791.64
796.31
800.59
804.46
807.93
810.97
813.59
815.78
817.54
818.86
819.74
820.18
604.65
614.45
624.18
633.83
643.39
652.82
662.12
671.27
680.25
689.03
697.62
705.97
714.10
721.96
729.56
736.88
743.89
750.60
756.98
763.03
768.72
774.06
779.03
783.62
787.82
791.62
795.02
798.01
800.58
802.74
804.46
805.76
806.63
807.06
595.80
605.39
614.92
624.38
633.74
642.99
652.11
661.08
669.88
678.50
686.92
695.12
703.09
710.81
718.27
725.45
732.34
738.93
745.19
751.13
756.72
761.97
766.85
771.35
775.48
779.22
782.56
785.49
788.02
790.13
791.83
793.10
793.95
794.38
587.29
596.68
606.02
615.29
624.47
633.54
642.48
651.27
659.91
668.37
676.63
684.68
692.51
700.09
707.41
714.46
721.23
727.70
733.85
739.68
745.18
750.33
755.13
759.56
763.61
767.28
770.56
773.45
775.93
778.01
779.68
780.93
781.77
782.18
579.16
588.36
597.52
606.60
615.60
624.49
633.26
641.90
650.37
658.67
666.78
674.69
682.37
689.82
697.01
703.94
710.59
716.95
723.00
728.73
734.13
739.19
743.91
748.26
752.25
755.86
759.08
761.92
764.36
766.41
768.05
769.28
770.10
770.51
571.43
580.45
589.42
598.33
607.16
615.89
624.50
632.97
641.29
649.44
657.41
665.18
672.73
680.05
687.12
693.93
700.46
706.71
712.66
718.30
723.61
728.59
733.22
737.51
741.43
744.98
748.15
750.94
753.35
755.36
756.97
758.18
758.99
759.39
564.12
572.97
581.77
590.52
599.18
607.75
616.20
624.53
632.70
640.72
648.55
656.18
663.60
670.80
677.75
684.45
690.88
697.03
702.88
708.42
713.65
718.55
723.12
727.33
731.19
734.68
737.81
740.56
742.92
744.90
746.49
747.68
748.48
748.88
557.27
565.95
574.59
583.18
591.69
600.11
608.42
616.60
624.64
632.52
640.22
647.73
655.03
662.11
668.95
675.55
681.88
687.93
693.69
699.15
704.30
709.12
713.62
717.77
721.57
725.01
728.09
730.80
733.13
735.08
736.64
737.81
738.60
738.99
550.89
559.42
567.91
576.35
584.72
592.99
601.17
609.21
617.12
624.88
632.46
639.85
647.04
654.01
660.75
667.25
673.48
679.44
685.12
690.50
695.58
700.33
704.76
708.85
712.60
715.99
719.03
721.70
724.00
725.92
727.46
728.62
729.39
729.78
545.00
553.39
561.74
570.05
578.28
586.43
594.47
602.40
610.19
617.83
625.30
632.58
639.67
646.54
653.18
659.59
665.73
671.61
677.21
682.52
687.53
692.22
696.59
700.62
704.32
707.67
710.66
713.30
715.56
717.46
718.98
720.13
720.89
721.27
