540.12
548.52
556.89
565.22
573.49
581.67
589.75
597.72
605.56
613.24
620.77
628.10
635.24
642.17
648.87
655.33
661.54
667.47
673.12
678.48
683.54
688.28
692.70
696.78
700.51
703.90
706.93
709.59
711.89
713.80
715.34
716.50
717.27
717.66
546.10
554.65
563.17
571.64
580.05
588.37
596.59
604.68
612.64
620.45
628.09
635.54
642.79
649.82
656.62
663.18
669.47
675.50
681.23
686.67
691.80
696.61
701.08
705.22
709.01
712.45
715.52
718.22
720.54
722.49
724.05
725.22
726.00
726.39
552.59
561.30
569.98
578.61
587.16
595.63
603.99
612.22
620.32
628.26
636.02
643.60
650.96
658.11
665.02
671.68
678.07
684.19
690.01
695.53
700.74
705.62
710.16
714.36
718.21
721.70
724.81
727.55
729.91
731.89
733.47
734.66
735.46
735.85
559.56
568.45
577.29
586.08
594.80
603.42
611.93
620.32
628.56
636.64
644.54
652.24
659.73
667.00
674.02
680.79
687.29
693.51
699.43
705.04
710.33
715.29
719.90
724.17
728.08
731.62
734.78
737.57
739.96
741.97
743.58
744.79
745.59
746.00
566.99
576.06
585.08
594.05
602.93
611.72
620.39
628.93
637.33
645.55
653.60
661.44
669.07
676.46
683.61
690.49
697.10
703.43
709.45
715.15
720.53
725.57
730.27
734.61
738.58
742.18
745.39
748.22
750.66
752.70
754.33
755.56
756.38
756.79
574.86
584.11
593.32
602.47
611.53
620.49
629.34
638.04
646.60
654.98
663.17
671.16
678.93
686.46
693.73
700.74
707.47
713.91
720.03
725.84
731.31
736.44
741.22
745.63
749.67
753.33
756.60
759.48
761.96
764.03
765.69
766.94
767.77
768.19
583.12
592.58
601.98
611.32
620.57
629.71
638.74
647.62
656.34
664.88
673.23
681.37
689.28
696.96
704.37
711.51
718.36
724.91
731.15
737.06
742.63
747.85
752.71
757.20
761.31
765.04
768.37
771.30
773.82
775.93
777.62
778.89
779.74
780.16
591.77
601.43
611.04
620.57
630.02
639.35
648.56
657.62
666.51
675.23
683.74
692.04
700.10
707.92
715.47
722.75
729.73
736.40
742.76
748.77
754.45
759.77
764.72
769.29
773.48
777.27
780.66
783.64
786.21
788.35
790.07
791.37
792.23
792.66
600.77
610.65
620.46
630.20
639.85
649.38
658.77
668.02
677.09
685.98
694.66
703.13
711.35
719.32
727.02
734.43
741.55
748.35
754.82
760.95
766.73
772.15
777.19
781.85
786.12
789.98
793.43
796.47
799.08
801.27
803.02
804.34
805.22
805.66
610.10
620.19
630.22
640.17
650.02
659.75
669.35
678.78
688.05
697.11
705.97
714.60
722.99
731.12
738.97
746.53
753.78
760.71
767.31
773.56
779.45
784.97
790.11
794.85
799.20
803.13
806.65
809.74
812.41
814.63
816.42
817.76
818.66
819.11
619.73
630.04
640.30
650.46
660.52
670.46
680.25
689.89
699.34
708.59
717.63
726.44
734.99
743.28
751.28
758.99
766.38
773.45
780.18
786.55
792.55
798.18
803.42
808.25
812.68
816.69
820.28
823.43
826.14
828.41
830.23
831.60
832.52
832.97
629.63
640.17
650.65
661.04
671.31
681.46
691.46
701.29
710.94
720.38
729.61
738.59
747.32
755.77
763.93
771.79
779.33
786.54
793.39
799.89
806.01
811.75
817.09
822.02
826.53
830.62
834.28
837.49
840.26
842.57
844.43
845.82
846.75
847.22
639.77
650.55
661.26
671.87
682.36
692.73
702.94
712.97
722.82
732.46
741.87
751.03
759.93
768.56
776.88
784.90
792.59
799.94
806.93
813.55
819.79
825.64
831.09
836.11
840.72
844.89
848.61
851.89
854.71
857.07
858.96
860.38
861.33
861.80
650.14
661.15
672.09
682.93
693.65
704.23
714.65
724.90
734.95
744.78
754.38
763.73
772.81
781.61
790.10
798.28
806.12
813.61
820.74
827.50
833.86
839.83
845.38
850.50
855.20
859.45
863.25
866.59
869.46
871.87
873.80
875.25
876.22
876.70
660.70
671.95
683.12
694.19
705.14
715.94
726.58
737.04
747.29
757.33
767.12
776.66
785.93
794.90
803.56
811.90
819.90
827.54
834.81
841.70
848.19
854.27
859.93
865.16
869.94
874.28
878.15
881.56
884.49
886.94
888.91
890.39
891.38
891.87
671.42
682.92
694.33
705.63
716.81
727.84
738.69
749.36
759.83
770.07
780.06
789.79
799.24
808.39
817.22
825.73
833.88
841.67
849.09
856.11
862.73
868.94
874.71
880.04
884.92
889.34
893.29
896.77
899.76
902.26
904.26
905.77
906.78
907.28
682.29
694.04
705.69
717.22
728.63
739.88
750.96
761.85
772.52
782.97
793.16
803.08
812.72
822.05
831.06
839.73
848.05
856.00
863.56
870.72
877.47
883.80
889.68
895.12
900.10
904.61
908.64
912.18
915.23
917.78
919.83
921.37
922.39
922.91
693.29
705.27
717.16
728.94
740.58
752.06
763.36
774.46
785.35
796.00
806.40
816.52
826.34
835.86
845.05
853.89
862.37
870.47
878.18
885.49
892.37
898.82
904.83
910.37
915.45
920.05
924.16
927.77
930.88
933.48
935.57
937.14
938.19
938.71
704.37
716.60
728.74
740.75
752.62
764.33
775.86
787.18
798.29
809.15
819.74
830.06
840.08
849.78
859.15
868.17
876.81
885.08
892.94
900.39
907.41
913.98
920.11
925.76
930.94
935.63
939.82
943.51
946.68
949.34
951.47
953.07
954.14
954.67
715.53
728.01
740.39
752.64
764.75
776.69
788.44
799.98
811.30
822.37
833.18
843.69
853.91
863.80
873.35
882.54
891.35
899.78
907.79
915.39
922.55
929.25
935.50
941.27
946.55
951.33
955.61
959.37
962.61
965.32
967.49
969.12
970.21
970.76
726.74
739.46
752.08
764.58
776.92
789.09
801.07
812.84
824.37
835.66
846.67
857.39
867.80
877.88
887.61
896.98
905.96
914.55
922.72
930.47
937.77
944.61
950.97
956.86
962.24
967.12
971.49
975.32
978.63
981.39
983.61
985.27
986.38
986.94
737.97
750.95
763.81
776.54
789.12
801.52
813.73
825.72
837.48
848.97
860.19
871.11
881.72
891.99
901.91
911.46
920.62
929.37
937.71
945.60
953.04
960.02
966.51
972.51
978.00
982.98
987.43
991.35
994.72
997.54
999.80
1001.50
1002.63
1003.20
749.22
762.44
775.54
788.51
801.33
813.96
826.40
838.61
850.58
862.30
873.73
884.85
895.66
906.13
916.23
925.96
935.30
944.22
952.71
960.76
968.35
975.46
982.08
988.20
993.80
998.88
1003.42
1007.42
1010.86
1013.73
1016.04
1017.78
1018.93
1019.51
760.44
773.91
787.26
800.47
813.52
826.38
839.05
851.49
863.68
875.61
887.25
898.58
909.59
920.25
930.55
940.46
949.97
959.06
967.72
975.92
983.66
990.91
997.66
1003.90
1009.62
1014.80
1019.43
1023.51
1027.02
1029.96
1032.31
1034.08
1035.26
1035.85
771.63
785.34
798.93
812.38
825.67
838.77
851.66
864.32
876.74
888.88
900.73
912.27
923.48
934.34
944.83
954.93
964.62
973.89
982.71
991.07
998.96
1006.35
1013.24
1019.60
1025.43
1030.72
1035.45
1039.60
1043.19
1046.18
1048.59
1050.40
1051.60
1052.21
782.77
796.72
810.55
824.24
837.76
851.09
864.21
877.10
889.73
902.09
914.16
925.91
937.32
948.38
959.06
969.35
979.22
988.66
997.65
1006.18
1014.22
1021.75
1028.78
1035.27
1041.22
1046.61
1051.44
1055.68
1059.34
1062.40
1064.85
1066.70
1067.93
1068.55
793.83
808.03
822.10
836.02
849.77
863.33
876.68
889.79
902.65
915.23
927.51
939.47
951.08
962.34
973.22
983.70
993.75
1003.37
1012.53
1021.22
1029.42
1037.11
1044.27
1050.89
1056.96
1062.46
1067.39
1071.72
1075.45
1078.58
1081.08
1082.97
1084.23
1084.86
804.80
819.23
833.54
847.70
861.69
875.48
889.05
902.39
915.47
928.26
940.75
952.92
964.75
976.21
987.28
997.95
1008.20
1018.00
1027.33
1036.19
1044.54
1052.38
1059.69
1066.44
1072.64
1078.25
1083.28
1087.70
1091.51
1094.70
1097.27
1099.19
1100.48
1101.12
815.66
830.33
844.87
859.26
873.48
887.50
901.30
914.86
928.16
941.18
953.88
966.27
978.30
989.96
1001.24
1012.10
1022.53
1032.52
1042.03
1051.05
1059.57
1067.57
1075.02
1081.91
1088.23
1093.96
1099.09
1103.61
1107.50
1110.76
1113.38
1115.35
1116.66
1117.32
826.38
841.29
856.07
870.69
885.14
899.39
913.41
927.20
940.72
953.95
966.87
979.47
991.71
1003.58
1015.05
1026.11
1036.74
1046.91
1056.60
1065.80
1074.48
1082.64
1090.24
1097.27
1103.72
1109.58
1114.82
1119.43
1123.41
1126.74
1129.41
1131.42
1132.76
1133.43
836.96
852.11
867.11
881.97
896.64
911.12
925.37
939.38
953.12
966.57
979.71
992.51
1004.97
1017.04
1028.72
1039.98
1050.80
1061.16
1071.03
1080.41
1089.26
1097.58
1105.33
1112.51
1119.10
1125.08
1130.43
1135.14
1139.21
1142.61
1145.34
1147.40
1148.77
1149.46
847.38
862.75
877.99
893.07
907.97
922.67
937.15
951.38
965.34
979.01
992.36
1005.38
1018.05
1030.33
1042.22
1053.68
1064.69
1075.24
1085.31
1094.86
1103.89
1112.37
1120.29
1127.62
1134.34
1140.45
1145.91
1150.73
1154.89
1158.37
1161.16
1163.27
1164.67
1165.37
857.62
873.22
888.68
903.99
919.11
934.04
948.73
963.18
977.36
991.25
1004.82
1018.06
1030.94
1043.43
1055.52
1067.19
1078.40
1089.15
1099.40
1109.15
1118.35
1127.00
1135.08
1142.56
1149.43
1155.67
1161.26
1166.19
1170.44
1174.00
1176.86
1179.01
1180.45
1181.17
867.66
883.48
899.17
914.70
930.05
945.19
960.11
974.78
989.18
1003.28
1017.07
1030.52
1043.61
1056.32
1068.62
1080.49
1091.91
1102.86
1113.31
1123.24
1132.63
1141.46
1149.70
1157.34
1164.36
1170.74
1176.45
1181.49
1185.84
1189.48
1192.41
1194.62
1196.09
1196.82
877.49
893.53
909.44
925.19
940.76
956.12
971.26
986.14
1000.76
1015.09
1029.09
1042.76
1056.06
1068.98
1081.49
1093.57
1105.20
1116.35
1127.00
1137.12
1146.70
1155.71
1164.13
1171.93
1179.11
1185.63
1191.47
1196.63
1201.08
1204.82
1207.82
1210.08
1211.58
1212.34
887.09
903.35
919.48
935.44
951.22
966.80
982.16
997.26
1012.10
1026.64
1040.86
1054.75
1068.27
1081.40
1094.13
1106.42
1118.25
1129.61
1140.46
1150.78
1160.55
1169.75
1178.35
1186.33
1193.66
1200.33
1206.31
1211.60
1216.16
1219.98
1223.06
1225.37
1226.92
1227.69
896.46
912.93
929.26
945.44
961.44
977.23
992.80
1008.12
1023.17
1037.93
1052.37
1066.47
1080.20
1093.56
1106.50
1119.00
1131.05
1142.62
1153.67
1164.20
1174.17
1183.56
1192.35
1200.50
1208.00
1214.83
1220.96
1226.37
1231.05
1234.97
1238.12
1240.50
1242.09
1242.88
905.56
922.24
938.78
955.17
971.38
987.39
1003.17
1018.70
1033.96
1048.93
1063.59
1077.91
1091.86
1105.43
1118.59
1131.31
1143.58
1155.36
1166.63
1177.36
1187.54
1197.13
1206.11
1214.45
1222.12
1229.11
1235.39
1240.94
1245.74
1249.77
1253.01
1255.45
1257.08
1257.89
914.40
931.28
948.03
964.62
981.03
997.25
1013.24
1028.98
1044.46
1059.64
1074.51
1089.05
1103.22
1117.01
1130.38
1143.33
1155.81
1167.81
1179.30
1190.25
1200.64
1210.43
1219.61
1228.14
1236.00
1243.17
1249.61
1255.30
1260.23
1264.36
1267.69
1270.20
1271.88
1272.72
922.95
940.03
956.98
973.77
990.39
1006.81
1023.00
1038.95
1054.64
1070.04
1085.12
1099.87
1114.26
1128.27
1141.87
1155.03
1167.74
1179.96
1191.67
1202.84
1213.45
1223.46
1232.84
1241.58
1249.63
1256.97
1263.58
1269.43
1274.49
1278.75
1282.17
1284.76
1286.49
1287.35
931.20
948.48
965.62
982.61
999.42
1016.04
1032.44
1048.60
1064.49
1080.10
1095.40
1110.36
1124.97
1139.19
1153.01
1166.40
1179.34
1191.79
1203.72
1215.12
1225.95
1236.18
1245.79
1254.73
1262.99
1270.52
1277.31
1283.32
1288.53
1292.91
1296.44
1299.10
1300.88
1301.78
939.14
956.61
973.94
991.12
1008.13
1024.94
1041.54
1057.90
1074.00
1089.81
1105.32
1120.50
1135.32
1149.77
1163.81
1177.43
1190.59
1203.27
1215.44
1227.07
1238.13
1248.59
1258.42
1267.59
1276.05
1283.79
1290.77
1296.96
1302.32
1306.84
1310.48
1313.23
1315.07
1315.99
946.77
964.41
981.93
999.29
1016.49
1033.50
1050.29
1066.84
1083.14
1099.16
1114.87
1130.26
1145.31
1159.97
1174.24
1188.09
1201.48
1214.39
1226.80
1238.67
1249.97
1260.67
1270.73
1280.13
1288.82
1296.77
1303.95
1310.32
1315.85
1320.52
1324.28
1327.12
1329.02
1329.98
954.05
971.87
989.56
1007.11
1024.49
1041.68
1058.66
1075.41
1091.91
1108.13
1124.05
1139.65
1154.90
1169.79
1184.28
1198.35
1211.98
1225.13
1237.78
1249.89
1261.44
1272.39
1282.69
1292.33
1301.26
1309.44
1316.84
1323.41
1329.12
1333.94
1337.83
1340.77
1342.75
1343.73
960.99
978.98
996.84
1014.56
1032.12
1049.49
1066.66
1083.59
1100.28
1116.69
1132.82
1148.62
1164.09
1179.19
1193.91
1208.21
1222.08
1235.47
1248.36
1260.72
1272.52
1283.72
1294.29
1304.18
1313.36
1321.78
1329.40
1336.19
1342.09
1347.08
1351.12
1354.18
1356.23
1357.25
967.57
985.72
1003.75
1021.64
1039.36
1056.91
1074.25
1091.37
1108.24
1124.85
1141.17
1157.18
1172.85
1188.17
1203.11
1217.64
1231.74
1245.38
1258.52
1271.14
1283.19
1294.66
1305.49
1315.64
1325.08
1333.76
1341.63
1348.65
1354.77
1359.94
1364.14
1367.31
1369.45
1370.51
973.79
992.09
1010.27
1028.32
1046.21
1063.92
1081.43
1098.73
1115.78
1132.57
1149.08
1165.29
1181.17
1196.70
1211.86
1226.62
1240.95
1254.83
1268.23
1281.10
1293.43
1305.16
1316.27
1326.70
1336.42
1345.36
1353.50
1360.76
1367.11
1372.49
1376.86
1380.17
1382.40
1383.51
979.62
998.07
1016.40
1034.60
1052.64
1070.51
1088.19
1105.65
1122.88
1139.85
1156.55
1172.95
1189.03
1204.77
1220.14
1235.13
1249.69
1263.81
1277.46
1290.60
1303.19
1315.21
1326.60
1337.32
1347.32
1356.56
1364.97
1372.51
1379.11
1384.71
1389.27
1392.73
1395.06
1396.23
985.06
1003.65
1022.12
1040.46
1058.65
1076.68
1094.51
1112.13
1129.52
1146.67
1163.54
1180.13
1196.40
1212.34
1227.93
1243.13
1257.93
1272.29
1286.19
1299.59
1312.46
1324.76
1336.44
1347.46
1357.77
1367.31
1376.03
1383.85
1390.72
1396.57
1401.34
1404.97
1407.42
1408.65
990.11
1008.82
1027.43
1045.90
1064.23
1082.39
1100.37
1118.15
1135.70
1153.00
1170.05
1186.81
1203.27
1219.41
1235.20
1250.62
1265.64
1280.24
1294.39
1308.06
1321.20
1333.79
1345.77
1357.10
1367.73
1377.59
1386.62
1394.76
1401.92
1408.04
1413.05
1416.87
1419.44
1420.74
994.75
1013.58
1032.30
1050.91
1069.36
1087.66
1105.77
1123.69
1141.39
1158.85
1176.06
1192.99
1209.63
1225.95
1241.94
1257.56
1272.80
1287.64
1302.03
1315.96
1329.37
1342.25
1354.54
1366.18
1377.14
1387.34
1396.71
1405.18
1412.67
1419.09
1424.35
1428.38
1431.11
1432.48
998.97
1017.91
1036.75
1055.46
1074.04
1092.46
1110.70
1128.75
1146.58
1164.19
1181.55
1198.64
1215.44
1231.94
1248.11
1263.94
1279.39
1294.45
1309.08
1323.26
1336.95
1350.11
1362.70
1374.67
1385.96
1396.51
1406.24
1415.07
1422.90
1429.65
1435.21
1439.47
1442.37
1443.83
1002.77
1021.81
1040.75
1059.57
1078.25
1096.78
1115.14
1133.31
1151.27
1169.01
1186.50
1203.74
1220.70
1237.36
1253.71
1269.72
1285.37
1300.64
1315.50
1329.92
1343.88
1357.32
1370.21
1382.51
1394.14
1405.04
1415.15
1424.35
1432.56
1439.67
1445.55
1450.09
1453.18
1454.74
1006.14
1025.26
1044.29
1063.21
1081.99
1100.62
1119.08
1137.36
1155.43
1173.29
1190.91
1208.28
1225.38
1242.20
1258.70
1274.89
1290.72
1306.19
1321.27
1335.92
1350.12
1363.84
1377.02
1389.63
1401.61
1412.87
1423.36
1432.96
1441.57
1449.06
1455.30
1460.14
1463.45
1465.14
1009.07
1028.27
1047.38
1066.38
1085.24
1103.96
1122.52
1140.89
1159.07
1177.03
1194.77
1212.25
1229.48
1246.43
1263.08
1279.42
1295.42
1311.07
1326.34
1341.21
1355.65
1369.62
1383.08
1395.99
1408.30
1419.92
1430.79
1440.80
1449.82
1457.73
1464.36
1469.54
1473.10
1474.92
1011.56
1030.83
1050.01
1069.07
1088.01
1106.81
1125.44
1143.90
1162.16
1180.21
1198.05
1215.64
1232.97
1250.04
1266.82
1283.29
1299.44
1315.25
1330.70
1345.76
1360.41
1374.61
1388.33
1401.52
1414.14
1426.10
1437.34
1447.75
1457.20
1465.54
1472.59
1478.14
1481.99
1483.97
1013.61
1032.93
1052.16
1071.29
1090.29
1109.14
1127.84
1146.37
1164.70
1182.83
1200.74
1218.42
1235.85
1253.01
1269.90
1286.49
1302.76
1318.71
1334.31
1349.53
1364.36
1378.77
1392.71
1406.16
1419.05
1431.33
1442.92
1453.71
1463.57
1472.34
1479.82
1485.77
1489.94
1492.09
1015.20
1034.57
1053.84
1073.01
1092.06
1110.96
1129.71
1148.29
1166.68
1184.88
1202.85
1220.60
1238.10
1255.34
1272.31
1288.99
1305.37
1321.42
1337.14
1352.50
1367.48
1382.05
1396.18
1409.84
1422.97
1435.52
1447.40
1458.53
1468.77
1477.95
1485.85
1492.20
1496.69
1499.03
1016.34
1035.74
1055.05
1074.25
1093.33
1112.27
1131.05
1149.67
1168.11
1186.34
1204.36
1222.16
1239.71
1257.01
1274.04
1290.79
1307.24
1323.38
1339.18
1354.64
1369.73
1384.42
1398.70
1412.51
1425.82
1438.58
1450.70
1462.10
1472.64
1482.16
1490.43
1497.14
1501.94
1504.46
1017.03
1036.44
1055.77
1074.99
1094.09
1113.05
1131.86
1150.50
1168.96
1187.22
1205.27
1223.09
1240.68
1258.01
1275.08
1291.87
1308.37
1324.55
1340.41
1355.93
1371.09
1385.86
1400.22
1414.13
1427.55
1440.44
1452.72
1464.29
1475.04
1484.79
1493.31
1500.28
1505.31
1507.97
1017.25
1036.67
1056.01
1075.24
1094.34
1113.31
1132.13
1150.78
1169.24
1187.51
1205.57
1223.41
1241.00
1258.35
1275.43
1292.23
1308.74
1324.94
1340.82
1356.36
1371.54
1386.34
1400.73
1414.67
1428.13
1441.06
1453.39
1465.03
1475.85
1485.68
1494.29
1501.36
1506.47
1509.19
1017.02
1036.44
1055.77
1074.99
1094.09
1113.05
1131.86
1150.50
1168.96
1187.22
1205.27
1223.09
1240.68
1258.01
1275.08
1291.87
1308.36
1324.55
1340.41
1355.93
1371.08
1385.85
1400.21
1414.12
1427.55
1440.43
1452.71
1464.28
1475.03
1484.78
1493.30
1500.27
1505.30
1507.97
1016.34
1035.73
1055.04
1074.24
1093.32
1112.26
1131.05
1149.67
1168.10
1186.34
1204.36
1222.15
1239.71
1257.01
1274.04
1290.78
1307.23
1323.37
1339.18
1354.63
1369.72
1384.42
1398.69
1412.50
1425.81
1438.57
1450.69
1462.09
1472.63
1482.15
1490.41
1497.12
1501.92
1504.44
1015.19
1034.56
1053.84
1073.01
1092.05
1110.96
1129.71
1148.29
1166.68
1184.87
1202.85
1220.59
1238.09
1255.33
1272.30
1288.98
1305.36
1321.42
1337.13
1352.49
1367.47
1382.04
1396.17
1409.82
1422.96
1435.50
1447.39
1458.52
1468.75
1477.93
1485.83
1492.18
1496.67
1499.01
1013.60
1032.92
1052.16
1071.28
1090.28
1109.13
1127.83
1146.36
1164.69
1182.82
1200.73
1218.41
1235.84
1253.00
1269.89
1286.48
1302.75
1318.70
1334.29
1349.52
1364.35
1378.75
1392.70
1406.14
1419.03
1431.31
1442.90
1453.69
1463.55
1472.32
1479.80
1485.75
1489.91
1492.06
1011.55
1030.82
1050.00
1069.07
1088.00
1106.80
1125.43
1143.89
1162.15
1180.20
1198.03
1215.63
1232.96
1250.03
1266.80
1283.28
1299.43
1315.24
1330.68
1345.74
1360.39
1374.59
1388.31
1401.50
1414.12
1426.08
1437.32
1447.73
1457.18
1465.51
1472.56
1478.11
1481.96
1483.94
1009.06
1028.26
1047.37
1066.37
1085.23
1103.95
1122.51
1140.88
1159.06
1177.02
1194.75
1212.24
1229.47
1246.41
1263.06
1279.40
1295.40
1311.05
1326.32
1341.19
1355.63
1369.60
1383.06
1395.97
1408.27
1419.90
1430.76
1440.77
1449.79
1457.70
1464.33
1469.50
1473.07
1474.89
1006.13
1025.25
1044.28
1063.20
1081.98
1100.61
1119.07
1137.34
1155.42
1173.28
1190.90
1208.27
1225.37
1242.18
1258.69
1274.87
1290.70
1306.17
1321.24
1335.90
1350.10
1363.81
1377.00
1389.61
1401.58
1412.85
1423.33
1432.93
1441.54
1449.03
1455.26
1460.10
1463.42
1465.10
1002.76
1021.79
1040.73
1059.55
1078.24
1096.77
1115.12
1133.29
1151.25
1168.99
1186.49
1203.72
1220.68
1237.34
1253.69
1269.70
1285.35
1300.62
1315.48
1329.90
1343.85
1357.29
1370.19
1382.48
1394.11
1405.01
1415.11
1424.32
1432.53
1439.63
1445.51
1450.05
1453.14
1454.70
998.96
1017.90
1036.73
1055.45
1074.02
1092.44
1110.68
1128.73
1146.57
1164.17
1181.53
1198.62
1215.42
1231.92
1248.09
1263.91
1279.37
1294.42
1309.05
1323.23
1336.92
1350.08
1362.67
1374.64
1385.93
1396.47
1406.20
1415.03
1422.87
1429.61
1435.16
1439.43
1442.33
1443.79
994.73
1013.56
1032.29
1050.89
1069.34
1087.64
1105.75
1123.67
1141.37
1158.83
1176.04
1192.97
1209.60
1225.93
1241.91
1257.54
1272.78
1287.61
1302.00
1315.93
1329.34
1342.22
1354.50
1366.15
1377.10
1387.30
1396.67
1405.14
1412.63
1419.05
1424.31
1428.34
1431.06
1432.44
990.09
1008.80
1027.41
1045.88
1064.21
1082.37
1100.35
1118.12
1135.67
1152.98
1170.03
1186.79
1203.25
1219.39
1235.17
1250.59
1265.61
1280.21
1294.36
1308.02
1321.17
1333.75
1345.73
1357.06
1367.69
1377.55
1386.58
1394.72
1401.88
1408.00
1413.00
1416.82
1419.40
1420.69
985.05
1003.63
1022.10
1040.44
1058.63
1076.65
1094.48
1112.11
1129.50
1146.64
1163.52
1180.10
1196.38
1212.32
1227.90
1243.10
1257.90
1272.26
1286.16
1299.56
1312.43
1324.72
1336.40
1347.42
1357.73
1367.27
1375.99
1383.81
1390.68
1396.53
1401.29
1404.92
1407.37
1408.60
979.60
998.05
1016.38
1034.58
1052.62
1070.49
1088.16
1105.63
1122.85
1139.82
1156.52
1172.92
1189.00
1204.74
1220.11
1235.09
1249.66
1263.78
1277.43
1290.56
1303.16
1315.17
1326.56
1337.28
1347.28
1356.52
1364.93
1372.46
1379.06
1384.66
1389.22
1392.68
1395.01
1396.18
973.76
992.07
1010.25
1028.30
1046.18
1063.89
1081.41
1098.70
1115.75
1132.54
1149.06
1165.26
1181.14
1196.67
1211.83
1226.59
1240.92
1254.80
1268.19
1281.06
1293.39
1305.12
1316.23
1326.66
1336.37
1345.32
1353.45
1360.72
1367.06
1372.44
1376.81
1380.12
1382.35
1383.46
967.55
985.70
1003.73
1021.61
1039.34
1056.88
1074.22
1091.34
1108.21
1124.82
1141.14
1157.15
1172.82
1188.14
1203.08
1217.61
1231.70
1245.34
1258.48
1271.10
1283.15
1294.62
1305.45
1315.60
1325.04
1333.71
1341.58
1348.60
1354.72
1359.89
1364.09
1367.26
1369.40
1370.46
960.97
978.95
996.82
1014.54
1032.09
1049.46
1066.63
1083.56
1100.25
1116.66
1132.78
1148.59
1164.06
1179.16
1193.87
1208.18
1222.04
1235.43
1248.32
1260.68
1272.48
1283.68
1294.24
1304.13
1313.31
1321.73
1329.35
1336.14
1342.04
1347.03
1351.07
1354.12
1356.17
1357.20
954.03
971.84
989.54
1007.08
1024.46
1041.65
1058.63
1075.38
1091.87
1108.09
1124.01
1139.61
1154.87
1169.75
1184.24
1198.32
1211.94
1225.09
1237.74
1249.85
1261.40
1272.34
1282.65
1292.29
1301.21
1309.39
1316.79
1323.36
1329.07
1333.88
1337.78
1340.72
1342.69
1343.68
946.74
964.38
981.90
999.26
1016.46
1033.46
1050.25
1066.81
1083.11
1099.12
1114.84
1130.23
1145.27
1159.93
1174.20
1188.05
1201.44
1214.35
1226.76
1238.62
1249.92
1260.62
1270.68
1280.08
1288.77
1296.72
1303.90
1310.27
1315.80
1320.46
1324.22
1327.07
1328.97
1329.92
939.12
956.58
973.91
991.09
1008.10
1024.91
1041.51
1057.87
1073.96
1089.77
1105.28
1120.46
1135.28
1149.73
1163.77
1177.39
1190.55
1203.23
1215.40
1227.02
1238.08
1248.54
1258.37
1267.54
1276.00
1283.74
1290.72
1296.90
1302.27
1306.78
1310.42
1313.17
1315.01
1315.93
931.17
948.44
965.59
982.58
999.39
1016.01
1032.41
1048.56
1064.45
1080.06
1095.36
1110.32
1124.93
1139.15
1152.97
1166.36
1179.29
1191.74
1203.68
1215.07
1225.90
1236.13
1245.73
1254.68
1262.93
1270.47
1277.26
1283.27
1288.47
1292.85
1296.38
1299.05
1300.83
1301.72
922.92
940.00
956.94
973.74
990.35
1006.77
1022.97
1038.92
1054.60
1070.00
1085.08
1099.83
1114.22
1128.22
1141.82
1154.99
1167.69
1179.91
1191.62
1202.79
1213.40
1223.40
1232.79
1241.52
1249.58
1256.92
1263.53
1269.38
1274.44
1278.69
1282.12
1284.70
1286.43
1287.29
914.36
931.25
947.99
964.59
981.00
997.21
1013.20
1028.94
1044.42
1059.60
1074.47
1089.00
1103.18
1116.96
1130.34
1143.28
1155.76
1167.76
1179.25
1190.20
1200.58
1210.38
1219.56
1228.09
1235.95
1243.11
1249.55
1255.24
1260.17
1264.30
1267.63
1270.14
1271.82
1272.66
905.53
922.21
938.75
955.14
971.34
987.35
1003.13
1018.66
1033.92
1048.89
1063.55
1077.86
1091.82
1105.38
1118.54
1131.26
1143.53
1155.31
1166.58
1177.31
1187.49
1197.07
1206.05
1214.39
1222.07
1229.06
1235.34
1240.88
1245.68
1249.71
1252.95
1255.39
1257.02
1257.83
896.42
912.89
929.23
945.40
961.40
977.19
992.76
1008.08
1023.13
1037.88
1052.32
1066.42
1080.16
1093.51
1106.45
1118.95
1131.00
1142.56
1153.62
1164.15
1174.12
1183.51
1192.29
1200.44
1207.95
1214.77
1220.90
1226.31
1230.99
1234.91
1238.06
1240.44
1242.03
1242.82
887.06
903.32
919.44
935.40
951.18
966.76
982.12
997.22
1012.06
1026.59
1040.82
1054.70
1068.22
1081.35
1094.08
1106.37
1118.20
1129.56
1140.41
1150.73
1160.50
1169.69
1178.29
1186.27
1193.60
1200.27
1206.25
1211.54
1216.10
1219.92
1223.00
1225.31
1226.86
1227.63
877.45
893.50
909.40
925.15
940.71
956.08
971.21
986.10
1000.72
1015.04
1029.04
1042.71
1056.01
1068.93
1081.44
1093.52
1105.15
1116.30
1126.94
1137.07
1146.64
1155.65
1164.07
1171.88
1179.05
1185.57
1191.41
1196.57
1201.02
1204.75
1207.75
1210.01
1211.52
1212.27
867.62
883.44
899.13
914.66
930.00
945.15
960.07
974.73
989.13
1003.24
1017.03
1030.48
1043.56
1056.27
1068.57
1080.44
1091.86
1102.80
1113.25
1123.18
1132.57
1141.40
1149.64
1157.28
1164.30
1170.67
1176.39
1181.43
1185.78
1189.42
1192.35
1194.55
1196.03
1196.76
857.58
873.18
888.64
903.95
919.07
933.99
948.69
963.14
977.32
991.20
1004.78
1018.01
1030.89
1043.38
1055.47
1067.13
1078.35
1089.09
1099.35
1109.09
1118.29
1126.95
1135.02
1142.50
1149.37
1155.61
1161.20
1166.12
1170.37
1173.93
1176.79
1178.95
1180.38
1181.10
847.34
862.71
877.95
893.03
907.93
922.63
937.10
951.33
965.29
978.96
992.31
1005.33
1018.00
1030.28
1042.16
1053.62
1064.64
1075.19
1085.25
1094.80
1103.83
1112.31
1120.23
1127.55
1134.28
1140.38
1145.85
1150.67
1154.82
1158.30
1161.10
1163.20
1164.61
1165.31
836.92
852.06
867.07
881.92
896.60
911.07
925.32
939.33
953.07
966.52
979.66
992.46
1004.91
1016.99
1028.66
1039.92
1050.74
1061.10
1070.97
1080.35
1089.20
1097.52
1105.27
1112.45
1119.04
1125.01
1130.36
1135.08
1139.14
1142.54
1145.28
1147.33
1148.71
1149.39
826.34
841.25
856.03
870.65
885.09
899.34
913.37
927.15
940.67
953.90
966.82
979.41
991.66
1003.52
1015.00
1026.06
1036.68
1046.85
1056.54
1065.74
1074.42
1082.57
1090.17
1097.21
1103.66
1109.51
1114.75
1119.36
1123.34
1126.67
1129.34
1131.35
1132.70
1133.37
815.61
830.29
844.83
859.22
873.43
887.45
901.25
914.81
928.11
941.12
953.83
966.21
978.24
989.91
1001.18
1012.04
1022.47
1032.45
1041.97
1050.99
1059.51
1067.50
1074.95
1081.85
1088.17
1093.90
1099.03
1103.54
1107.44
1110.70
1113.31
1115.28
1116.59
1117.25
804.76
819.19
833.50
847.65
861.64
875.43
889.00
902.34
915.41
928.21
940.70
952.87
964.69
976.15
987.23
997.89
1008.14
1017.94
1027.27
1036.12
1044.48
1052.32
1059.62
1066.38
1072.57
1078.19
1083.21
1087.63
1091.45
1094.64
1097.20
1099.12
1100.41
1101.05
793.79
807.98
822.05
835.97
849.72
863.28
876.63
889.74
902.60
915.17
927.45
939.41
951.03
962.28
973.16
983.64
993.69
1003.31
1012.47
1021.16
1029.35
1037.04
1044.20
1050.82
1056.89
1062.40
1067.32
1071.65
1075.38
1078.51
1081.01
1082.90
1084.16
1084.78
782.73
796.68
810.51
824.19
837.71
851.04
864.16
877.05
889.68
902.04
914.10
925.85
937.26
948.32
959.00
969.29
979.16
988.60
997.59
1006.11
1014.15
1021.69
1028.71
1035.20
1041.15
1046.54
1051.37
1055.61
1059.27
1062.33
1064.78
1066.63
1067.86
1068.47
771.59
785.30
798.89
812.33
825.62
838.72
851.61
864.27
876.68
888.82
900.67
912.21
923.42
934.28
944.77
954.87
964.56
973.82
982.64
991.00
998.89
1006.28
1013.17
1019.53
1025.36
1030.65
1035.38
1039.53
1043.12
1046.11
1048.52
1050.32
1051.53
1052.13
760.40
773.86
787.21
800.42
813.47
826.33
838.99
851.43
863.62
875.55
887.19
898.52
909.53
920.19
930.48
940.40
949.91
959.00
967.65
975.86
983.59
990.84
997.59
1003.83
1009.55
1014.73
1019.36
1023.44
1026.95
1029.88
1032.24
1034.01
1035.19
1035.78
749.17
762.39
775.49
788.46
801.28
813.91
826.34
838.56
850.53
862.24
873.67
884.79
895.60
906.06
916.17
925.90
935.23
944.15
952.65
960.69
968.28
975.39
982.01
988.13
993.73
998.81
1003.35
1007.34
1010.78
1013.66
1015.97
1017.70
1018.86
1019.44
737.93
750.90
763.76
776.49
789.07
801.47
813.68
825.67
837.42
848.91
860.13
871.05
881.66
891.93
901.85
911.40
920.55
929.31
937.64
945.53
952.97
959.95
966.44
972.44
977.93
982.91
987.36
991.27
994.64
997.46
999.72
1001.42
1002.56
1003.13
726.69
739.42
752.04
764.53
776.87
789.04
801.02
812.78
824.32
835.60
846.61
857.33
867.73
877.81
887.55
896.91
905.90
914.48
922.66
930.40
937.70
944.54
950.90
956.78
962.17
967.05
971.41
975.25
978.55
981.32
983.53
985.20
986.31
986.87
715.48
727.96
740.34
752.59
764.69
776.63
788.38
799.93
811.25
822.31
833.12
843.63
853.85
863.73
873.28
882.47
891.29
899.71
907.73
915.32
922.48
929.18
935.43
941.19
946.47
951.26
955.53
959.29
962.53
965.24
967.41
969.05
970.14
970.68
704.32
716.56
728.69
740.70
752.57
764.28
775.81
787.13
798.23
809.09
819.68
830.00
840.02
849.72
859.09
868.10
876.75
885.01
892.87
900.32
907.34
913.91
920.03
925.69
930.87
935.56
939.75
943.43
946.61
949.26
951.39
952.99
954.06
954.59
693.24
705.22
717.11
728.89
740.52
752.00
763.30
774.41
785.29
795.94
806.34
816.45
826.28
835.79
844.98
853.82
862.30
870.40
878.11
885.42
892.30
898.75
904.75
910.30
915.37
919.97
924.08
927.70
930.81
933.41
935.50
937.07
938.11
938.63
682.25
693.99
705.64
717.17
728.58
739.83
750.91
761.79
772.46
782.91
793.10
803.02
812.65
821.99
830.99
839.66
847.98
855.93
863.49
870.65
877.40
883.72
889.61
895.05
900.02
904.53
908.56
912.10
915.15
917.71
919.75
921.29
922.32
922.83
671.38
682.87
694.28
705.58
716.76
727.78
738.64
749.31
759.77
770.01
780.00
789.73
799.17
808.32
817.16
825.66
833.81
841.60
849.02
856.04
862.66
868.86
874.63
879.96
884.85
889.27
893.22
896.69
899.68
902.18
904.19
905.70
906.70
907.20
660.65
671.90
683.07
694.14
705.09
715.89
726.52
736.98
747.23
757.27
767.06
776.60
785.86
794.83
803.49
811.83
819.83
827.47
834.74
841.62
848.11
854.20
859.85
865.08
869.87
874.20
878.08
881.48
884.41
886.87
888.83
890.31
891.30
891.79
650.09
661.10
672.04
682.88
693.59
704.17
714.60
724.84
734.89
744.72
754.32
763.67
772.75
781.54
790.04
798.21
806.05
813.54
820.67
827.43
833.79
839.75
845.30
850.43
855.12
859.37
863.17
866.51
869.39
871.79
873.72
875.17
876.14
876.62
639.72
650.50
661.21
671.81
682.31
692.67
702.88
712.91
722.76
732.40
741.80
750.97
759.87
768.49
776.82
784.83
792.52
799.87
806.86
813.48
819.72
825.57
831.01
836.04
840.64
844.81
848.53
851.81
854.63
856.99
858.88
860.30
861.25
861.72
629.58
640.12
650.60
660.98
671.26
681.40
691.40
701.23
710.88
720.32
729.54
738.52
747.25
755.70
763.87
771.72
779.26
786.47
793.32
799.82
805.94
811.67
817.01
821.94
826.46
830.55
834.20
837.41
840.18
842.49
844.35
845.74
846.67
847.14
619.68
629.99
640.24
650.41
660.47
670.40
680.20
689.83
699.28
708.53
717.57
726.37
734.92
743.21
751.22
758.92
766.31
773.38
780.10
786.47
792.48
798.10
803.34
808.18
812.61
816.62
820.20
823.35
826.07
828.33
830.16
831.52
832.44
832.89
610.05
620.14
630.17
640.12
649.97
659.70
669.29
678.72
687.98
697.05
705.91
714.54
722.93
731.05
738.90
746.46
753.71
760.64
767.23
773.48
779.37
784.89
790.03
794.78
799.12
803.06
806.57
809.67
812.33
814.56
816.34
817.68
818.58
819.03
600.73
610.60
620.41
630.15
639.79
649.32
658.71
667.96
677.03
685.92
694.60
703.06
711.29
719.25
726.95
734.36
741.48
748.28
754.75
760.88
766.66
772.08
777.12
781.78
786.04
789.90
793.35
796.39
799.00
801.19
802.94
804.26
805.14
805.58
591.72
601.38
610.99
620.52
629.96
639.30
648.50
657.56
666.45
675.16
683.68
691.97
700.04
707.85
715.41
722.68
729.66
736.33
742.68
748.70
754.37
759.69
764.64
769.21
773.40
777.19
780.58
783.56
786.13
788.27
789.99
791.29
792.15
792.58
583.08
592.53
601.93
611.27
620.51
629.66
638.68
647.56
656.28
664.82
673.17
681.31
689.22
696.89
704.30
711.44
718.29
724.84
731.07
736.98
742.55
747.77
752.63
757.13
761.24
764.96
768.29
771.22
773.74
775.85
777.54
778.81
779.66
780.08
574.81
584.06
593.27
602.41
611.48
620.44
629.28
637.99
646.54
654.92
663.11
671.10
678.86
686.39
693.67
700.67
707.40
713.83
719.96
725.76
731.23
736.36
741.14
745.55
749.59
753.25
756.52
759.40
761.88
763.95
765.61
766.86
767.69
768.11
566.95
576.01
585.03
593.99
602.88
611.66
620.34
628.88
637.27
645.49
653.53
661.37
669.00
676.39
683.54
690.42
697.03
703.35
709.37
715.08
720.46
725.50
730.19
734.53
738.50
742.10
745.31
748.14
750.58
752.62
754.25
755.48
756.30
756.71
559.52
568.40
577.24
586.03
594.74
603.36
611.88
620.26
628.50
636.57
644.47
652.17
659.67
666.93
673.96
680.72
687.22
693.44
699.35
704.96
710.25
715.21
719.83
724.09
728.00
731.54
734.71
737.49
739.88
741.89
743.50
744.71
745.51
745.92
552.54
561.25
569.93
578.55
587.11
595.57
603.93
612.16
620.26
628.20
635.96
643.53
650.90
658.04
664.95
671.61
678.00
684.11
689.94
695.46
700.66
705.54
710.09
714.29
718.13
721.62
724.73
727.47
729.83
731.81
733.39
734.58
735.37
735.77
546.05
554.60
563.12
571.59
579.99
588.31
596.53
604.62
612.58
620.39
628.03
635.48
642.72
649.76
656.56
663.11
669.40
675.42
681.16
686.59
691.72
696.53
701.01
705.14
708.93
712.37
715.44
718.14
720.46
722.41
723.97
725.14
725.92
726.31
540.07
548.47
556.84
565.17
573.43
581.61
589.70
597.66
605.50
613.18
620.70
628.04
635.18
642.11
648.80
655.26
661.46
667.40
673.05
678.41
683.47
688.21
692.62
696.70
700.44
703.82
706.85
709.51
711.81
713.72
715.26
716.42
717.19
717.58
539.11
547.52
555.90
564.23
572.50
580.69
588.78
596.76
604.60
612.30
619.83
627.18
634.33
641.27
647.98
654.45
660.67
666.61
672.28
677.65
682.71
687.46
691.89
695.98
699.72
703.12
706.15
708.82
711.12
713.04
714.58
715.74
716.52
716.90
545.12
553.68
562.20
570.68
579.09
587.42
595.64
603.75
611.72
619.54
627.19
634.65
641.91
648.96
655.77
662.33
668.64
674.67
680.42
685.87
691.01
695.83
700.32
704.46
708.26
711.70
714.78
717.49
719.82
721.77
723.33
724.51
725.29
725.69
551.63
560.35
569.03
577.67
586.23
594.70
603.07
611.32
619.43
627.38
635.15
642.74
650.12
657.28
664.20
670.87
677.28
683.41
689.24
694.78
699.99
704.89
709.44
713.65
717.51
721.00
724.13
726.87
729.24
731.22
732.81
734.00
734.80
735.19
558.63
567.52
576.37
585.17
593.89
602.53
611.05
619.45
627.70
635.79
643.70
651.42
658.93
666.21
673.25
680.03
686.55
692.77
698.71
704.33
709.63
714.60
719.23
723.51
727.43
730.98
734.15
736.94
739.34
741.35
742.97
744.18
744.99
745.39
566.08
575.16
584.19
593.16
602.06
610.86
619.55
628.10
636.51
644.75
652.81
660.66
668.30
675.71
682.88
689.78
696.40
702.74
708.77
714.49
719.89
724.94
729.65
734.00
737.98
741.59
744.81
747.65
750.09
752.13
753.77
755.01
755.83
756.24
573.97
583.24
592.46
601.62
610.69
619.67
628.53
637.25
645.82
654.21
662.42
670.43
678.21
685.76
693.05
700.08
706.82
713.27
719.41
725.23
730.72
735.86
740.65
745.07
749.12
752.79
756.08
758.96
761.45
763.52
765.19
766.44
767.28
767.70
582.27
591.73
601.15
610.50
619.76
628.92
637.96
646.86
655.60
664.16
672.53
680.68
688.61
696.30
703.73
710.89
717.76
724.33
730.58
736.50
742.09
747.33
752.20
756.70
760.83
764.56
767.90
770.84
773.37
775.48
777.18
778.45
779.30
779.73
590.94
600.62
610.24
619.79
629.25
638.60
647.82
656.90
665.81
674.55
683.08
691.40
699.48
707.32
714.89
722.18
729.18
735.87
742.24
748.28
753.97
759.30
764.26
768.85
773.05
776.85
780.25
783.24
785.82
787.97
789.70
791.00
791.86
792.30
599.98
609.86
619.70
629.45
639.11
648.66
658.08
667.34
676.44
685.34
694.05
702.53
710.78
718.77
726.49
733.92
741.05
747.87
754.36
760.51
766.31
771.74
776.80
781.47
785.75
789.63
793.09
796.14
798.76
800.95
802.71
804.03
804.91
805.35
609.33
619.44
629.49
639.46
649.33
659.08
668.69
678.15
687.43
696.52
705.40
714.06
722.47
730.61
738.49
746.06
753.34
760.29
766.91
773.17
779.08
784.62
789.77
794.54
798.89
802.84
806.37
809.48
812.15
814.38
816.17
817.52
818.42
818.87
618.99
629.33
639.60
649.78
659.86
669.82
679.64
689.30
698.77
708.05
717.11
725.94
734.52
742.83
750.85
758.58
766.00
773.09
779.83
786.22
792.25
797.89
803.15
808.00
812.44
816.47
820.06
823.23
825.95
828.23
830.05
831.43
832.34
832.80
628.92
639.49
649.99
660.39
670.69
680.87
690.89
700.75
710.42
719.89
729.13
738.14
746.89
755.37
763.56
771.44
779.01
786.23
793.11
799.63
805.77
811.53
816.88
821.83
826.36
830.46
834.13
837.35
840.13
842.45
844.31
845.71
846.65
847.11
639.10
649.90
660.63
671.26
681.79
692.17
702.41
712.47
722.35
732.01
741.45
750.64
759.57
768.21
776.57
784.61
792.32
799.69
806.71
813.35
819.62
825.48
830.95
835.99
840.61
844.79
848.53
851.82
854.65
857.02
858.91
860.34
861.29
861.77
649.50
660.54
671.50
682.37
693.11
703.72
714.17
724.44
734.52
744.38
754.01
763.39
772.50
781.32
789.84
798.04
805.91
813.43
820.58
827.36
833.75
839.73
845.30
850.45
855.16
859.42
863.24
866.59
869.47
871.89
873.82
875.28
876.25
876.74
660.09
671.37
682.57
693.67
704.64
715.47
726.14
736.63
746.91
756.98
766.80
776.37
785.66
794.66
803.36
811.72
819.75
827.41
834.71
841.62
848.14
854.24
859.92
865.17
869.97
874.32
878.21
881.63
884.57
887.03
889.01
890.49
891.48
891.98
670.85
682.38
693.82
705.15
716.35
727.41
738.30
749.00
759.50
769.77
779.79
789.55
799.03
808.21
817.07
825.61
833.79
841.61
849.05
856.10
862.75
868.97
874.76
880.12
885.01
889.45
893.42
896.91
899.91
902.42
904.43
905.95
906.96
907.46
681.76
693.53
705.21
716.78
728.22
739.50
750.61
761.53
772.24
782.72
792.94
802.90
812.57
821.93
830.97
839.67
848.02
855.99
863.58
870.77
877.55
883.90
889.81
895.26
900.26
904.79
908.83
912.39
915.45
918.01
920.07
921.61
922.64
923.16
692.79
704.80
716.73
728.53
740.21
751.72
763.06
774.20
785.12
795.80
806.23
816.39
826.25
835.79
845.01
853.89
862.40
870.53
878.27
885.60
892.51
898.99
905.02
910.58
915.68
920.30
924.42
928.05
931.18
933.79
935.88
937.46
938.51
939.04
703.91
716.17
728.34
740.39
752.29
764.04
775.60
786.96
798.10
809.00
819.63
829.98
840.04
849.77
859.18
868.22
876.90
885.20
893.09
900.57
907.61
914.22
920.36
926.04
931.24
935.95
940.16
943.86
947.05
949.71
951.85
953.46
954.53
955.07
715.10
727.62
740.03
752.32
764.46
776.44
788.23
799.81
811.17
822.27
833.12
843.67
853.92
863.85
873.43
882.66
891.50
899.96
908.01
915.63
922.82
929.55
935.82
941.61
946.92
951.72
956.01
959.79
963.04
965.76
967.95
969.58
970.68
971.23
726.34
739.11
751.76
764.29
776.67
788.89
800.90
812.71
824.29
835.61
846.66
857.42
867.86
877.98
887.75
897.15
906.18
914.80
923.00
930.78
938.10
944.97
951.37
957.27
962.68
967.58
971.96
975.82
979.13
981.91
984.14
985.81
986.93
987.48
737.61
750.63
763.53
776.30
788.92
801.36
813.61
825.64
837.44
848.97
860.23
871.20
881.84
892.15
902.11
911.70
920.89
929.68
938.05
945.97
953.44
960.45
966.97
972.99
978.51
983.51
987.98
991.91
995.30
998.13
1000.40
1002.11
1003.25
1003.82
748.89
762.15
775.30
788.31
801.17
813.84
826.32
838.58
850.59
862.35
873.82
884.99
895.84
906.34
916.49
926.26
935.63
944.59
953.11
961.20
968.81
975.96
982.61
988.75
994.38
999.48
1004.04
1008.05
1011.51
1014.40
1016.72
1018.46
1019.62
1020.20
760.15
773.66
787.05
800.30
813.40
826.31
839.02
851.50
863.74
875.71
887.39
898.77
909.82
920.52
930.86
940.81
950.36
959.49
968.18
976.42
984.19
991.47
998.26
1004.52
1010.27
1015.47
1020.12
1024.22
1027.74
1030.69
1033.06
1034.84
1036.03
1036.62
771.38
785.13
798.77
812.26
825.59
838.73
851.67
864.38
876.84
889.03
900.93
912.51
923.77
934.67
945.20
955.34
965.07
974.37
983.23
991.63
999.55
1006.98
1013.90
1020.29
1026.15
1031.46
1036.21
1040.38
1043.98
1046.99
1049.41
1051.23
1052.44
1053.04
782.55
796.55
810.43
824.16
837.72
851.10
864.27
877.20
889.88
902.29
914.40
926.20
937.66
948.76
959.49
969.82
979.73
989.21
998.24
1006.80
1014.88
1022.45
1029.50
1036.03
1042.00
1047.42
1052.27
1056.53
1060.20
1063.28
1065.75
1067.60
1068.84
1069.46
793.65
807.89
822.01
835.98
849.78
863.39
876.78
889.94
902.85
915.47
927.80
939.81
951.47
962.78
973.70
984.22
994.32
1003.98
1013.18
1021.91
1030.14
1037.86
1045.06
1051.71
1057.81
1063.34
1068.29
1072.64
1076.39
1079.53
1082.05
1083.94
1085.21
1085.84
804.65
819.13
833.49
847.70
861.73
875.57
889.20
902.58
915.71
928.56
941.10
953.32
965.19
976.70
987.82
998.53
1008.82
1018.67
1028.04
1036.94
1045.33
1053.21
1060.55
1067.33
1073.56
1079.20
1084.25
1088.70
1092.53
1095.73
1098.30
1100.24
1101.53
1102.18
815.54
830.26
844.85
859.30
873.57
887.64
901.49
915.10
928.45
941.52
954.28
966.71
978.79
990.50
1001.83
1012.74
1023.22
1033.24
1042.80
1051.87
1060.42
1068.45
1075.94
1082.87
1089.22
1094.98
1100.14
1104.68
1108.59
1111.86
1114.49
1116.47
1117.79
1118.45
826.30
841.26
856.09
870.76
885.26
899.56
913.64
927.48
941.05
954.34
967.31
979.96
992.25
1004.17
1015.70
1026.81
1037.48
1047.69
1057.43
1066.67
1075.40
1083.59
1091.23
1098.30
1104.78
1110.66
1115.93
1120.57
1124.56
1127.91
1130.60
1132.62
1133.97
1134.64
836.91
852.11
867.17
882.07
896.80
911.33
925.64
939.70
953.50
967.00
980.19
993.05
1005.56
1017.69
1029.42
1040.73
1051.59
1062.00
1071.92
1081.34
1090.24
1098.59
1106.39
1113.60
1120.22
1126.23
1131.61
1136.35
1140.43
1143.86
1146.60
1148.67
1150.05
1150.74
847.36
862.79
878.08
893.21
908.17
922.93
937.46
951.74
965.76
979.48
992.90
1005.97
1018.69
1031.03
1042.96
1054.48
1065.54
1076.14
1086.26
1095.86
1104.93
1113.45
1121.41
1128.77
1135.53
1141.67
1147.17
1152.01
1156.19
1159.69
1162.50
1164.61
1166.03
1166.73
857.63
873.28
888.80
904.17
919.35
934.33
949.08
963.59
977.83
991.77
1005.40
1018.70
1031.63
1044.18
1056.32
1068.04
1079.31
1090.11
1100.41
1110.20
1119.45
1128.15
1136.27
1143.79
1150.69
1156.96
1162.58
1167.54
1171.81
1175.39
1178.27
1180.43
1181.88
1182.60
867.70
883.58
899.32
914.91
930.32
945.52
960.50
975.23
989.68
1003.85
1017.70
1031.21
1044.35
1057.12
1069.47
1081.40
1092.87
1103.87
1114.37
1124.35
1133.79
1142.66
1150.95
1158.63
1165.69
1172.10
1177.85
1182.92
1187.29
1190.95
1193.90
1196.12
1197.60
1198.34
877.56
893.66
909.63
925.43
941.06
956.48
971.68
986.63
1001.31
1015.69
1029.76
1043.48
1056.85
1069.83
1082.40
1094.53
1106.21
1117.42
1128.12
1138.29
1147.92
1156.98
1165.44
1173.29
1180.50
1187.06
1192.94
1198.13
1202.61
1206.36
1209.38
1211.65
1213.17
1213.93
887.19
903.51
919.69
935.72
951.56
967.21
982.62
997.79
1012.68
1027.29
1041.57
1055.52
1069.10
1082.29
1095.08
1107.43
1119.32
1130.73
1141.64
1152.01
1161.84
1171.08
1179.73
1187.75
1195.13
1201.83
1207.85
1213.17
1217.76
1221.61
1224.70
1227.03
1228.59
1229.37
896.58
913.11
929.51
945.75
961.81
977.67
993.30
1008.68
1023.80
1038.61
1053.12
1067.28
1081.08
1094.49
1107.49
1120.06
1132.17
1143.79
1154.91
1165.49
1175.52
1184.96
1193.79
1201.99
1209.54
1216.41
1222.57
1228.02
1232.72
1236.67
1239.85
1242.24
1243.84
1244.64
905.71
922.45
939.06
955.51
971.78
987.85
1003.70
1019.30
1034.62
1049.66
1064.38
1078.76
1092.78
1106.41
1119.63
1132.42
1144.75
1156.59
1167.92
1178.71
1188.94
1198.59
1207.62
1216.01
1223.73
1230.76
1237.08
1242.67
1247.50
1251.55
1254.81
1257.27
1258.91
1259.73
914.58
931.52
948.33
964.99
981.47
997.75
1013.80
1029.61
1045.16
1060.41
1075.34
1089.94
1104.18
1118.03
1131.48
1144.48
1157.03
1169.09
1180.64
1191.65
1202.10
1211.95
1221.19
1229.77
1237.68
1244.89
1251.37
1257.11
1262.07
1266.23
1269.59
1272.11
1273.80
1274.65
923.15
940.30
957.31
974.17
990.85
1007.34
1023.60
1039.62
1055.37
1070.84
1085.99
1100.81
1115.26
1129.34
1143.00
1156.23
1169.01
1181.29
1193.07
1204.30
1214.97
1225.04
1234.48
1243.27
1251.38
1258.78
1265.43
1271.32
1276.42
1280.70
1284.16
1286.76
1288.50
1289.37
931.43
948.77
965.98
983.03
999.92
1016.60
1033.07
1049.29
1065.26
1080.93
1096.30
1111.33
1126.01
1140.31
1154.20
1167.65
1180.66
1193.17
1205.18
1216.64
1227.54
1237.83
1247.50
1256.50
1264.81
1272.40
1279.24
1285.29
1290.54
1294.96
1298.52
1301.20
1303.00
1303.90
939.40
956.92
974.32
991.57
1008.65
1025.53
1042.20
1058.63
1074.80
1090.68
1106.26
1121.51
1136.40
1150.92
1165.04
1178.72
1191.96
1204.71
1216.95
1228.65
1239.78
1250.31
1260.20
1269.43
1277.96
1285.75
1292.78
1299.02
1304.43
1308.98
1312.65
1315.43
1317.28
1318.21
947.04
964.75
982.33
999.77
1017.04
1034.11
1050.97
1067.60
1083.97
1100.06
1115.85
1131.31
1146.42
1161.17
1175.51
1189.43
1202.89
1215.88
1228.36
1240.30
1251.68
1262.45
1272.58
1282.04
1290.80
1298.82
1306.05
1312.48
1318.06
1322.76
1326.56
1329.43
1331.35
1332.31
954.35
972.23
990.00
1007.61
1025.06
1042.32
1059.38
1076.20
1092.77
1109.06
1125.05
1140.73
1156.06
1171.02
1185.59
1199.74
1213.44
1226.67
1239.39
1251.58
1263.21
1274.23
1284.61
1294.32
1303.32
1311.57
1319.03
1325.66
1331.43
1336.29
1340.22
1343.20
1345.19
1346.19
961.31
979.36
997.30
1015.09
1032.72
1050.16
1067.40
1084.40
1101.17
1117.66
1133.85
1149.74
1165.28
1180.46
1195.26
1209.64
1223.58
1237.05
1250.03
1262.47
1274.35
1285.63
1296.28
1306.25
1315.50
1324.00
1331.69
1338.55
1344.51
1349.56
1353.64
1356.73
1358.80
1359.84
967.91
986.13
1004.22
1022.18
1039.98
1057.60
1075.01
1092.21
1109.16
1125.84
1142.24
1158.32
1174.08
1189.48
1204.50
1219.11
1233.29
1247.01
1260.24
1272.94
1285.08
1296.64
1307.55
1317.79
1327.32
1336.08
1344.03
1351.12
1357.30
1362.54
1366.78
1370.00
1372.16
1373.24
974.14
992.51
1010.77
1028.88
1046.85
1064.63
1082.22
1099.59
1116.72
1133.59
1150.18
1166.47
1182.43
1198.04
1213.28
1228.13
1242.55
1256.51
1270.00
1282.96
1295.38
1307.21
1318.41
1328.93
1338.74
1347.78
1356.00
1363.35
1369.78
1375.23
1379.65
1383.01
1385.27
1386.40
979.99
998.51
1016.91
1035.18
1053.30
1071.25
1089.00
1106.54
1123.84
1140.89
1157.67
1174.15
1190.32
1206.14
1221.60
1236.67
1251.33
1265.54
1279.28
1292.51
1305.21
1317.32
1328.81
1339.64
1349.74
1359.08
1367.60
1375.23
1381.91
1387.60
1392.22
1395.74
1398.11
1399.30
985.45
1004.10
1022.65
1041.06
1059.33
1077.43
1095.34
1113.04
1130.51
1147.73
1164.69
1181.36
1197.72
1213.75
1229.42
1244.71
1259.61
1274.06
1288.06
1301.56
1314.54
1326.94
1338.74
1349.87
1360.29
1369.95
1378.78
1386.71
1393.68
1399.63
1404.48
1408.17
1410.67
1411.92
990.51
1009.29
1027.97
1046.52
1064.92
1083.16
1101.22
1119.07
1136.70
1154.09
1171.22
1188.07
1204.62
1220.84
1236.72
1252.24
1267.36
1282.06
1296.31
1310.08
1323.34
1336.04
1348.14
1359.60
1370.35
1380.34
1389.51
1397.77
1405.06
1411.29
1416.39
1420.29
1422.92
1424.25
995.16
1014.06
1032.86
1051.54
1070.07
1088.44
1106.64
1124.63
1142.41
1159.96
1177.25
1194.27
1211.00
1227.41
1243.49
1259.21
1274.56
1289.49
1304.00
1318.04
1331.57
1344.57
1356.99
1368.78
1379.87
1390.22
1399.74
1408.36
1415.99
1422.54
1427.93
1432.05
1434.85
1436.26
999.39
1018.41
1037.32
1056.11
1074.76
1093.26
1111.58
1129.71
1147.63
1165.32
1182.76
1199.94
1216.83
1233.43
1249.69
1265.62
1281.18
1296.34
1311.09
1325.39
1339.20
1352.50
1365.24
1377.36
1388.81
1399.52
1409.42
1418.42
1426.43
1433.34
1439.05
1443.44
1446.42
1447.93
1003.20
1022.31
1041.33
1060.22
1078.99
1097.59
1116.03
1134.28
1152.33
1170.15
1187.73
1205.06
1222.11
1238.87
1255.32
1271.43
1287.19
1302.57
1317.55
1332.10
1346.19
1359.78
1372.83
1385.29
1397.10
1408.19
1418.49
1427.90
1436.32
1443.63
1449.69
1454.38
1457.59
1459.22
1006.58
1025.78
1044.89
1063.88
1082.73
1101.44
1119.99
1138.35
1156.51
1174.45
1192.16
1209.62
1226.82
1243.73
1260.34
1276.62
1292.57
1308.16
1323.36
1338.15
1352.49
1366.36
1379.72
1392.51
1404.68
1416.16
1426.87
1436.72
1445.58
1453.32
1459.79
1464.83
1468.29
1470.06
1009.52
1028.80
1047.98
1067.06
1086.00
1104.80
1123.43
1141.89
1160.15
1178.20
1196.03
1213.61
1230.93
1247.98
1264.73
1281.18
1297.30
1313.07
1328.47
1343.48
1358.07
1372.20
1385.85
1398.96
1411.48
1423.35
1434.48
1444.77
1454.10
1462.31
1469.24
1474.68
1478.45
1480.38
1012.02
1031.36
1050.62
1069.76
1088.78
1107.65
1126.37
1144.91
1163.25
1181.40
1199.32
1217.00
1234.44
1251.60
1268.49
1285.07
1301.34
1317.28
1332.86
1348.07
1362.87
1377.25
1391.17
1404.58
1417.43
1429.67
1441.21
1451.95
1461.76
1470.48
1477.90
1483.81
1487.93
1490.06
1014.07
1033.47
1052.78
1071.98
1091.06
1109.99
1128.77
1147.38
1165.80
1184.02
1202.03
1219.80
1237.33
1254.59
1271.58
1288.29
1304.68
1320.76
1336.50
1351.87
1366.87
1381.46
1395.61
1409.29
1422.45
1435.03
1446.95
1458.12
1468.41
1477.65
1485.61
1492.02
1496.57
1498.94
1015.67
1035.11
1054.46
1073.71
1092.83
1111.82
1130.65
1149.32
1167.80
1186.08
1204.14
1221.98
1239.58
1256.93
1274.01
1290.80
1307.30
1323.49
1339.35
1354.87
1370.02
1384.78
1399.13
1413.04
1426.45
1439.32
1451.58
1463.14
1473.88
1483.61
1492.12
1499.07
1504.08
1506.73
1016.81
1036.28
1055.67
1074.95
1094.11
1113.13
1132.00
1150.70
1169.22
1187.55
1205.66
1223.55
1241.20
1258.61
1275.75
1292.61
1309.19
1325.46
1341.41
1357.03
1372.29
1387.19
1401.69
1415.76
1429.37
1442.47
1455.00
1466.87
1477.97
1488.14
1497.13
1504.60
1510.09
1513.04
1017.50
1036.99
1056.39
1075.69
1094.87
1113.91
1132.81
1151.53
1170.08
1188.43
1206.57
1224.49
1242.18
1259.62
1276.79
1293.70
1310.32
1326.64
1342.65
1358.33
1373.67
1388.64
1403.23
1417.41
1431.14
1444.39
1457.09
1469.17
1480.52
1490.99
1500.33
1508.19
1514.07
1517.29
1017.73
1037.22
1056.63
1075.94
1095.13
1114.18
1133.08
1151.81
1170.36
1188.72
1206.87
1224.80
1242.50
1259.95
1277.14
1294.06
1310.70
1327.04
1343.06
1358.77
1374.13
1389.13
1403.75
1417.96
1431.74
1445.03
1457.79
1469.95
1481.39
1491.96
1501.43
1509.45
1515.47
1518.79
1017.50
1036.99
1056.39
1075.69
1094.87
1113.91
1132.81
1151.53
1170.08
1188.43
1206.57
1224.49
1242.17
1259.61
1276.79
1293.70
1310.32
1326.64
1342.65
1358.33
1373.66
1388.64
1403.23
1417.40
1431.14
1444.38
1457.08
1469.16
1480.52
1490.98
1500.32
1508.19
1514.06
1517.28
1016.81
1036.28
1055.66
1074.94
1094.10
1113.13
1131.99
1150.70
1169.22
1187.54
1205.65
1223.54
1241.20
1258.60
1275.74
1292.61
1309.18
1325.45
1341.40
1357.02
1372.29
1387.18
1401.68
1415.75
1429.36
1442.46
1454.99
1466.86
1477.96
1488.13
1497.12
1504.59
1510.07
1513.03
1015.66
1035.10
1054.46
1073.70
1092.83
1111.82
1130.65
1149.31
1167.79
1186.07
1204.14
1221.98
1239.58
1256.92
1274.00
1290.79
1307.29
1323.48
1339.34
1354.86
1370.01
1384.77
1399.12
1413.02
1426.44
1439.31
1451.57
1463.13
1473.86
1483.59
1492.10
1499.05
1504.06
1506.71
1014.06
1033.46
1052.77
1071.97
1091.05
1109.99
1128.77
1147.38
1165.80
1184.02
1202.02
1219.79
1237.32
1254.58
1271.57
1288.27
1304.67
1320.75
1336.48
1351.86
1366.86
1381.44
1395.60
1409.27
1422.43
1435.01
1446.93
1458.10
1468.39
1477.62
1485.58
1491.99
1496.54
1498.91
1012.01
1031.35
1050.61
1069.75
1088.77
1107.64
1126.36
1144.90
1163.24
1181.39
1199.31
1216.99
1234.43
1251.59
1268.47
1285.06
1301.33
1317.26
1332.84
1348.05
1362.86
1377.23
1391.15
1404.56
1417.41
1429.65
1441.18
1451.92
1461.73
1470.45
1477.87
1483.77
1487.90
1490.03
1009.51
1028.79
1047.97
1067.05
1085.99
1104.79
1123.42
1141.88
1160.14
1178.19
1196.01
1213.59
1230.92
1247.96
1264.72
1281.16
1297.28
1313.05
1328.45
1343.46
1358.05
1372.18
1385.83
1398.94
1411.46
1423.32
1434.45
1444.74
1454.06
1462.28
1469.20
1474.65
1478.41
1480.34
1006.57
1025.77
1044.87
1063.86
1082.72
1101.43
1119.97
1138.33
1156.49
1174.44
1192.15
1209.61
1226.80
1243.71
1260.32
1276.61
1292.55
1308.14
1323.34
1338.12
1352.47
1366.34
1379.69
1392.48
1404.65
1416.13
1426.84
1436.68
1445.54
1453.28
1459.75
1464.79
1468.26
1470.02
1003.19
1022.30
1041.31
1060.21
1078.97
1097.58
1116.02
1134.27
1152.31
1170.13
1187.72
1205.04
1222.09
1238.85
1255.30
1271.41
1287.17
1302.55
1317.53
1332.08
1346.17
1359.75
1372.80
1385.26
1397.07
1408.16
1418.46
1427.87
1436.28
1443.59
1449.65
1454.34
1457.55
1459.17
999.38
1018.39
1037.30
1056.09
1074.75
1093.24
1111.56
1129.69
1147.61
1165.30
1182.74
1199.92
1216.81
1233.40
1249.67
1265.60
1281.15
1296.32
1311.06
1325.36
1339.18
1352.47
1365.20
1377.32
1388.77
1399.48
1409.38
1418.39
1426.39
1433.30
1439.00
1443.39
1446.38
1447.89
995.14
1014.05
1032.84
1051.52
1070.05
1088.43
1106.62
1124.61
1142.39
1159.94
1177.23
1194.25
1210.97
1227.39
1243.46
1259.19
1274.53
1289.47
1303.97
1318.01
1331.54
1344.54
1356.96
1368.74
1379.84
1390.18
1399.70
1408.32
1415.95
1422.50
1427.88
1432.01
1434.81
1436.22
990.49
1009.27
1027.95
1046.50
1064.90
1083.14
1101.20
1119.05
1136.68
1154.07
1171.20
1188.05
1204.59
1220.82
1236.70
1252.21
1267.33
1282.03
1296.28
1310.05
1323.31
1336.01
1348.11
1359.56
1370.31
1380.30
1389.46
1397.73
1405.01
1411.24
1416.34
1420.24
1422.88
1424.20
985.43
1004.08
1022.63
1041.04
1059.31
1077.41
1095.31
1113.01
1130.48
1147.71
1164.66
1181.33
1197.69
1213.72
1229.39
1244.69
1259.57
1274.03
1288.03
1301.53
1314.50
1326.91
1338.70
1349.83
1360.25
1369.91
1378.73
1386.67
1393.64
1399.58
1404.43
1408.13
1410.62
1411.87
979.97
998.48
1016.89
1035.16
1053.28
1071.22
1088.97
1106.51
1123.82
1140.87
1157.64
1174.12
1190.29
1206.11
1221.57
1236.64
1251.29
1265.51
1279.25
1292.48
1305.17
1317.28
1328.77
1339.60
1349.70
1359.04
1367.55
1375.18
1381.87
1387.55
1392.18
1395.69
1398.06
1399.25
974.12
992.49
1010.74
1028.86
1046.82
1064.61
1082.19
1099.56
1116.69
1133.56
1150.15
1166.44
1182.40
1198.01
1213.25
1228.09
1242.51
1256.48
1269.96
1282.93
1295.34
1307.17
1318.36
1328.89
1338.70
1347.74
1355.96
1363.31
1369.73
1375.18
1379.60
1382.96
1385.22
1386.35
967.88
986.10
1004.20
1022.16
1039.95
1057.57
1074.99
1092.18
1109.13
1125.81
1142.20
1158.29
1174.05
1189.44
1204.46
1219.07
1233.25
1246.97
1260.20
1272.90
1285.04
1296.59
1307.51
1317.75
1327.27
1336.03
1343.98
1351.07
1357.25
1362.49
1366.73
1369.95
1372.11
1373.19
961.28
979.34
997.27
1015.06
1032.69
1050.13
1067.37
1084.37
1101.13
1117.62
1133.82
1149.70
1165.25
1180.43
1195.22
1209.60
1223.54
1237.01
1249.99
1262.43
1274.31
1285.59
1296.23
1306.20
1315.46
1323.95
1331.64
1338.50
1344.46
1349.50
1353.58
1356.67
1358.75
1359.78
954.32
972.21
989.97
1007.58
1025.03
1042.29
1059.35
1076.17
1092.73
1109.02
1125.02
1140.69
1156.02
1170.98
1185.55
1199.70
1213.40
1226.63
1239.35
1251.54
1263.16
1274.18
1284.57
1294.28
1303.27
1311.52
1318.98
1325.61
1331.37
1336.24
1340.17
1343.14
1345.14
1346.14
947.01
964.72
982.31
999.74
1017.01
1034.08
1050.94
1067.57
1083.94
1100.03
1115.81
1131.27
1146.39
1161.13
1175.47
1189.38
1202.85
1215.84
1228.32
1240.26
1251.63
1262.40
1272.53
1281.99
1290.75
1298.77
1306.00
1312.43
1318.01
1322.71
1326.50
1329.37
1331.30
1332.26
939.37
956.90
974.29
991.54
1008.62
1025.50
1042.17
1058.59
1074.76
1090.64
1106.22
1121.47
1136.36
1150.88
1165.00
1178.68
1191.91
1204.66
1216.90
1228.60
1239.73
1250.26
1260.15
1269.38
1277.91
1285.70
1292.73
1298.97
1304.37
1308.92
1312.60
1315.37
1317.23
1318.15
931.40
948.74
965.95
983.00
999.88
1016.57
1033.03
1049.26
1065.22
1080.89
1096.26
1111.29
1125.97
1140.26
1154.15
1167.61
1180.61
1193.13
1205.13
1216.59
1227.49
1237.78
1247.44
1256.45
1264.76
1272.35
1279.18
1285.24
1290.49
1294.90
1298.46
1301.14
1302.94
1303.84
923.12
940.26
957.28
974.13
990.82
1007.30
1023.56
1039.58
1055.33
1070.80
1085.95
1100.76
1115.22
1129.29
1142.96
1156.19
1168.96
1181.25
1193.02
1204.25
1214.92
1224.99
1234.43
1243.22
1251.33
1258.72
1265.37
1271.26
1276.36
1280.65
1284.10
1286.70
1288.44
1289.31
914.54
931.49
948.30
964.95
981.43
997.71
1013.77
1029.57
1045.12
1060.37
1075.30
1089.90
1104.14
1117.99
1131.43
1144.44
1156.98
1169.04
1180.59
1191.60
1202.05
1211.90
1221.13
1229.72
1237.63
1244.83
1251.32
1257.05
1262.01
1266.17
1269.53
1272.05
1273.74
1274.59
905.68
922.42
939.03
955.48
971.75
987.81
1003.66
1019.26
1034.58
1049.62
1064.34
1078.72
1092.73
1106.37
1119.59
1132.37
1144.70
1156.54
1167.87
1178.66
1188.89
1198.53
1207.56
1215.95
1223.67
1230.71
1237.03
1242.61
1247.44
1251.49
1254.75
1257.21
1258.85
1259.67
896.55
913.08
929.47
945.71
961.77
977.63
993.26
1008.64
1023.75
1038.57
1053.07
1067.23
1081.03
1094.44
1107.44
1120.01
1132.12
1143.74
1154.86
1165.44
1175.46
1184.90
1193.74
1201.94
1209.48
1216.35
1222.51
1227.96
1232.66
1236.61
1239.79
1242.18
1243.78
1244.58
887.16
903.47
919.66
935.68
951.52
967.16
982.58
997.75
1012.64
1027.24
1041.52
1055.47
1069.05
1082.24
1095.03
1107.37
1119.27
1130.68
1141.58
1151.96
1161.78
1171.03
1179.67
1187.69
1195.07
1201.77
1207.79
1213.11
1217.70
1221.54
1224.64
1226.97
1228.52
1229.30
877.52
893.62
909.59
925.39
941.02
956.44
971.64
986.59
1001.26
1015.65
1029.71
1043.44
1056.80
1069.78
1082.34
1094.48
1106.16
1117.36
1128.06
1138.24
1147.86
1156.92
1165.38
1173.23
1180.44
1187.00
1192.88
1198.07
1202.55
1206.30
1209.32
1211.59
1213.11
1213.86
867.66
883.54
899.28
914.87
930.27
945.48
960.45
975.18
989.64
1003.80
1017.65
1031.16
1044.30
1057.06
1069.42
1081.34
1092.82
1103.81
1114.31
1124.29
1133.73
1142.60
1150.89
1158.57
1165.63
1172.04
1177.78
1182.85
1187.22
1190.89
1193.84
1196.05
1197.53
1198.27
857.59
873.24
888.76
904.12
919.30
934.28
949.04
963.54
977.78
991.72
1005.35
1018.64
1031.58
1044.12
1056.27
1067.99
1079.25
1090.05
1100.35
1110.14
1119.39
1128.09
1136.21
1143.73
1150.63
1156.90
1162.52
1167.47
1171.75
1175.33
1178.20
1180.37
1181.81
1182.53
847.32
862.75
878.04
893.17
908.13
922.88
937.41
951.70
965.71
979.44
992.85
1005.92
1018.64
1030.97
1042.91
1054.42
1065.49
1076.09
1086.20
1095.80
1104.87
1113.39
1121.35
1128.71
1135.47
1141.60
1147.10
1151.95
1156.12
1159.62
1162.43
1164.55
1165.96
1166.66
836.87
852.06
867.12
882.03
896.76
911.29
925.59
939.65
953.45
966.95
980.14
993.00
1005.51
1017.63
1029.36
1040.67
1051.54
1061.94
1071.86
1081.28
1090.18
1098.53
1106.33
1113.54
1120.16
1126.16
1131.54
1136.28
1140.37
1143.79
1146.54
1148.60
1149.98
1150.67
826.26
841.22
856.04
870.72
885.22
899.52
913.60
927.43
941.00
954.29
967.26
979.91
992.20
1004.12
1015.64
1026.75
1037.42
1047.63
1057.37
1066.61
1075.34
1083.53
1091.16
1098.23
1104.71
1110.60
1115.86
1120.50
1124.49
1127.84
1130.53
1132.55
1133.90
1134.57
815.50
830.22
844.81
859.25
873.52
887.59
901.44
915.05
928.40
941.46
954.22
966.65
978.73
990.45
1001.77
1012.68
1023.16
1033.18
1042.74
1051.80
1060.36
1068.39
1075.88
1082.80
1089.15
1094.91
1100.07
1104.61
1108.52
1111.79
1114.42
1116.40
1117.72
1118.38
804.61
819.09
833.44
847.65
861.68
875.52
889.15
902.53
915.66
928.50
941.04
953.26
965.13
976.64
987.76
998.47
1008.76
1018.60
1027.98
1036.87
1045.27
1053.14
1060.48
1067.27
1073.49
1079.13
1084.18
1088.63
1092.46
1095.66
1098.23
1100.17
1101.46
1102.11
793.60
807.84
821.96
835.93
849.73
863.34
876.73
889.89
902.79
915.42
927.75
939.75
951.42
962.72
973.64
984.16
994.26
1003.92
1013.12
1021.85
1030.08
1037.80
1044.99
1051.65
1057.74
1063.27
1068.22
1072.57
1076.32
1079.46
1081.98
1083.87
1085.14
1085.77
782.51
796.50
810.38
824.11
837.67
851.05
864.22
877.15
889.83
902.24
914.35
926.14
937.60
948.70
959.42
969.75
979.67
989.15
998.18
1006.74
1014.81
1022.38
1029.44
1035.96
1041.93
1047.35
1052.20
1056.46
1060.13
1063.21
1065.67
1067.53
1068.77
1069.38
771.33
785.09
798.72
812.21
825.54
838.68
851.62
864.33
876.79
888.97
900.87
912.45
923.71
934.61
945.14
955.28
965.01
974.31
983.17
991.57
999.49
1006.91
1013.83
1020.22
1026.08
1031.39
1036.13
1040.31
1043.91
1046.92
1049.34
1051.15
1052.36
1052.97
760.11
773.61
787.00
800.26
813.35
826.26
838.96
851.44
863.68
875.65
887.33
898.71
909.76
920.46
930.80
940.75
950.30
959.43
968.12
976.36
984.12
991.40
998.19
1004.45
1010.20
1015.40
1020.05
1024.14
1027.67
1030.62
1032.99
1034.76
1035.95
1036.54
748.85
762.10
775.25
788.26
801.12
813.79
826.27
838.52
850.54
862.29
873.76
884.93
895.78
906.28
916.43
926.19
935.56
944.52
953.05
961.13
968.75
975.89
982.54
988.68
994.31
999.41
1003.97
1007.98
1011.43
1014.32
1016.64
1018.38
1019.55
1020.13
737.57
750.58
763.48
776.25
788.87
801.31
813.56
825.59
837.38
848.92
860.18
871.14
881.78
892.09
902.05
911.63
920.83
929.61
937.98
945.90
953.37
960.38
966.90
972.92
978.44
983.44
987.91
991.84
995.22
998.05
1000.33
1002.03
1003.17
1003.74
726.30
739.06
751.72
764.24
776.62
788.83
800.85
812.66
824.23
835.55
846.60
857.36
867.80
877.92
887.69
897.09
906.11
914.73
922.93
930.71
938.03
944.90
951.29
957.20
962.61
967.51
971.89
975.74
979.06
981.83
984.06
985.73
986.85
987.41
715.05
727.57
739.98
752.26
764.41
776.38
788.17
799.75
811.11
822.22
833.06
843.61
853.86
863.78
873.37
882.59
891.44
899.89
907.94
915.56
922.75
929.48
935.75
941.54
946.84
951.65
955.94
959.72
962.97
965.69
967.87
969.51
970.60
971.15
703.86
716.12
728.29
740.34
752.24
763.99
775.55
786.91
798.04
808.94
819.57
829.92
839.98
849.71
859.11
868.16
876.84
885.13
893.02
900.50
907.54
914.14
920.29
925.97
931.17
935.87
940.08
943.79
946.97
949.64
951.78
953.38
954.46
954.99
692.74
704.75
716.68
728.48
740.15
751.67
763.00
774.14
785.06
795.74
806.17
816.32
826.18
835.73
844.95
853.82
862.33
870.46
878.20
885.53
892.44
898.92
904.94
910.51
915.60
920.22
924.35
927.98
931.10
933.71
935.81
937.38
938.43
938.96
681.71
693.48
705.16
716.73
728.16
739.45
750.56
761.48
772.18
782.66
792.88
802.83
812.50
821.86
830.90
839.60
847.95
855.92
863.51
870.70
877.48
883.82
889.73
895.19
900.19
904.71
908.76
912.31
915.38
917.94
919.99
921.54
922.57
923.08
670.81
682.33
693.77
705.10
716.30
727.36
738.24
748.94
759.44
769.71
779.73
789.49
798.97
808.14
817.01
825.54
833.72
841.54
848.98
856.03
862.67
868.90
874.69
880.04
884.94
889.38
893.34
896.83
899.83
902.34
904.36
905.87
906.88
907.38
660.04
671.32
682.52
693.62
704.59
715.42
726.09
736.57
746.85
756.92
766.74
776.31
785.60
794.60
803.29
811.65
819.68
827.34
834.64
841.55
848.06
854.16
859.84
865.09
869.89
874.24
878.13
881.55
884.49
886.95
888.93
890.41
891.40
891.90
649.45
660.49
671.45
682.31
693.06
703.66
714.11
724.38
734.46
744.32
753.95
763.33
772.43
781.26
789.77
797.98
805.84
813.36
820.51
827.29
833.67
839.66
845.23
850.37
855.08
859.35
863.16
866.51
869.40
871.81
873.75
875.20
876.17
876.66
639.05
649.85
660.58
671.21
681.73
692.12
702.35
712.41
722.29
731.95
741.38
750.57
759.50
768.15
776.50
784.54
792.25
799.62
806.64
813.28
819.54
825.41
830.87
835.91
840.53
844.71
848.45
851.74
854.57
856.94
858.84
860.26
861.21
861.69
628.87
639.44
649.93
660.34
670.64
680.81
690.83
700.69
710.36
719.83
729.07
738.08
746.83
755.30
763.49
771.37
778.94
786.16
793.04
799.56
805.70
811.45
816.81
821.75
826.28
830.38
834.05
837.28
840.05
842.37
844.23
845.63
846.57
847.03
618.94
629.28
639.55
649.73
659.81
669.77
679.58
689.24
698.71
707.99
717.05
725.87
734.45
742.76
750.79
758.51
765.93
773.02
779.76
786.15
792.17
797.82
803.07
807.92
812.37
816.39
819.99
823.15
825.87
828.15
829.97
831.35
832.26
832.72
609.28
619.39
629.44
639.41
649.27
659.02
668.63
678.09
687.37
696.46
705.34
713.99
722.40
730.55
738.42
746.00
753.27
760.22
766.83
773.10
779.01
784.54
789.70
794.46
798.82
802.76
806.29
809.40
812.07
814.30
816.09
817.44
818.34
818.79
599.93
609.81
619.64
629.40
639.06
648.60
658.02
667.28
676.38
685.28
693.99
702.47
710.71
718.70
726.42
733.85
740.98
747.80
754.29
760.44
766.24
771.67
776.72
781.40
785.67
789.55
793.01
796.06
798.68
800.87
802.63
803.95
804.83
805.27
590.90
600.57
610.19
619.74
629.19
638.54
647.76
656.84
665.75
674.48
683.01
691.33
699.41
707.25
714.82
722.11
729.11
735.80
742.17
748.20
753.89
759.22
764.19
768.77
772.97
776.77
780.17
783.16
785.74
787.89
789.62
790.92
791.78
792.21
582.22
591.68
601.10
610.45
619.71
628.87
637.90
646.80
655.53
664.09
672.46
680.62
688.55
696.23
703.66
710.82
717.69
724.25
730.50
736.43
742.01
747.25
752.12
756.63
760.75
764.48
767.82
770.76
773.29
775.40
777.10
778.37
779.22
779.65
573.92
583.19
592.41
601.56
610.64
619.61
628.47
637.19
645.76
654.15
662.36
670.36
678.14
685.69
692.98
700.01
706.75
713.20
719.34
725.16
730.64
735.78
740.57
745.00
749.05
752.72
756.00
758.88
761.37
763.44
765.11
766.36
767.20
767.62
566.03
575.11
584.14
593.11
602.00
610.80
619.49
628.04
636.45
644.69
652.74
660.60
668.24
675.65
682.81
689.71
696.33
702.67
708.70
714.42
719.81
724.86
729.57
733.92
737.90
741.51
744.73
747.57
750.01
752.05
753.69
754.92
755.75
756.16
558.58
567.47
576.32
585.12
593.84
602.47
610.99
619.39
627.64
635.73
643.64
651.36
658.86
666.14
673.18
679.96
686.47
692.70
698.63
704.25
709.56
714.53
719.16
723.43
727.35
730.90
734.07
736.86
739.26
741.27
742.88
744.10
744.90
745.31
551.58
560.30
568.98
577.61
586.17
594.65
603.02
611.26
619.37
627.32
635.09
642.68
650.05
657.21
664.13
670.80
677.21
683.33
689.17
694.70
699.92
704.81
709.37
713.58
717.43
720.92
724.05
726.79
729.16
731.14
732.72
733.92
734.71
735.11
545.07
553.63
562.15
570.63
579.03
587.36
595.58
603.69
611.66
619.48
627.12
634.58
641.84
648.89
655.70
662.26
668.57
674.60
680.35
685.80
690.93
695.75
700.24
704.39
708.18
711.62
714.70
717.41
719.74
721.69
723.25
724.43
725.21
725.60
539.07
547.47
555.85
564.18
572.45
580.64
588.73
596.70
604.54
612.24
619.77
627.11
634.26
641.20
647.91
654.38
660.59
666.54
672.20
677.57
682.64
687.39
691.81
695.90
699.64
703.04
706.07
708.74
711.04
712.96
714.50
715.66
716.44
716.82
