562.76
571.07
579.33
587.51
595.61
603.61
611.50
619.25
626.86
634.30
641.57
648.66
655.53
662.20
668.63
674.82
680.76
686.43
691.83
696.94
701.76
706.27
710.47
714.35
717.89
721.11
723.98
726.50
728.67
730.49
731.95
733.04
733.77
734.14
568.26
576.69
585.06
593.37
601.58
609.69
617.68
625.54
633.24
640.79
648.15
655.32
662.29
669.03
675.55
681.82
687.83
693.57
699.03
704.21
709.08
713.65
717.89
721.82
725.41
728.66
731.56
734.12
736.31
738.15
739.63
740.73
741.47
741.84
574.23
582.79
591.29
599.71
608.05
616.28
624.38
632.35
640.17
647.81
655.28
662.55
669.61
676.45
683.05
689.40
695.49
701.31
706.84
712.08
717.02
721.64
725.94
729.92
733.55
736.84
739.78
742.37
744.60
746.46
747.95
749.07
749.82
750.19
580.64
589.34
597.97
606.53
615.00
623.35
631.58
639.67
647.60
655.36
662.94
670.31
677.47
684.41
691.10
697.54
703.71
709.61
715.22
720.53
725.54
730.23
734.59
738.61
742.30
745.63
748.61
751.23
753.49
755.37
756.88
758.02
758.78
759.16
587.47
596.32
605.10
613.80
622.40
630.89
639.25
647.47
655.52
663.40
671.09
678.58
685.85
692.89
699.68
706.21
712.48
718.46
724.15
729.54
734.62
739.37
743.79
747.87
751.61
754.99
758.01
760.67
762.96
764.87
766.40
767.55
768.32
768.71
594.71
603.71
612.64
621.49
630.24
638.87
647.37
655.72
663.90
671.91
679.72
687.33
694.71
701.85
708.75
715.38
721.74
727.82
733.59
739.06
744.21
749.04
753.53
757.67
761.46
764.89
767.96
770.65
772.97
774.91
776.47
777.64
778.42
778.81
602.32
611.48
620.58
629.58
638.48
647.26
655.90
664.39
672.72
680.85
688.79
696.52
704.02
711.28
718.29
725.03
731.49
737.65
743.52
749.07
754.30
759.20
763.76
767.97
771.81
775.30
778.41
781.15
783.50
785.47
787.05
788.24
789.03
789.42
610.28
619.62
628.87
638.04
647.10
656.03
664.83
673.46
681.93
690.21
698.28
706.13
713.76
721.14
728.26
735.11
741.67
747.94
753.90
759.54
764.85
769.83
774.46
778.73
782.64
786.18
789.34
792.12
794.51
796.51
798.11
799.32
800.12
800.52
618.58
628.09
637.52
646.85
656.07
665.17
674.12
682.91
691.52
699.94
708.15
716.14
723.89
731.39
738.63
745.59
752.27
758.64
764.70
770.43
775.83
780.89
785.59
789.93
793.90
797.50
800.71
803.53
805.96
808.00
809.62
810.85
811.67
812.07
627.17
636.86
646.47
655.98
665.37
674.63
683.74
692.69
701.45
710.02
718.37
726.50
734.39
742.02
749.38
756.46
763.24
769.72
775.88
781.71
787.20
792.34
797.12
801.53
805.57
809.23
812.49
815.36
817.83
819.90
821.55
822.80
823.63
824.04
636.05
645.93
655.72
665.40
674.97
684.40
693.67
702.78
711.70
720.42
728.92
737.19
745.22
752.98
760.47
767.67
774.57
781.16
787.42
793.35
798.93
804.16
809.02
813.51
817.61
821.33
824.65
827.57
830.08
832.18
833.86
835.13
835.97
836.39
645.18
655.25
665.22
675.09
684.84
694.44
703.89
713.16
722.24
731.11
739.77
748.18
756.35
764.25
771.87
779.19
786.21
792.92
799.29
805.32
811.00
816.31
821.26
825.82
829.99
833.77
837.15
840.12
842.67
844.81
846.52
847.80
848.66
849.09
654.55
664.81
674.97
685.03
694.95
704.73
714.35
723.79
733.04
742.07
750.88
759.45
767.76
775.80
783.55
791.00
798.15
804.96
811.45
817.58
823.36
828.77
833.80
838.44
842.69
846.53
849.96
852.98
855.58
857.75
859.49
860.80
861.67
862.11
664.12
674.57
684.93
695.18
705.29
715.25
725.05
734.66
744.07
753.27
762.24
770.95
779.41
787.59
795.48
803.07
810.34
817.27
823.87
830.11
835.99
841.49
846.61
851.33
855.65
859.57
863.06
866.13
868.77
870.98
872.75
874.09
874.97
875.42
673.87
684.52
695.08
705.52
715.82
725.96
735.94
745.73
755.31
764.67
773.80
782.68
791.28
799.61
807.64
815.36
822.76
829.82
836.53
842.88
848.86
854.46
859.67
864.47
868.87
872.85
876.41
879.53
882.22
884.47
886.27
887.63
888.53
888.98
683.78
694.64
705.39
716.02
726.52
736.85
747.01
756.97
766.73
776.26
785.55
794.59
803.35
811.82
819.99
827.85
835.38
842.56
849.39
855.86
861.94
867.64
872.94
877.83
882.31
886.36
889.97
893.15
895.89
898.18
900.01
901.39
902.31
902.77
693.83
704.89
715.85
726.68
737.36
747.88
758.22
768.37
778.30
788.01
797.46
806.66
815.57
824.20
832.52
840.51
848.17
855.48
862.43
869.01
875.21
881.00
886.40
891.38
895.93
900.05
903.73
906.97
909.76
912.09
913.95
915.36
916.29
916.76
703.99
715.26
726.42
737.44
748.32
759.04
769.57
779.89
790.00
799.88
809.51
818.86
827.94
836.71
845.18
853.32
861.11
868.55
875.63
882.32
888.62
894.53
900.01
905.08
909.72
913.91
917.66
920.96
923.79
926.16
928.06
929.49
930.44
930.92
714.24
725.72
737.08
748.31
759.39
770.29
781.01
791.52
801.81
811.86
821.66
831.18
840.41
849.34
857.96
866.24
874.17
881.74
888.94
895.76
902.17
908.18
913.76
918.92
923.64
927.91
931.73
935.08
937.97
940.38
942.31
943.77
944.74
945.22
724.57
736.25
747.82
759.25
770.52
781.62
792.53
803.23
813.70
823.92
833.89
843.58
852.98
862.06
870.83
879.25
887.33
895.03
902.36
909.29
915.82
921.93
927.62
932.87
937.67
942.02
945.90
949.32
952.26
954.71
956.68
958.16
959.15
959.64
734.94
746.84
758.61
770.24
781.71
793.00
804.10
814.99
825.64
836.04
846.18
856.04
865.60
874.85
883.76
892.34
900.55
908.39
915.85
922.90
929.55
935.77
941.56
946.90
951.79
956.21
960.17
963.64
966.63
969.14
971.14
972.65
973.65
974.16
745.34
757.45
769.42
781.26
792.93
804.42
815.71
826.78
837.61
848.20
858.51
868.54
878.27
887.67
896.74
905.47
913.82
921.80
929.39
936.57
943.33
949.66
955.55
960.99
965.97
970.47
974.50
978.03
981.08
983.63
985.67
987.20
988.23
988.74
755.75
768.07
780.25
792.29
804.16
815.84
827.32
838.58
849.60
860.37
870.86
881.06
890.95
900.52
909.74
918.62
927.12
935.24
942.95
950.26
957.14
963.59
969.58
975.11
980.18
984.77
988.86
992.47
995.57
998.16
1000.24
1001.80
1002.84
1003.36
766.15
778.67
791.06
803.30
815.37
827.25
838.93
850.38
861.58
872.53
883.20
893.57
903.63
913.36
922.74
931.77
940.41
948.67
956.53
963.96
970.96
977.52
983.62
989.25
994.41
999.08
1003.25
1006.92
1010.07
1012.71
1014.83
1016.42
1017.48
1018.01
776.52
789.25
801.85
814.29
826.56
838.63
850.50
862.14
873.53
884.66
895.50
906.05
916.28
926.17
935.72
944.89
953.69
962.09
970.08
977.64
984.77
991.44
997.65
1003.38
1008.63
1013.38
1017.63
1021.37
1024.58
1027.27
1029.42
1031.04
1032.13
1032.67
786.84
799.78
812.58
825.22
837.69
849.96
862.02
873.85
885.43
896.74
907.76
918.48
928.88
938.94
948.64
957.98
966.92
975.47
983.59
991.29
998.54
1005.33
1011.65
1017.48
1022.83
1027.66
1031.99
1035.79
1039.06
1041.80
1044.00
1045.65
1046.75
1047.30
797.10
810.24
823.24
836.09
848.75
861.22
873.48
885.49
897.26
908.75
919.95
930.85
941.42
951.64
961.51
971.00
980.09
988.78
997.05
1004.88
1012.25
1019.16
1025.59
1031.53
1036.97
1041.89
1046.30
1050.17
1053.50
1056.29
1058.53
1060.21
1061.33
1061.89
807.27
820.61
833.82
846.86
859.73
872.39
884.84
897.05
909.00
920.67
932.05
943.12
953.86
964.26
974.29
983.93
993.18
1002.02
1010.43
1018.39
1025.89
1032.92
1039.47
1045.51
1051.05
1056.06
1060.54
1064.48
1067.88
1070.72
1072.99
1074.71
1075.85
1076.42
817.33
830.89
844.29
857.54
870.60
883.46
896.09
908.49
920.63
932.49
944.05
955.29
966.21
976.77
986.96
996.77
1006.17
1015.15
1023.70
1031.80
1039.43
1046.59
1053.25
1059.40
1065.03
1070.14
1074.70
1078.71
1082.17
1085.06
1087.38
1089.12
1090.29
1090.87
827.28
841.04
854.64
868.09
881.34
894.40
907.22
919.81
932.13
944.17
955.92
967.34
978.42
989.15
999.51
1009.48
1019.04
1028.17
1036.86
1045.10
1052.86
1060.14
1066.92
1073.18
1078.91
1084.11
1088.75
1092.84
1096.36
1099.31
1101.67
1103.44
1104.63
1105.22
837.10
851.05
864.86
878.50
891.95
905.19
918.21
930.98
943.49
955.72
967.64
979.24
990.50
1001.40
1011.92
1022.05
1031.76
1041.05
1049.89
1058.26
1066.16
1073.56
1080.45
1086.83
1092.66
1097.95
1102.68
1106.85
1110.43
1113.43
1115.84
1117.65
1118.85
1119.46
846.77
860.92
874.92
888.75
902.39
915.83
929.04
942.00
954.69
967.10
979.20
990.98
1002.41
1013.48
1024.17
1034.46
1044.33
1053.77
1062.75
1071.27
1079.30
1086.83
1093.85
1100.33
1106.27
1111.66
1116.47
1120.71
1124.36
1127.42
1129.87
1131.71
1132.94
1133.56
856.27
870.61
884.81
898.83
912.67
926.29
939.69
952.83
965.71
978.30
990.58
1002.53
1014.14
1025.38
1036.24
1046.69
1056.72
1066.31
1075.44
1084.10
1092.27
1099.93
1107.07
1113.67
1119.71
1125.20
1130.10
1134.42
1138.14
1141.25
1143.74
1145.62
1146.88
1147.50
865.59
880.12
894.51
908.73
922.75
936.56
950.14
963.48
976.54
989.31
1001.76
1013.89
1025.67
1037.09
1048.11
1058.72
1068.92
1078.66
1087.94
1096.75
1105.05
1112.84
1120.11
1126.82
1132.98
1138.56
1143.55
1147.95
1151.73
1154.90
1157.45
1159.36
1160.64
1161.27
874.71
889.44
904.01
918.42
932.63
946.63
960.39
973.91
987.15
1000.10
1012.74
1025.04
1036.99
1048.58
1059.77
1070.55
1080.90
1090.80
1100.23
1109.18
1117.63
1125.55
1132.94
1139.77
1146.04
1151.72
1156.80
1161.28
1165.14
1168.36
1170.96
1172.91
1174.21
1174.86
883.63
898.54
913.30
927.89
942.28
956.46
970.41
984.11
997.53
1010.66
1023.48
1035.96
1048.08
1059.84
1071.19
1082.14
1092.65
1102.71
1112.30
1121.39
1129.98
1138.03
1145.55
1152.50
1158.88
1164.66
1169.84
1174.40
1178.32
1181.61
1184.25
1186.24
1187.57
1188.23
892.32
907.41
922.36
937.13
951.70
966.07
980.20
994.07
1007.67
1020.98
1033.97
1046.62
1058.92
1070.85
1082.37
1093.48
1104.15
1114.37
1124.11
1133.35
1142.08
1150.27
1157.92
1164.99
1171.48
1177.36
1182.64
1187.28
1191.28
1194.63
1197.32
1199.35
1200.70
1201.37
900.77
916.05
931.17
946.12
960.87
975.41
989.72
1003.77
1017.55
1031.03
1044.20
1057.03
1069.50
1081.59
1093.28
1104.56
1115.39
1125.77
1135.66
1145.05
1153.92
1162.25
1170.02
1177.22
1183.82
1189.81
1195.18
1199.91
1203.99
1207.40
1210.14
1212.20
1213.58
1214.27
908.98
924.43
939.72
954.85
969.78
984.49
998.97
1013.20
1027.15
1040.81
1054.15
1067.15
1079.79
1092.05
1103.91
1115.35
1126.35
1136.88
1146.92
1156.47
1165.48
1173.95
1181.85
1189.17
1195.89
1201.99
1207.45
1212.27
1216.42
1219.90
1222.69
1224.79
1226.19
1226.89
916.92
932.54
948.01
963.30
978.40
993.29
1007.94
1022.34
1036.46
1050.29
1063.80
1076.97
1089.78
1102.21
1114.24
1125.84
1137.00
1147.69
1157.89
1167.58
1176.74
1185.35
1193.38
1200.83
1207.66
1213.87
1219.43
1224.33
1228.56
1232.10
1234.95
1237.09
1238.52
1239.23
924.59
940.37
956.01
971.47
986.74
1001.79
1016.61
1031.18
1045.47
1059.46
1073.14
1086.48
1099.46
1112.05
1124.24
1136.01
1147.33
1158.17
1168.53
1178.37
1187.67
1196.42
1204.59
1212.16
1219.11
1225.43
1231.09
1236.08
1240.38
1243.99
1246.89
1249.07
1250.53
1251.26
931.97
947.91
963.71
979.33
994.76
1009.98
1024.97
1039.70
1054.15
1068.31
1082.16
1095.66
1108.80
1121.56
1133.91
1145.84
1157.32
1168.32
1178.83
1188.82
1198.27
1207.16
1215.46
1223.15
1230.22
1236.65
1242.41
1247.49
1251.87
1255.55
1258.50
1260.72
1262.21
1262.95
939.05
955.15
971.10
986.88
1002.47
1017.85
1032.99
1047.88
1062.50
1076.82
1090.83
1104.49
1117.80
1130.72
1143.23
1155.32
1166.95
1178.11
1188.77
1198.91
1208.50
1217.53
1225.97
1233.79
1240.98
1247.51
1253.37
1258.54
1263.01
1266.75
1269.75
1272.02
1273.53
1274.28
945.81
962.07
978.17
994.10
1009.84
1025.37
1040.67
1055.72
1070.50
1084.98
1099.14
1112.96
1126.42
1139.50
1152.18
1164.42
1176.21
1187.52
1198.33
1208.62
1218.36
1227.52
1236.09
1244.04
1251.35
1257.99
1263.95
1269.21
1273.75
1277.56
1280.62
1282.93
1284.47
1285.24
952.26
968.66
984.90
1000.98
1016.87
1032.55
1048.00
1063.20
1078.13
1092.76
1107.08
1121.05
1134.67
1147.91
1160.73
1173.13
1185.07
1196.54
1207.50
1217.93
1227.81
1237.11
1245.81
1253.88
1261.31
1268.06
1274.12
1279.47
1284.09
1287.97
1291.09
1293.43
1295.00
1295.78
958.37
974.91
991.29
1007.51
1023.54
1039.37
1054.96
1070.31
1085.38
1100.16
1114.62
1128.75
1142.52
1155.90
1168.88
1181.43
1193.52
1205.13
1216.24
1226.82
1236.83
1246.27
1255.10
1263.30
1270.84
1277.70
1283.86
1289.30
1294.00
1297.95
1301.12
1303.50
1305.10
1305.89
964.15
980.81
997.33
1013.68
1029.85
1045.81
1061.54
1077.02
1092.24
1107.16
1121.77
1136.04
1149.95
1163.48
1176.61
1189.30
1201.54
1213.30
1224.54
1235.26
1245.41
1254.98
1263.94
1272.26
1279.92
1286.89
1293.15
1298.67
1303.45
1307.46
1310.68
1313.11
1314.74
1315.55
969.56
986.35
1003.00
1019.48
1035.77
1051.86
1067.72
1083.34
1098.69
1113.75
1128.49
1142.90
1156.96
1170.63
1183.89
1196.73
1209.11
1221.00
1232.39
1243.24
1253.53
1263.23
1272.31
1280.75
1288.52
1295.59
1301.95
1307.56
1312.41
1316.49
1319.77
1322.23
1323.88
1324.71
974.62
991.53
1008.29
1024.89
1041.30
1057.52
1073.50
1089.25
1104.72
1119.91
1134.79
1149.33
1163.51
1177.32
1190.72
1203.69
1216.20
1228.23
1239.75
1250.73
1261.15
1270.97
1280.18
1288.73
1296.61
1303.79
1310.24
1315.93
1320.86
1325.00
1328.33
1330.84
1332.51
1333.35
979.31
996.32
1013.20
1029.91
1046.44
1062.76
1078.87
1094.73
1110.32
1125.63
1140.63
1155.30
1169.61
1183.54
1197.07
1210.17
1222.81
1234.97
1246.62
1257.72
1268.26
1278.21
1287.52
1296.19
1304.17
1311.45
1317.99
1323.77
1328.77
1332.97
1336.35
1338.89
1340.60
1341.45
983.62
1000.73
1017.71
1034.52
1051.16
1067.59
1083.80
1099.77
1115.48
1130.90
1146.02
1160.80
1175.23
1189.29
1202.93
1216.15
1228.91
1241.19
1252.96
1264.19
1274.84
1284.90
1294.33
1303.10
1311.18
1318.55
1325.18
1331.04
1336.11
1340.36
1343.79
1346.38
1348.10
1348.96
987.54
1004.75
1021.81
1038.72
1055.46
1071.99
1088.30
1104.37
1120.18
1135.71
1150.93
1165.83
1180.37
1194.53
1208.29
1221.62
1234.49
1246.89
1258.77
1270.10
1280.87
1291.03
1300.57
1309.44
1317.61
1325.07
1331.78
1337.71
1342.85
1347.16
1350.63
1353.25
1355.00
1355.88
991.07
1008.36
1025.51
1042.51
1059.33
1075.95
1092.35
1108.52
1124.42
1140.05
1155.36
1170.36
1185.00
1199.26
1213.12
1226.56
1239.54
1252.03
1264.01
1275.45
1286.32
1296.59
1306.21
1315.18
1323.44
1330.98
1337.77
1343.77
1348.96
1353.33
1356.84
1359.49
1361.27
1362.15
994.20
1011.56
1028.79
1045.86
1062.76
1079.46
1095.95
1112.20
1128.19
1143.89
1159.30
1174.38
1189.11
1203.47
1217.42
1230.95
1244.03
1256.61
1268.69
1280.22
1291.18
1301.54
1311.25
1320.30
1328.65
1336.26
1343.11
1349.18
1354.43
1358.84
1362.40
1365.08
1366.87
1367.76
996.92
1014.35
1031.65
1048.79
1065.75
1082.52
1099.08
1115.40
1131.47
1147.25
1162.73
1177.89
1192.70
1207.14
1221.18
1234.79
1247.95
1260.62
1272.78
1284.39
1295.44
1305.87
1315.66
1324.78
1333.20
1340.88
1347.80
1353.92
1359.22
1363.68
1367.27
1369.97
1371.78
1372.69
999.23
1016.72
1034.07
1051.27
1068.29
1085.13
1101.74
1118.13
1134.25
1150.10
1165.65
1180.88
1195.76
1210.27
1224.37
1238.06
1251.28
1264.03
1276.26
1287.95
1299.06
1309.56
1319.43
1328.61
1337.09
1344.83
1351.80
1357.97
1363.32
1367.81
1371.43
1374.16
1375.98
1376.90
1001.13
1018.66
1036.06
1053.31
1070.38
1087.26
1103.93
1120.37
1136.55
1152.45
1168.05
1183.34
1198.27
1212.84
1227.00
1240.74
1254.03
1266.84
1279.13
1290.88
1302.05
1312.61
1322.53
1331.77
1340.30
1348.09
1355.11
1361.32
1366.70
1371.22
1374.87
1377.62
1379.45
1380.37
1002.61
1020.18
1037.61
1054.90
1072.01
1088.93
1105.64
1122.11
1138.33
1154.28
1169.93
1185.25
1200.23
1214.84
1229.06
1242.84
1256.18
1269.03
1281.37
1293.17
1304.38
1314.99
1324.95
1334.24
1342.81
1350.64
1357.69
1363.93
1369.34
1373.89
1377.56
1380.32
1382.17
1383.10
1003.67
1021.26
1038.73
1056.03
1073.17
1090.12
1106.86
1123.36
1139.61
1155.59
1171.27
1186.63
1201.64
1216.28
1230.53
1244.35
1257.72
1270.61
1282.98
1294.81
1306.06
1316.70
1326.69
1336.01
1344.61
1352.47
1359.55
1365.81
1371.24
1375.81
1379.49
1382.27
1384.12
1385.05
1004.31
1021.91
1039.39
1056.72
1073.87
1090.84
1107.59
1124.11
1140.38
1156.38
1172.07
1187.45
1202.48
1217.15
1231.41
1245.25
1258.64
1271.55
1283.95
1295.79
1307.07
1317.73
1327.74
1337.08
1345.70
1353.57
1360.66
1366.94
1372.39
1376.96
1380.65
1383.44
1385.30
1386.23
1004.52
1022.13
1039.61
1056.95
1074.11
1091.08
1107.83
1124.36
1140.64
1156.64
1172.34
1187.73
1202.76
1217.43
1231.71
1245.55
1258.95
1271.87
1284.27
1296.12
1307.40
1318.07
1328.09
1337.43
1346.06
1353.94
1361.03
1367.32
1372.77
1377.35
1381.04
1383.83
1385.69
1386.62
1004.30
1021.91
1039.39
1056.72
1073.87
1090.84
1107.59
1124.11
1140.38
1156.37
1172.07
1187.45
1202.48
1217.14
1231.41
1245.25
1258.64
1271.55
1283.94
1295.79
1307.06
1317.72
1327.74
1337.07
1345.69
1353.57
1360.66
1366.94
1372.38
1376.96
1380.65
1383.43
1385.29
1386.22
1003.67
1021.26
1038.72
1056.03
1073.17
1090.12
1106.85
1123.36
1139.61
1155.59
1171.26
1186.62
1201.63
1216.28
1230.52
1244.34
1257.71
1270.60
1282.97
1294.80
1306.05
1316.69
1326.69
1336.00
1344.61
1352.46
1359.54
1365.81
1371.24
1375.80
1379.48
1382.26
1384.12
1385.04
1002.61
1020.17
1037.61
1054.89
1072.00
1088.92
1105.63
1122.11
1138.33
1154.27
1169.92
1185.25
1200.23
1214.84
1229.05
1242.84
1256.17
1269.03
1281.36
1293.16
1304.38
1314.98
1324.95
1334.23
1342.80
1350.63
1357.68
1363.93
1369.33
1373.88
1377.55
1380.31
1382.16
1383.09
1001.12
1018.66
1036.06
1053.30
1070.37
1087.26
1103.92
1120.36
1136.54
1152.44
1168.05
1183.33
1198.26
1212.83
1226.99
1240.74
1254.02
1266.83
1279.12
1290.87
1302.04
1312.60
1322.52
1331.76
1340.29
1348.08
1355.09
1361.31
1366.69
1371.21
1374.85
1377.60
1379.44
1380.36
999.22
1016.71
1034.06
1051.26
1068.29
1085.12
1101.73
1118.12
1134.24
1150.09
1165.64
1180.87
1195.75
1210.26
1224.36
1238.05
1251.27
1264.02
1276.25
1287.94
1299.05
1309.55
1319.41
1328.60
1337.08
1344.82
1351.79
1357.96
1363.30
1367.80
1371.42
1374.14
1375.97
1376.88
996.91
1014.34
1031.64
1048.78
1065.74
1082.51
1099.07
1115.39
1131.45
1147.24
1162.72
1177.88
1192.69
1207.13
1221.16
1234.78
1247.93
1260.60
1272.76
1284.38
1295.42
1305.85
1315.65
1324.77
1333.19
1340.87
1347.78
1353.90
1359.20
1363.66
1367.25
1369.96
1371.77
1372.67
994.19
1011.55
1028.78
1045.85
1062.75
1079.45
1095.94
1112.18
1128.17
1143.88
1159.29
1174.37
1189.10
1203.45
1217.41
1230.94
1244.01
1256.60
1268.67
1280.21
1291.17
1301.52
1311.23
1320.28
1328.63
1336.24
1343.09
1349.16
1354.41
1358.82
1362.38
1365.06
1366.85
1367.74
991.05
1008.35
1025.50
1042.49
1059.31
1075.93
1092.34
1108.50
1124.41
1140.03
1155.35
1170.34
1184.98
1199.24
1213.11
1226.54
1239.52
1252.01
1264.00
1275.44
1286.30
1296.57
1306.19
1315.16
1323.42
1330.96
1337.74
1343.75
1348.94
1353.31
1356.82
1359.47
1361.24
1362.13
987.52
1004.73
1021.80
1038.71
1055.44
1071.97
1088.28
1104.36
1120.17
1135.69
1150.92
1165.81
1180.35
1194.51
1208.27
1221.60
1234.47
1246.87
1258.74
1270.08
1280.85
1291.01
1300.54
1309.41
1317.59
1325.05
1331.76
1337.69
1342.82
1347.14
1350.61
1353.23
1354.98
1355.85
983.60
1000.72
1017.69
1034.50
1051.14
1067.57
1083.78
1099.76
1115.46
1130.88
1146.00
1160.78
1175.21
1189.26
1202.91
1216.13
1228.89
1241.17
1252.94
1264.16
1274.82
1284.87
1294.30
1303.07
1311.16
1318.53
1325.15
1331.01
1336.08
1340.34
1343.76
1346.35
1348.07
1348.94
979.29
996.31
1013.18
1029.89
1046.42
1062.74
1078.85
1094.71
1110.30
1125.61
1140.61
1155.28
1169.59
1183.52
1197.05
1210.15
1222.79
1234.94
1246.59
1257.70
1268.24
1278.18
1287.50
1296.16
1304.14
1311.42
1317.96
1323.74
1328.74
1332.94
1336.32
1338.86
1340.57
1341.42
974.60
991.51
1008.27
1024.87
1041.28
1057.50
1073.48
1089.22
1104.70
1119.89
1134.76
1149.30
1163.49
1177.30
1190.69
1203.66
1216.18
1228.20
1239.72
1250.71
1261.12
1270.94
1280.15
1288.70
1296.58
1303.75
1310.20
1315.90
1320.83
1324.97
1328.30
1330.80
1332.48
1333.32
969.55
986.33
1002.98
1019.46
1035.75
1051.84
1067.70
1083.32
1098.67
1113.72
1128.47
1142.88
1156.93
1170.60
1183.87
1196.70
1209.08
1220.97
1232.36
1243.21
1253.50
1263.19
1272.28
1280.71
1288.48
1295.56
1301.91
1307.53
1312.38
1316.45
1319.73
1322.20
1323.85
1324.67
964.13
980.79
997.31
1013.66
1029.83
1045.78
1061.52
1077.00
1092.21
1107.13
1121.74
1136.01
1149.93
1163.46
1176.58
1189.27
1201.51
1213.26
1224.51
1235.23
1245.38
1254.95
1263.91
1272.23
1279.88
1286.85
1293.11
1298.64
1303.42
1307.42
1310.65
1313.08
1314.70
1315.51
958.35
974.89
991.27
1007.49
1023.52
1039.34
1054.94
1070.28
1085.35
1100.13
1114.60
1128.72
1142.49
1155.87
1168.85
1181.40
1193.49
1205.10
1216.21
1226.78
1236.80
1246.24
1255.07
1263.26
1270.80
1277.67
1283.83
1289.27
1293.96
1297.91
1301.08
1303.46
1305.06
1305.86
952.24
968.63
984.88
1000.96
1016.85
1032.53
1047.98
1063.17
1078.10
1092.73
1107.05
1121.02
1134.64
1147.87
1160.70
1173.10
1185.04
1196.50
1207.46
1217.89
1227.77
1237.07
1245.77
1253.85
1261.27
1268.02
1274.08
1279.43
1284.05
1287.93
1291.05
1293.39
1294.96
1295.74
945.79
962.04
978.14
994.07
1009.82
1025.35
1040.65
1055.69
1070.47
1084.94
1099.11
1112.93
1126.39
1139.47
1152.14
1164.39
1176.17
1187.49
1198.30
1208.58
1218.32
1227.48
1236.05
1244.00
1251.31
1257.95
1263.91
1269.17
1273.71
1277.52
1280.58
1282.89
1284.42
1285.19
939.02
955.12
971.07
986.85
1002.44
1017.82
1032.96
1047.85
1062.47
1076.79
1090.79
1104.46
1117.76
1130.68
1143.20
1155.28
1166.92
1178.07
1188.73
1198.87
1208.47
1217.49
1225.92
1233.75
1240.94
1247.47
1253.33
1258.50
1262.96
1266.70
1269.71
1271.97
1273.48
1274.24
931.94
947.88
963.68
979.30
994.73
1009.95
1024.93
1039.66
1054.12
1068.28
1082.12
1095.62
1108.77
1121.52
1133.88
1145.80
1157.28
1168.28
1178.79
1188.78
1198.23
1207.11
1215.42
1223.11
1230.18
1236.61
1242.37
1247.44
1251.83
1255.50
1258.45
1260.68
1262.16
1262.90
924.56
940.34
955.98
971.44
986.70
1001.76
1016.58
1031.14
1045.44
1059.43
1073.11
1086.44
1099.42
1112.01
1124.21
1135.97
1147.29
1158.13
1168.49
1178.33
1187.63
1196.38
1204.55
1212.12
1219.07
1225.38
1231.04
1236.03
1240.34
1243.94
1246.84
1249.02
1250.48
1251.21
916.89
932.51
947.98
963.27
978.37
993.26
1007.91
1022.31
1036.43
1050.25
1063.76
1076.93
1089.74
1102.17
1114.20
1125.80
1136.96
1147.64
1157.84
1167.53
1176.69
1185.30
1193.34
1200.78
1207.61
1213.82
1219.38
1224.28
1228.51
1232.05
1234.90
1237.04
1238.47
1239.18
908.95
924.40
939.69
954.81
969.74
984.46
998.94
1013.17
1027.12
1040.77
1054.11
1067.11
1079.75
1092.01
1103.87
1115.31
1126.30
1136.83
1146.88
1156.42
1165.43
1173.90
1181.81
1189.12
1195.84
1201.94
1207.40
1212.22
1216.37
1219.84
1222.64
1224.74
1226.14
1226.84
900.74
916.02
931.14
946.08
960.84
975.38
989.68
1003.74
1017.51
1030.99
1044.16
1056.98
1069.46
1081.55
1093.24
1104.51
1115.35
1125.72
1135.61
1145.00
1153.87
1162.20
1169.98
1177.17
1183.77
1189.76
1195.13
1199.86
1203.93
1207.35
1210.09
1212.15
1213.53
1214.21
892.29
907.38
922.32
937.09
951.67
966.03
980.16
994.03
1007.63
1020.94
1033.93
1046.58
1058.88
1070.80
1082.33
1093.44
1104.11
1114.32
1124.06
1133.30
1142.03
1150.23
1157.87
1164.94
1171.43
1177.31
1182.58
1187.23
1191.23
1194.58
1197.27
1199.29
1200.64
1201.32
883.59
898.50
913.26
927.85
942.25
956.43
970.38
984.07
997.49
1010.62
1023.43
1035.91
1048.04
1059.79
1071.15
1082.09
1092.60
1102.66
1112.25
1121.34
1129.93
1137.98
1145.50
1152.45
1158.82
1164.61
1169.78
1174.34
1178.27
1181.56
1184.20
1186.19
1187.51
1188.17
874.68
889.40
903.98
918.38
932.59
946.59
960.35
973.87
987.11
1000.06
1012.69
1025.00
1036.95
1048.53
1059.72
1070.50
1080.85
1090.75
1100.18
1109.13
1117.58
1125.50
1132.89
1139.72
1145.98
1151.66
1156.75
1161.22
1165.08
1168.31
1170.90
1172.85
1174.15
1174.80
865.55
880.09
894.47
908.69
922.71
936.52
950.10
963.43
976.49
989.26
1001.72
1013.85
1025.63
1037.04
1048.06
1058.68
1068.87
1078.61
1087.89
1096.70
1105.00
1112.79
1120.05
1126.77
1132.92
1138.50
1143.49
1147.89
1151.68
1154.85
1157.39
1159.30
1160.58
1161.22
856.23
870.57
884.77
898.79
912.63
926.25
939.65
952.79
965.67
978.26
990.54
1002.49
1014.09
1025.33
1036.19
1046.64
1056.67
1066.26
1075.39
1084.05
1092.22
1099.88
1107.01
1113.61
1119.66
1125.14
1130.04
1134.36
1138.08
1141.19
1143.69
1145.56
1146.82
1147.44
846.73
860.88
874.88
888.71
902.35
915.79
929.00
941.95
954.65
967.05
979.15
990.93
1002.36
1013.43
1024.12
1034.41
1044.28
1053.71
1062.70
1071.21
1079.25
1086.78
1093.79
1100.27
1106.21
1111.60
1116.42
1120.65
1124.30
1127.36
1129.81
1131.65
1132.88
1133.50
837.06
851.01
864.82
878.46
891.91
905.15
918.17
930.94
943.45
955.67
967.59
979.19
990.45
1001.35
1011.87
1021.99
1031.71
1040.99
1049.83
1058.21
1066.10
1073.50
1080.40
1086.77
1092.61
1097.90
1102.63
1106.79
1110.37
1113.37
1115.78
1117.59
1118.79
1119.40
827.24
841.00
854.60
868.04
881.30
894.35
907.18
919.76
932.09
944.13
955.87
967.29
978.37
989.10
999.46
1009.42
1018.98
1028.12
1036.81
1045.04
1052.81
1060.08
1066.86
1073.12
1078.85
1084.05
1088.69
1092.78
1096.30
1099.25
1101.61
1103.38
1104.57
1105.16
817.29
830.84
844.25
857.49
870.55
883.41
896.05
908.44
920.58
932.44
944.00
955.24
966.16
976.72
986.91
996.71
1006.12
1015.10
1023.65
1031.74
1039.38
1046.53
1053.19
1059.34
1064.97
1070.08
1074.64
1078.65
1082.11
1085.00
1087.32
1089.06
1090.23
1090.81
807.22
820.57
833.78
846.82
859.68
872.35
884.79
897.00
908.95
920.62
932.00
943.07
953.81
964.20
974.23
983.88
993.13
1001.96
1010.37
1018.33
1025.83
1032.86
1039.41
1045.45
1050.98
1056.00
1060.48
1064.42
1067.82
1070.65
1072.93
1074.64
1075.78
1076.35
797.05
810.20
823.20
836.04
848.71
861.18
873.43
885.45
897.21
908.70
919.90
930.79
941.36
951.59
961.45
970.94
980.04
988.73
996.99
1004.82
1012.19
1019.10
1025.53
1031.47
1036.91
1041.83
1046.24
1050.11
1053.44
1056.23
1058.46
1060.14
1061.26
1061.82
786.80
799.74
812.53
825.18
837.64
849.92
861.98
873.80
885.38
896.69
907.71
918.43
928.83
938.88
948.59
957.92
966.87
975.41
983.53
991.23
998.48
1005.27
1011.59
1017.42
1022.76
1027.60
1031.92
1035.73
1039.00
1041.74
1043.93
1045.58
1046.68
1047.23
776.48
789.21
801.80
814.24
826.51
838.59
850.45
862.09
873.48
884.61
895.45
905.99
916.22
926.12
935.66
944.84
953.63
962.03
970.02
977.58
984.71
991.38
997.59
1003.32
1008.57
1013.32
1017.57
1021.30
1024.52
1027.20
1029.36
1030.98
1032.06
1032.60
766.11
778.63
791.02
803.26
815.32
827.20
838.88
850.33
861.53
872.48
883.14
893.51
903.57
913.30
922.68
931.71
940.36
948.61
956.46
963.90
970.90
977.46
983.56
989.19
994.35
999.01
1003.18
1006.85
1010.01
1012.65
1014.77
1016.36
1017.42
1017.95
755.71
768.02
780.20
792.24
804.11
815.79
827.27
838.53
849.55
860.31
870.80
881.00
890.89
900.46
909.69
918.56
927.06
935.18
942.89
950.20
957.08
963.52
969.52
975.05
980.12
984.70
988.80
992.40
995.50
998.09
1000.17
1001.73
1002.78
1003.30
745.30
757.40
769.38
781.21
792.88
804.37
815.65
826.73
837.56
848.14
858.46
868.49
878.21
887.61
896.69
905.41
913.76
921.74
929.33
936.51
943.27
949.60
955.49
960.92
965.90
970.40
974.43
977.97
981.01
983.56
985.60
987.14
988.16
988.67
734.90
746.79
758.56
770.19
781.66
792.95
804.05
814.93
825.58
835.99
846.13
855.98
865.54
874.79
883.71
892.28
900.49
908.33
915.79
922.84
929.48
935.71
941.49
946.83
951.72
956.15
960.10
963.58
966.57
969.07
971.07
972.58
973.59
974.09
724.52
736.21
747.77
759.20
770.47
781.57
792.48
803.17
813.64
823.87
833.83
843.52
852.92
862.00
870.77
879.19
887.26
894.97
902.30
909.23
915.76
921.87
927.55
932.80
937.60
941.95
945.83
949.25
952.19
954.64
956.61
958.09
959.08
959.57
714.20
725.67
737.03
748.26
759.33
770.24
780.96
791.47
801.76
811.81
821.60
831.12
840.35
849.28
857.90
866.18
874.11
881.68
888.88
895.69
902.11
908.11
913.70
918.85
923.57
927.84
931.66
935.01
937.90
940.31
942.24
943.70
944.67
945.15
703.94
715.21
726.37
737.39
748.27
758.98
769.51
779.84
789.95
799.82
809.45
818.80
827.88
836.65
845.12
853.25
861.05
868.49
875.56
882.26
888.56
894.46
899.95
905.01
909.65
913.84
917.59
920.89
923.72
926.09
927.99
929.42
930.37
930.85
693.78
704.84
715.80
726.62
737.31
747.83
758.17
768.32
778.25
787.95
797.40
806.60
815.51
824.14
832.45
840.45
848.11
855.42
862.37
868.95
875.14
880.94
886.33
891.31
895.86
899.98
903.66
906.90
909.69
912.01
913.88
915.28
916.22
916.69
683.73
694.59
705.34
715.97
726.46
736.80
746.95
756.92
766.67
776.20
785.49
794.53
803.29
811.76
819.93
827.79
835.31
842.50
849.33
855.79
861.87
867.57
872.87
877.76
882.24
886.29
889.90
893.08
895.82
898.11
899.94
901.32
902.24
902.70
673.82
684.48
695.03
705.47
715.76
725.91
735.88
745.67
755.25
764.62
773.74
782.62
791.22
799.55
807.58
815.30
822.69
829.75
836.46
842.81
848.79
854.39
859.60
864.40
868.80
872.78
876.33
879.46
882.15
884.40
886.20
887.55
888.46
888.91
664.07
674.52
684.88
695.12
705.23
715.20
724.99
734.60
744.01
753.21
762.18
770.89
779.35
787.53
795.42
803.00
810.27
817.21
823.80
830.04
835.92
841.42
846.54
851.26
855.58
859.49
862.99
866.06
868.70
870.91
872.68
874.01
874.90
875.34
654.50
664.76
674.92
684.97
694.90
704.68
714.30
723.74
732.98
742.01
750.82
759.39
767.70
775.73
783.48
790.94
798.08
804.90
811.38
817.51
823.29
828.70
833.73
838.37
842.61
846.46
849.89
852.91
855.51
857.68
859.42
860.73
861.60
862.04
645.13
655.20
665.17
675.04
684.78
694.39
703.83
713.10
722.18
731.05
739.71
748.12
756.29
764.18
771.80
779.13
786.15
792.85
799.22
805.25
810.93
816.24
821.18
825.75
829.92
833.70
837.08
840.04
842.60
844.73
846.44
847.73
848.59
849.02
636.00
645.88
655.66
665.35
674.91
684.34
693.62
702.72
711.64
720.36
728.86
737.13
745.15
752.91
760.40
767.60
774.50
781.09
787.35
793.28
798.86
804.09
808.95
813.44
817.54
821.26
824.58
827.49
830.00
832.10
833.79
835.05
835.89
836.32
627.12
636.81
646.42
655.93
665.32
674.58
683.68
692.63
701.39
709.96
718.31
726.44
734.32
741.95
749.31
756.39
763.18
769.65
775.81
781.64
787.13
792.27
797.05
801.46
805.50
809.15
812.42
815.29
817.76
819.82
821.48
822.72
823.55
823.97
618.53
628.03
637.46
646.80
656.02
665.11
674.06
682.85
691.46
699.88
708.09
716.07
723.83
731.33
738.57
745.53
752.20
758.57
764.63
770.36
775.76
780.81
785.52
789.86
793.83
797.42
800.64
803.46
805.89
807.92
809.55
810.77
811.59
812.00
610.23
619.57
628.82
637.99
647.05
655.98
664.77
673.41
681.87
690.14
698.22
706.07
713.70
721.07
728.19
735.04
741.60
747.87
753.83
759.47
764.78
769.76
774.38
778.66
782.57
786.10
789.26
792.04
794.43
796.43
798.04
799.24
800.05
800.45
602.27
611.43
620.52
629.53
638.43
647.20
655.85
664.33
672.66
680.79
688.73
696.46
703.96
711.22
718.22
724.96
731.42
737.58
743.45
749.00
754.23
759.13
763.69
767.89
771.74
775.22
778.34
781.07
783.43
785.39
786.97
788.16
788.95
789.35
594.66
603.66
612.59
621.44
630.18
638.81
647.31
655.66
663.84
671.85
679.66
687.26
694.64
701.79
708.68
715.32
721.67
727.75
733.52
738.99
744.14
748.97
753.45
757.59
761.38
764.82
767.88
770.58
772.90
774.84
776.39
777.56
778.34
778.73
587.42
596.27
605.05
613.75
622.35
630.84
639.19
647.41
655.46
663.34
671.03
678.52
685.78
692.82
699.61
706.14
712.41
718.39
724.08
729.47
734.54
739.30
743.72
747.80
751.53
754.92
757.94
760.59
762.88
764.79
766.32
767.48
768.24
768.63
580.59
589.28
597.92
606.48
614.94
623.29
631.52
639.61
647.54
655.30
662.87
670.25
677.41
684.34
691.03
697.47
703.64
709.54
715.15
720.46
725.47
730.15
734.51
738.54
742.22
745.56
748.54
751.16
753.41
755.29
756.81
757.94
758.70
759.08
574.18
582.73
591.23
599.66
607.99
616.22
624.32
632.29
640.11
647.75
655.22
662.49
669.54
676.38
682.98
689.33
695.42
701.23
706.77
712.01
716.94
721.57
725.87
729.84
733.48
736.77
739.71
742.29
744.52
746.38
747.87
748.99
749.74
750.11
568.21
576.64
585.01
593.31
601.52
609.63
617.62
625.48
633.18
640.72
648.09
655.26
662.22
668.97
675.48
681.75
687.76
693.50
698.96
704.13
709.01
713.57
717.82
721.74
725.33
728.58
731.49
734.04
736.24
738.07
739.55
740.66
741.39
741.76
562.71
571.02
579.28
587.46
595.56
603.56
611.44
619.19
626.80
634.24
641.51
648.59
655.47
662.13
668.56
674.75
680.69
686.36
691.76
696.87
701.69
706.20
710.39
714.27
717.82
721.03
723.90
726.42
728.60
730.41
731.87
732.96
733.69
734.06
561.87
570.19
578.45
586.64
594.75
602.76
610.65
618.41
626.03
633.49
640.77
647.86
654.75
661.42
667.87
674.07
680.02
685.70
691.11
696.23
701.06
705.58
709.79
713.67
717.23
720.45
723.33
725.86
728.04
729.86
731.32
732.41
733.15
733.51
567.39
575.83
584.21
592.52
600.74
608.86
616.86
624.73
632.44
640.00
647.37
654.56
661.54
668.29
674.82
681.10
687.12
692.88
698.35
703.53
708.42
713.00
717.25
721.18
724.78
728.04
730.95
733.51
735.71
737.56
739.03
740.14
740.89
741.26
573.38
581.94
590.45
598.89
607.23
615.47
623.59
631.57
639.40
647.06
654.54
661.82
668.89
675.74
682.35
688.72
694.82
700.65
706.20
711.45
716.40
721.03
725.34
729.32
732.97
736.27
739.22
741.81
744.04
745.90
747.40
748.52
749.27
749.65
579.81
588.52
597.16
605.73
614.21
622.58
630.82
638.92
646.86
654.64
662.23
669.62
676.79
683.74
690.44
696.90
703.09
709.00
714.62
719.94
724.96
729.66
734.03
738.06
741.76
745.10
748.09
750.71
752.97
754.86
756.38
757.52
758.28
758.66
586.67
595.53
604.32
613.03
621.64
630.15
638.52
646.75
654.82
662.71
670.42
677.92
685.20
692.26
699.06
705.61
711.89
717.89
723.59
728.99
734.08
738.84
743.28
747.37
751.12
754.51
757.54
760.20
762.49
764.41
765.95
767.10
767.87
768.26
593.93
602.94
611.89
620.75
629.51
638.16
646.67
655.04
663.24
671.26
679.09
686.71
694.10
701.26
708.18
714.82
721.20
727.29
733.08
738.56
743.72
748.56
753.06
757.21
761.01
764.46
767.53
770.23
772.56
774.50
776.06
777.23
778.02
778.41
601.57
610.75
619.85
628.87
637.79
646.58
655.24
663.75
672.08
680.24
688.20
695.94
703.46
710.73
717.76
724.51
730.99
737.17
743.05
748.62
753.86
758.77
763.34
767.56
771.42
774.91
778.03
780.78
783.14
785.11
786.70
787.89
788.68
789.08
609.56
618.91
628.18
637.37
646.44
655.39
664.20
672.86
681.34
689.63
697.72
705.60
713.24
720.63
727.77
734.64
741.22
747.50
753.48
759.14
764.46
769.45
774.09
778.38
782.30
785.85
789.02
791.80
794.20
796.21
797.82
799.02
799.83
800.23
617.88
627.41
636.86
646.21
655.45
664.56
673.53
682.33
690.96
699.40
707.63
715.64
723.41
730.94
738.19
745.17
751.86
758.25
764.33
770.08
775.49
780.56
785.28
789.63
793.61
797.22
800.44
803.28
805.71
807.75
809.38
810.61
811.43
811.84
626.51
636.22
645.84
655.37
664.78
674.06
683.19
692.15
700.94
709.53
717.90
726.05
733.96
741.61
748.99
756.09
762.89
769.38
775.56
781.41
786.91
792.07
796.86
801.29
805.34
809.01
812.28
815.16
817.64
819.71
821.37
822.62
823.45
823.86
635.42
645.31
655.12
664.83
674.41
683.86
693.16
702.29
711.23
719.97
728.49
736.79
744.83
752.61
760.12
767.35
774.27
780.87
787.15
793.10
798.70
803.94
808.82
813.32
817.44
821.16
824.50
827.42
829.94
832.05
833.74
835.00
835.85
836.27
644.58
654.67
664.67
674.55
684.32
693.95
703.41
712.71
721.81
730.71
739.39
747.82
756.01
763.93
771.57
778.92
785.96
792.68
799.07
805.12
810.82
816.15
821.11
825.69
829.88
833.67
837.06
840.03
842.59
844.74
846.45
847.74
848.61
849.04
653.98
664.26
674.45
684.52
694.47
704.28
713.92
723.39
732.66
741.71
750.55
759.14
767.47
775.53
783.31
790.78
797.95
804.79
811.29
817.44
823.24
828.66
833.71
838.37
842.63
846.48
849.93
852.96
855.56
857.74
859.49
860.80
861.68
862.12
663.58
674.06
684.44
694.71
704.85
714.83
724.66
734.29
743.73
752.96
761.95
770.69
779.17
787.38
795.29
802.90
810.19
817.15
823.77
830.03
835.93
841.45
846.58
851.32
855.66
859.58
863.09
866.17
868.82
871.04
872.81
874.15
875.04
875.49
673.37
684.05
694.63
705.09
715.42
725.59
735.59
745.41
755.02
764.41
773.56
782.46
791.09
799.45
807.50
815.24
822.66
829.75
836.48
842.85
848.85
854.47
859.70
864.52
868.93
872.93
876.49
879.63
882.33
884.58
886.39
887.75
888.66
889.11
683.31
694.20
704.98
715.64
726.15
736.52
746.70
756.70
766.48
776.04
785.36
794.42
803.21
811.71
819.91
827.79
835.34
842.55
849.40
855.89
861.99
867.71
873.03
877.94
882.43
886.49
890.12
893.32
896.06
898.36
900.20
901.58
902.51
902.97
693.40
704.49
715.47
726.32
737.04
747.59
757.96
768.14
778.10
787.83
797.32
806.54
815.48
824.14
832.48
840.50
848.19
855.52
862.50
869.10
875.32
881.14
886.55
891.54
896.11
900.25
903.95
907.20
909.99
912.33
914.20
915.61
916.55
917.02
703.59
714.89
726.08
737.13
748.04
758.79
769.35
779.70
789.85
799.75
809.41
818.79
827.90
836.70
845.20
853.36
861.18
868.65
875.75
882.47
888.79
894.72
900.23
905.31
909.96
914.17
917.94
921.24
924.09
926.47
928.38
929.81
930.77
931.25
713.88
725.39
736.78
748.04
759.14
770.08
780.83
791.37
801.70
811.78
821.61
831.16
840.42
849.39
858.03
866.34
874.30
881.90
889.12
895.96
902.40
908.43
914.04
919.21
923.95
928.24
932.07
935.43
938.33
940.75
942.69
944.15
945.13
945.61
724.24
735.95
747.55
759.01
770.32
781.45
792.39
803.12
813.63
823.89
833.89
843.61
853.04
862.16
870.95
879.41
887.51
895.24
902.60
909.56
916.11
922.25
927.95
933.22
938.04
942.41
946.31
949.73
952.68
955.15
957.13
958.61
959.61
960.10
734.65
746.57
758.38
770.04
781.55
792.88
804.01
814.93
825.62
836.06
846.23
856.12
865.71
874.99
883.94
892.55
900.79
908.66
916.14
923.23
929.90
936.14
941.95
947.32
952.22
956.67
960.64
964.13
967.13
969.64
971.65
973.17
974.18
974.68
745.08
757.22
769.23
781.10
792.81
804.33
815.66
826.76
837.64
848.26
858.61
868.67
878.43
887.87
896.98
905.73
914.12
922.13
929.74
936.95
943.74
950.09
956.01
961.47
966.46
970.99
975.03
978.58
981.64
984.20
986.25
987.79
988.82
989.33
755.53
767.87
780.09
792.17
804.07
815.80
827.32
838.61
849.67
860.47
871.00
881.24
891.16
900.77
910.03
918.93
927.47
935.62
943.37
950.70
957.61
964.08
970.10
975.66
980.74
985.35
989.46
993.08
996.19
998.80
1000.89
1002.46
1003.50
1004.03
765.96
778.52
790.94
803.22
815.33
827.25
838.96
850.45
861.70
872.68
883.39
893.79
903.89
913.66
923.08
932.14
940.82
949.11
957.00
964.46
971.49
978.07
984.20
989.86
995.04
999.72
1003.91
1007.60
1010.77
1013.42
1015.55
1017.15
1018.21
1018.74
776.36
789.13
801.76
814.24
826.55
838.67
850.58
862.26
873.69
884.86
895.74
906.33
916.59
926.52
936.11
945.32
954.15
962.59
970.61
978.20
985.36
992.06
998.29
1004.05
1009.32
1014.10
1018.36
1022.11
1025.34
1028.04
1030.21
1031.84
1032.92
1033.46
786.72
799.69
812.53
825.22
837.73
850.04
862.14
874.01
885.63
896.98
908.05
918.81
929.25
939.34
949.09
958.46
967.44
976.02
984.18
991.91
999.19
1006.01
1012.35
1018.22
1023.58
1028.44
1032.78
1036.60
1039.89
1042.64
1044.85
1046.51
1047.61
1048.16
797.00
810.19
823.23
836.12
848.83
861.34
873.64
885.70
897.51
909.04
920.29
931.22
941.83
952.10
962.00
971.53
980.67
989.39
997.69
1005.56
1012.96
1019.90
1026.36
1032.33
1037.79
1042.74
1047.16
1051.05
1054.40
1057.20
1059.45
1061.14
1062.26
1062.83
807.20
820.60
833.85
846.93
859.84
872.55
885.04
897.29
909.29
921.01
932.43
943.55
954.33
964.77
974.84
984.52
993.81
1002.69
1011.13
1019.13
1026.66
1033.72
1040.30
1046.37
1051.93
1056.97
1061.47
1065.43
1068.84
1071.70
1073.99
1075.71
1076.85
1077.43
817.31
830.90
844.35
857.64
870.75
883.66
896.34
908.78
920.96
932.87
944.47
955.77
966.72
977.33
987.56
997.41
1006.85
1015.88
1024.46
1032.60
1040.27
1047.45
1054.14
1060.32
1065.99
1071.11
1075.70
1079.73
1083.21
1086.11
1088.44
1090.20
1091.37
1091.95
827.29
841.09
854.74
868.23
881.53
894.63
907.51
920.14
932.51
944.60
956.39
967.86
978.99
989.76
1000.16
1010.17
1019.78
1028.95
1037.68
1045.96
1053.76
1061.07
1067.88
1074.17
1079.93
1085.15
1089.82
1093.93
1097.47
1100.43
1102.80
1104.59
1105.78
1106.37
837.14
851.14
864.99
878.67
892.17
905.47
918.54
931.36
943.92
956.19
968.16
979.80
991.11
1002.06
1012.63
1022.80
1032.56
1041.88
1050.76
1059.18
1067.11
1074.55
1081.48
1087.88
1093.75
1099.07
1103.82
1108.01
1111.61
1114.63
1117.05
1118.86
1120.08
1120.68
846.83
861.03
875.08
888.96
902.66
916.14
929.40
942.41
955.16
967.61
979.76
991.59
1003.07
1014.19
1024.93
1035.26
1045.18
1054.66
1063.69
1072.25
1080.32
1087.89
1094.94
1101.45
1107.43
1112.84
1117.68
1121.94
1125.61
1128.69
1131.15
1133.00
1134.24
1134.86
856.36
870.76
885.00
899.08
912.97
926.64
940.09
953.29
966.22
978.86
991.19
1003.19
1014.85
1026.14
1037.05
1047.55
1057.62
1067.26
1076.44
1085.14
1093.35
1101.05
1108.22
1114.86
1120.94
1126.45
1131.38
1135.72
1139.46
1142.59
1145.10
1146.99
1148.25
1148.88
865.71
880.30
894.74
909.01
923.08
936.95
950.59
963.97
977.08
989.91
1002.42
1014.60
1026.43
1037.90
1048.97
1059.64
1069.88
1079.67
1089.00
1097.85
1106.20
1114.03
1121.33
1128.08
1134.27
1139.88
1144.90
1149.32
1153.13
1156.32
1158.88
1160.81
1162.09
1162.73
874.87
889.65
904.27
918.73
933.00
947.05
960.87
974.44
987.74
1000.74
1013.43
1025.79
1037.80
1049.44
1060.68
1071.51
1081.91
1091.87
1101.35
1110.34
1118.83
1126.80
1134.23
1141.10
1147.40
1153.11
1158.23
1162.73
1166.61
1169.86
1172.47
1174.43
1175.74
1176.39
883.81
898.78
913.59
928.24
942.69
956.92
970.93
984.68
998.16
1011.35
1024.22
1036.75
1048.94
1060.74
1072.16
1083.16
1093.72
1103.83
1113.47
1122.61
1131.25
1139.35
1146.91
1153.90
1160.31
1166.13
1171.34
1175.93
1179.88
1183.19
1185.85
1187.85
1189.18
1189.85
892.53
907.68
922.68
937.51
952.14
966.56
980.75
994.68
1008.34
1021.70
1034.75
1047.47
1059.82
1071.80
1083.39
1094.55
1105.28
1115.55
1125.34
1134.64
1143.41
1151.66
1159.34
1166.46
1172.99
1178.91
1184.22
1188.89
1192.92
1196.29
1199.00
1201.04
1202.40
1203.07
901.01
916.34
931.52
946.53
961.34
975.94
990.31
1004.42
1018.26
1031.80
1045.02
1057.91
1070.44
1082.60
1094.35
1105.68
1116.57
1127.00
1136.95
1146.40
1155.32
1163.70
1171.52
1178.76
1185.41
1191.44
1196.84
1201.60
1205.70
1209.14
1211.90
1213.98
1215.36
1216.06
909.25
924.75
940.11
955.29
970.28
985.06
999.60
1013.89
1027.90
1041.62
1055.02
1068.08
1080.78
1093.10
1105.03
1116.53
1127.58
1138.17
1148.28
1157.87
1166.94
1175.47
1183.42
1190.79
1197.55
1203.69
1209.19
1214.04
1218.22
1221.72
1224.54
1226.65
1228.06
1228.77
917.21
932.89
948.42
963.77
978.94
993.88
1008.60
1023.06
1037.25
1051.14
1064.71
1077.94
1090.82
1103.31
1115.40
1127.07
1138.29
1149.04
1159.30
1169.05
1178.27
1186.93
1195.02
1202.51
1209.40
1215.65
1221.25
1226.19
1230.44
1234.01
1236.88
1239.04
1240.48
1241.20
924.90
940.75
956.44
971.97
987.30
1002.42
1017.30
1031.93
1046.29
1060.35
1074.09
1087.50
1100.54
1113.20
1125.46
1137.29
1148.67
1159.59
1170.00
1179.91
1189.27
1198.08
1206.30
1213.92
1220.93
1227.29
1232.99
1238.02
1242.36
1246.00
1248.92
1251.12
1252.58
1253.32
932.31
948.32
964.17
979.86
995.35
1010.64
1025.69
1040.49
1055.01
1069.24
1083.15
1096.72
1109.93
1122.76
1135.18
1147.18
1158.72
1169.79
1180.37
1190.42
1199.93
1208.88
1217.24
1225.00
1232.12
1238.59
1244.40
1249.52
1253.94
1257.64
1260.62
1262.86
1264.36
1265.11
939.41
955.57
971.59
987.43
1003.09
1018.53
1033.75
1048.70
1063.39
1077.78
1091.86
1105.59
1118.97
1131.96
1144.55
1156.70
1168.41
1179.64
1190.37
1200.57
1210.24
1219.33
1227.82
1235.71
1242.95
1249.54
1255.45
1260.66
1265.16
1268.94
1271.97
1274.25
1275.78
1276.54
946.20
962.52
978.68
994.68
1010.49
1026.09
1041.46
1056.58
1071.42
1085.97
1100.21
1114.10
1127.64
1140.79
1153.54
1165.86
1177.72
1189.11
1199.99
1210.35
1220.16
1229.39
1238.02
1246.03
1253.40
1260.10
1266.11
1271.42
1276.00
1279.85
1282.94
1285.26
1286.82
1287.59
952.67
969.13
985.44
1001.59
1017.55
1033.30
1048.82
1064.09
1079.08
1093.79
1108.18
1122.23
1135.93
1149.24
1162.14
1174.62
1186.64
1198.18
1209.21
1219.72
1229.67
1239.05
1247.82
1255.96
1263.45
1270.26
1276.38
1281.78
1286.44
1290.35
1293.50
1295.87
1297.45
1298.24
958.80
975.40
991.86
1008.14
1024.24
1040.14
1055.80
1071.22
1086.37
1101.22
1115.76
1129.97
1143.82
1157.28
1170.34
1182.97
1195.14
1206.83
1218.02
1228.67
1238.77
1248.28
1257.18
1265.45
1273.06
1279.99
1286.21
1291.70
1296.44
1300.43
1303.63
1306.04
1307.65
1308.46
964.59
981.33
997.91
1014.33
1030.57
1046.60
1062.41
1077.97
1093.26
1108.26
1122.94
1137.30
1151.29
1164.90
1178.11
1190.89
1203.21
1215.05
1226.38
1237.18
1247.41
1257.06
1266.10
1274.49
1282.22
1289.26
1295.58
1301.16
1305.99
1310.04
1313.30
1315.76
1317.40
1318.22
970.03
986.89
1003.60
1020.15
1036.52
1052.68
1068.62
1084.31
1099.74
1114.88
1129.70
1144.19
1158.33
1172.09
1185.44
1198.36
1210.82
1222.81
1234.28
1245.22
1255.59
1265.37
1274.54
1283.06
1290.90
1298.05
1304.47
1310.14
1315.05
1319.17
1322.48
1324.98
1326.65
1327.48
975.11
992.08
1008.91
1025.58
1042.07
1058.36
1074.42
1090.24
1105.80
1121.07
1136.03
1150.65
1164.93
1178.82
1192.31
1205.36
1217.97
1230.09
1241.70
1252.77
1263.28
1273.19
1282.48
1291.12
1299.08
1306.33
1312.85
1318.61
1323.59
1327.78
1331.15
1333.69
1335.38
1336.23
979.81
996.89
1013.84
1030.62
1047.22
1063.63
1079.81
1095.75
1111.43
1126.82
1141.90
1156.66
1171.06
1185.08
1198.70
1211.89
1224.62
1236.88
1248.62
1259.82
1270.45
1280.49
1289.90
1298.65
1306.72
1314.07
1320.69
1326.54
1331.60
1335.85
1339.27
1341.85
1343.57
1344.43
984.13
1001.32
1018.36
1035.25
1051.96
1068.47
1084.77
1100.82
1116.61
1132.11
1147.32
1162.19
1176.71
1190.85
1204.60
1217.91
1230.77
1243.15
1255.01
1266.34
1277.09
1287.25
1296.77
1305.63
1313.80
1321.26
1327.96
1333.89
1339.02
1343.34
1346.81
1349.43
1351.18
1352.05
988.07
1005.34
1022.49
1039.47
1056.28
1072.89
1089.28
1105.44
1121.33
1136.95
1152.26
1167.24
1181.87
1196.13
1209.99
1223.42
1236.39
1248.89
1260.87
1272.31
1283.17
1293.44
1303.07
1312.04
1320.31
1327.85
1334.64
1340.65
1345.85
1350.22
1353.74
1356.40
1358.17
1359.06
991.61
1008.97
1026.20
1043.27
1060.17
1076.87
1093.35
1109.60
1125.59
1141.30
1156.71
1171.80
1186.53
1200.89
1214.86
1228.39
1241.47
1254.07
1266.16
1277.71
1288.68
1299.05
1308.78
1317.84
1326.21
1333.84
1340.71
1346.79
1352.05
1356.48
1360.04
1362.73
1364.53
1365.43
994.75
1012.18
1029.49
1046.64
1063.61
1080.40
1096.96
1113.30
1129.37
1145.17
1160.67
1175.85
1190.67
1205.13
1219.19
1232.82
1246.00
1258.69
1270.88
1282.52
1293.59
1304.05
1313.88
1323.03
1331.47
1339.18
1346.13
1352.27
1357.60
1362.07
1365.68
1368.40
1370.22
1371.13
997.48
1014.98
1032.35
1049.57
1066.62
1083.47
1100.11
1116.52
1132.67
1148.55
1164.12
1179.38
1194.29
1208.83
1222.97
1236.68
1249.95
1262.73
1275.00
1286.73
1297.89
1308.43
1318.34
1327.57
1336.09
1343.87
1350.88
1357.08
1362.46
1366.98
1370.62
1373.37
1375.21
1376.13
999.80
1017.36
1034.79
1052.06
1069.17
1086.08
1102.79
1119.26
1135.47
1151.41
1167.06
1182.38
1197.36
1211.97
1226.19
1239.98
1253.32
1266.17
1278.52
1290.32
1301.55
1312.17
1322.14
1331.44
1340.03
1347.87
1354.94
1361.19
1366.62
1371.18
1374.85
1377.62
1379.48
1380.41
1001.70
1019.31
1036.79
1054.11
1071.26
1088.23
1104.98
1121.50
1137.78
1153.77
1169.47
1184.85
1199.89
1214.56
1228.83
1242.69
1256.09
1269.01
1281.42
1293.28
1304.57
1315.25
1325.28
1334.64
1343.28
1351.17
1358.29
1364.59
1370.05
1374.64
1378.34
1381.14
1383.01
1383.94
1003.19
1020.83
1038.34
1055.71
1072.90
1089.90
1106.70
1123.26
1139.57
1155.61
1171.36
1186.78
1201.87
1216.58
1230.90
1244.80
1258.25
1271.22
1283.68
1295.59
1306.93
1317.66
1327.74
1337.14
1345.82
1353.76
1360.91
1367.25
1372.74
1377.36
1381.08
1383.89
1385.77
1386.71
1004.25
1021.92
1039.46
1056.85
1074.07
1091.10
1107.92
1124.52
1140.86
1156.93
1172.71
1188.16
1203.28
1218.03
1232.38
1246.32
1259.80
1272.81
1285.30
1297.25
1308.62
1319.38
1329.50
1338.93
1347.65
1355.61
1362.79
1369.15
1374.67
1379.31
1383.05
1385.87
1387.76
1388.70
1004.89
1022.57
1040.13
1057.53
1074.77
1091.82
1108.66
1125.27
1141.63
1157.72
1173.52
1188.99
1204.13
1218.90
1233.28
1247.23
1260.74
1273.76
1286.28
1298.25
1309.64
1320.42
1330.56
1340.01
1348.75
1356.73
1363.93
1370.30
1375.83
1380.48
1384.23
1387.06
1388.95
1389.90
1005.10
1022.79
1040.35
1057.76
1075.00
1092.06
1108.90
1125.52
1141.89
1157.98
1173.79
1189.27
1204.41
1219.19
1233.57
1247.53
1261.05
1274.08
1286.60
1298.58
1309.98
1320.77
1330.91
1340.37
1349.11
1357.10
1364.30
1370.68
1376.22
1380.87
1384.62
1387.45
1389.35
1390.30
1004.89
1022.57
1040.13
1057.53
1074.77
1091.82
1108.66
1125.27
1141.63
1157.72
1173.51
1188.99
1204.13
1218.90
1233.27
1247.23
1260.73
1273.76
1286.27
1298.25
1309.64
1320.42
1330.56
1340.01
1348.74
1356.73
1363.92
1370.30
1375.83
1380.48
1384.23
1387.05
1388.95
1389.89
1004.25
1021.92
1039.46
1056.85
1074.06
1091.10
1107.92
1124.51
1140.85
1156.92
1172.70
1188.16
1203.28
1218.02
1232.38
1246.31
1259.80
1272.80
1285.30
1297.25
1308.62
1319.38
1329.49
1338.93
1347.64
1355.61
1362.79
1369.15
1374.66
1379.30
1383.04
1385.86
1387.75
1388.69
1003.18
1020.83
1038.34
1055.70
1072.89
1089.90
1106.69
1123.25
1139.57
1155.61
1171.35
1186.78
1201.86
1216.57
1230.90
1244.80
1258.24
1271.21
1283.67
1295.58
1306.92
1317.65
1327.73
1337.13
1345.81
1353.75
1360.90
1367.24
1372.73
1377.35
1381.07
1383.88
1385.76
1386.70
1001.70
1019.30
1036.78
1054.10
1071.26
1088.22
1104.97
1121.50
1137.77
1153.76
1169.46
1184.85
1199.88
1214.55
1228.83
1242.68
1256.08
1269.00
1281.41
1293.27
1304.56
1315.24
1325.27
1334.63
1343.27
1351.16
1358.27
1364.58
1370.04
1374.63
1378.33
1381.13
1382.99
1383.93
999.79
1017.35
1034.78
1052.06
1069.16
1086.07
1102.78
1119.25
1135.46
1151.40
1167.05
1182.37
1197.35
1211.96
1226.17
1239.97
1253.30
1266.16
1278.51
1290.31
1301.54
1312.16
1322.13
1331.43
1340.01
1347.86
1354.92
1361.18
1366.60
1371.16
1374.84
1377.61
1379.46
1380.39
997.47
1014.97
1032.34
1049.56
1066.61
1083.46
1100.10
1116.51
1132.66
1148.53
1164.11
1179.37
1194.27
1208.81
1222.95
1236.67
1249.93
1262.72
1274.99
1286.72
1297.87
1308.42
1318.32
1327.55
1336.07
1343.85
1350.86
1357.07
1362.44
1366.96
1370.60
1373.35
1375.19
1376.11
994.73
1012.17
1029.48
1046.63
1063.60
1080.38
1096.95
1113.28
1129.36
1145.16
1160.66
1175.83
1190.66
1205.11
1219.17
1232.80
1245.98
1258.68
1270.86
1282.50
1293.57
1304.03
1313.86
1323.01
1331.45
1339.16
1346.11
1352.25
1357.58
1362.05
1365.66
1368.38
1370.20
1371.10
991.59
1008.96
1026.18
1043.26
1060.15
1076.85
1093.34
1109.59
1125.58
1141.29
1156.70
1171.78
1186.52
1200.88
1214.84
1228.37
1241.46
1254.05
1266.14
1277.69
1288.66
1299.03
1308.76
1317.82
1326.18
1333.82
1340.69
1346.77
1352.03
1356.45
1360.02
1362.71
1364.51
1365.40
988.05
1005.33
1022.47
1039.46
1056.26
1072.87
1089.27
1105.42
1121.32
1136.93
1152.24
1167.22
1181.86
1196.11
1209.97
1223.40
1236.37
1248.86
1260.85
1272.28
1283.15
1293.42
1303.05
1312.01
1320.28
1327.83
1334.62
1340.63
1345.83
1350.20
1353.72
1356.37
1358.15
1359.03
984.12
1001.30
1018.35
1035.24
1051.94
1068.46
1084.75
1100.80
1116.59
1132.10
1147.30
1162.17
1176.69
1190.83
1204.58
1217.89
1230.75
1243.12
1254.99
1266.31
1277.07
1287.22
1296.74
1305.61
1313.78
1321.23
1327.93
1333.87
1339.00
1343.31
1346.78
1349.40
1351.15
1352.02
979.79
996.87
1013.82
1030.60
1047.20
1063.61
1079.79
1095.73
1111.41
1126.80
1141.88
1156.63
1171.03
1185.06
1198.67
1211.86
1224.60
1236.85
1248.59
1259.79
1270.43
1280.46
1289.87
1298.62
1306.69
1314.04
1320.66
1326.51
1331.57
1335.82
1339.24
1341.82
1343.54
1344.40
975.09
992.06
1008.89
1025.56
1042.05
1058.34
1074.40
1090.22
1105.78
1121.04
1136.00
1150.63
1164.90
1178.79
1192.28
1205.34
1217.94
1230.06
1241.67
1252.74
1263.25
1273.16
1282.45
1291.09
1299.04
1306.30
1312.81
1318.58
1323.56
1327.75
1331.12
1333.65
1335.35
1336.20
970.01
986.87
1003.58
1020.13
1036.50
1052.66
1068.60
1084.29
1099.71
1114.85
1129.68
1144.17
1158.30
1172.06
1185.41
1198.33
1210.79
1222.78
1234.25
1245.19
1255.56
1265.34
1274.51
1283.02
1290.87
1298.01
1304.43
1310.11
1315.02
1319.13
1322.45
1324.95
1326.61
1327.45
964.57
981.30
997.89
1014.31
1030.55
1046.58
1062.38
1077.94
1093.23
1108.23
1122.92
1137.27
1151.26
1164.87
1178.08
1190.86
1203.18
1215.02
1226.35
1237.14
1247.38
1257.03
1266.06
1274.46
1282.19
1289.22
1295.54
1301.13
1305.95
1310.00
1313.26
1315.72
1317.36
1318.18
958.78
975.38
991.83
1008.12
1024.22
1040.11
1055.78
1071.19
1086.34
1101.20
1115.74
1129.94
1143.79
1157.25
1170.31
1182.93
1195.11
1206.80
1217.98
1228.64
1238.73
1248.24
1257.15
1265.42
1273.02
1279.95
1286.17
1291.66
1296.41
1300.39
1303.59
1306.00
1307.62
1308.42
952.65
969.11
985.42
1001.56
1017.52
1033.27
1048.79
1064.06
1079.06
1093.76
1108.15
1122.20
1135.90
1149.21
1162.11
1174.58
1186.60
1198.14
1209.18
1219.68
1229.64
1239.01
1247.78
1255.92
1263.41
1270.22
1276.34
1281.74
1286.40
1290.31
1293.46
1295.83
1297.41
1298.20
946.18
962.49
978.66
994.66
1010.46
1026.06
1041.43
1056.55
1071.39
1085.94
1100.17
1114.07
1127.61
1140.76
1153.50
1165.82
1177.68
1189.07
1199.95
1210.31
1220.12
1229.35
1237.98
1245.99
1253.36
1260.06
1266.07
1271.38
1275.96
1279.80
1282.89
1285.22
1286.77
1287.55
939.38
955.55
971.56
987.41
1003.06
1018.50
1033.72
1048.67
1063.36
1077.75
1091.82
1105.56
1118.93
1131.92
1144.51
1156.67
1168.37
1179.60
1190.33
1200.54
1210.20
1219.29
1227.78
1235.66
1242.91
1249.50
1255.40
1260.62
1265.12
1268.89
1271.93
1274.21
1275.73
1276.49
932.28
948.29
964.14
979.83
995.32
1010.61
1025.66
1040.45
1054.98
1069.20
1083.11
1096.68
1109.89
1122.72
1135.14
1147.14
1158.68
1169.75
1180.33
1190.38
1199.89
1208.84
1217.20
1224.95
1232.07
1238.55
1244.35
1249.47
1253.89
1257.60
1260.58
1262.82
1264.31
1265.06
924.88
940.72
956.42
971.94
987.27
1002.38
1017.27
1031.90
1046.26
1060.31
1074.06
1087.46
1100.50
1113.16
1125.42
1137.25
1148.63
1159.54
1169.96
1179.86
1189.23
1198.03
1206.26
1213.88
1220.88
1227.24
1232.94
1237.97
1242.31
1245.95
1248.87
1251.07
1252.54
1253.27
917.18
932.86
948.39
963.74
978.90
993.85
1008.57
1023.03
1037.21
1051.10
1064.67
1077.91
1090.78
1103.27
1115.36
1127.03
1138.25
1149.00
1159.26
1169.01
1178.22
1186.89
1194.97
1202.47
1209.35
1215.60
1221.20
1226.14
1230.40
1233.96
1236.83
1238.99
1240.43
1241.15
909.22
924.72
940.08
955.26
970.25
985.02
999.56
1013.85
1027.86
1041.58
1054.98
1068.04
1080.74
1093.06
1104.99
1116.48
1127.54
1138.13
1148.23
1157.83
1166.90
1175.42
1183.37
1190.74
1197.50
1203.64
1209.14
1213.99
1218.17
1221.67
1224.48
1226.60
1228.01
1228.72
900.98
916.31
931.49
946.50
961.31
975.91
990.27
1004.38
1018.22
1031.76
1044.98
1057.87
1070.40
1082.55
1094.31
1105.64
1116.53
1126.96
1136.91
1146.35
1155.27
1163.65
1171.47
1178.71
1185.36
1191.39
1196.79
1201.55
1205.65
1209.09
1211.85
1213.93
1215.31
1216.00
892.50
907.65
922.65
937.47
952.10
966.52
980.71
994.64
1008.30
1021.66
1034.71
1047.42
1059.78
1071.76
1083.34
1094.51
1105.24
1115.50
1125.30
1134.59
1143.37
1151.61
1159.29
1166.41
1172.94
1178.86
1184.16
1188.84
1192.86
1196.24
1198.95
1200.98
1202.34
1203.02
883.78
898.74
913.56
928.20
942.65
956.89
970.89
984.64
998.12
1011.30
1024.17
1036.71
1048.89
1060.70
1072.11
1083.11
1093.67
1103.78
1113.42
1122.56
1131.20
1139.30
1146.86
1153.85
1160.26
1166.08
1171.29
1175.87
1179.83
1183.14
1185.79
1187.79
1189.13
1189.79
874.83
889.61
904.24
918.69
932.96
947.01
960.83
974.40
987.70
1000.70
1013.39
1025.75
1037.76
1049.39
1060.63
1071.47
1081.87
1091.82
1101.30
1110.29
1118.78
1126.75
1134.18
1141.05
1147.35
1153.06
1158.17
1162.68
1166.56
1169.81
1172.41
1174.37
1175.68
1176.34
865.68
880.27
894.70
908.97
923.05
936.91
950.55
963.93
977.04
989.86
1002.37
1014.56
1026.39
1037.85
1048.92
1059.59
1069.83
1079.62
1088.95
1097.80
1106.14
1113.98
1121.28
1128.03
1134.21
1139.83
1144.85
1149.27
1153.08
1156.27
1158.82
1160.75
1162.03
1162.67
856.33
870.72
884.97
899.04
912.93
926.60
940.05
953.25
966.17
978.81
991.14
1003.15
1014.80
1026.09
1037.00
1047.50
1057.57
1067.21
1076.39
1085.09
1093.30
1101.00
1108.17
1114.80
1120.88
1126.39
1131.33
1135.67
1139.40
1142.53
1145.04
1146.93
1148.19
1148.82
846.79
860.99
875.04
888.92
902.62
916.10
929.36
942.37
955.11
967.57
979.72
991.54
1003.02
1014.14
1024.88
1035.21
1045.13
1054.61
1063.64
1072.19
1080.26
1087.83
1094.88
1101.40
1107.37
1112.78
1117.62
1121.89
1125.56
1128.63
1131.09
1132.95
1134.18
1134.80
837.10
851.10
864.95
878.63
892.13
905.43
918.49
931.31
943.87
956.14
968.11
979.76
991.06
1002.01
1012.57
1022.75
1032.50
1041.83
1050.71
1059.12
1067.06
1074.50
1081.42
1087.83
1093.69
1099.01
1103.76
1107.95
1111.55
1114.57
1116.99
1118.80
1120.02
1120.62
827.25
841.05
854.70
868.19
881.49
894.59
907.46
920.10
932.47
944.55
956.34
967.81
978.94
989.71
1000.11
1010.12
1019.72
1028.90
1037.63
1045.90
1053.70
1061.01
1067.82
1074.11
1079.87
1085.09
1089.76
1093.87
1097.41
1100.37
1102.74
1104.53
1105.72
1106.31
817.27
830.86
844.31
857.60
870.71
883.61
896.29
908.73
920.92
932.82
944.43
955.72
966.67
977.27
987.51
997.36
1006.80
1015.82
1024.41
1032.54
1040.21
1047.39
1054.08
1060.27
1065.93
1071.05
1075.64
1079.67
1083.15
1086.05
1088.38
1090.13
1091.30
1091.89
807.16
820.55
833.80
846.89
859.80
872.51
885.00
897.25
909.24
920.96
932.38
943.50
954.28
964.71
974.78
984.47
993.76
1002.63
1011.07
1019.07
1026.60
1033.67
1040.24
1046.31
1051.87
1056.91
1061.41
1065.37
1068.78
1071.63
1073.92
1075.64
1076.79
1077.36
796.96
810.14
823.19
836.08
848.78
861.30
873.59
885.65
897.46
908.99
920.23
931.17
941.78
952.04
961.95
971.48
980.61
989.34
997.64
1005.50
1012.90
1019.84
1026.30
1032.27
1037.73
1042.68
1047.10
1050.99
1054.34
1057.14
1059.38
1061.07
1062.20
1062.76
786.67
799.65
812.49
825.17
837.68
849.99
862.10
873.96
885.58
896.93
908.00
918.76
929.19
939.29
949.03
958.40
967.38
975.96
984.12
991.85
999.13
1005.95
1012.29
1018.15
1023.52
1028.38
1032.72
1036.54
1039.83
1042.58
1044.78
1046.44
1047.55
1048.10
776.32
789.09
801.72
814.20
826.51
838.62
850.53
862.21
873.64
884.81
895.69
906.27
916.54
926.47
936.05
945.26
954.09
962.53
970.55
978.14
985.30
992.00
998.23
1003.99
1009.26
1014.03
1018.30
1022.05
1025.28
1027.98
1030.14
1031.77
1032.86
1033.40
765.92
778.47
790.90
803.17
815.28
827.20
838.91
850.40
861.64
872.63
883.33
893.74
903.84
913.60
923.02
932.08
940.76
949.05
956.93
964.40
971.43
978.01
984.14
989.79
994.97
999.66
1003.85
1007.53
1010.70
1013.35
1015.48
1017.08
1018.15
1018.68
755.48
767.83
780.05
792.12
804.03
815.75
827.26
838.56
849.62
860.42
870.95
881.18
891.11
900.71
909.97
918.88
927.41
935.56
943.31
950.64
957.55
964.02
970.04
975.59
980.68
985.28
989.40
993.02
996.13
998.73
1000.82
1002.39
1003.44
1003.96
745.04
757.17
769.18
781.05
792.76
804.28
815.61
826.71
837.58
848.20
858.55
868.61
878.37
887.81
896.92
905.67
914.06
922.07
929.68
936.89
943.67
950.03
955.94
961.40
966.40
970.92
974.96
978.52
981.57
984.13
986.18
987.72
988.75
989.26
734.60
746.53
758.33
769.99
781.50
792.83
803.96
814.88
825.56
836.00
846.17
856.06
865.66
874.93
883.88
892.49
900.73
908.60
916.08
923.16
929.83
936.08
941.89
947.25
952.16
956.60
960.57
964.06
967.06
969.57
971.59
973.10
974.11
974.61
724.19
735.91
747.50
758.96
770.27
781.40
792.34
803.07
813.57
823.83
833.83
843.55
852.98
862.10
870.89
879.35
887.45
895.18
902.53
909.49
916.04
922.18
927.89
933.16
937.98
942.34
946.24
949.67
952.62
955.08
957.06
958.55
959.54
960.03
713.83
725.34
736.73
747.99
759.09
770.03
780.78
791.32
801.64
811.72
821.55
831.10
840.37
849.33
857.97
866.28
874.24
881.84
889.06
895.90
902.33
908.36
913.97
919.14
923.88
928.17
932.00
935.36
938.26
940.68
942.62
944.08
945.06
945.54
703.54
714.84
726.03
737.08
747.99
758.73
769.29
779.65
789.79
799.70
809.35
818.74
827.84
836.64
845.14
853.30
861.12
868.59
875.68
882.40
888.73
894.65
900.16
905.24
909.89
914.11
917.87
921.17
924.02
926.40
928.31
929.74
930.70
931.17
693.35
704.44
715.42
726.27
736.99
747.54
757.91
768.08
778.04
787.77
797.26
806.48
815.42
824.08
832.42
840.44
848.12
855.46
862.43
869.03
875.25
881.07
886.48
891.47
896.04
900.18
903.88
907.13
909.92
912.26
914.13
915.54
916.48
916.95
683.27
694.15
704.93
715.59
726.10
736.46
746.65
756.64
766.42
775.98
785.30
794.36
803.15
811.65
819.84
827.72
835.28
842.48
849.34
855.82
861.93
867.64
872.96
877.87
882.36
886.42
890.05
893.24
895.99
898.29
900.13
901.51
902.43
902.90
673.32
684.00
694.58
705.04
715.36
725.54
735.54
745.35
754.96
764.35
773.50
782.40
791.03
799.38
807.44
815.18
822.60
829.68
836.41
842.79
848.79
854.40
859.63
864.45
868.86
872.85
876.42
879.56
882.26
884.51
886.32
887.68
888.59
889.04
663.53
674.01
684.39
694.66
704.79
714.78
724.60
734.24
743.68
752.90
761.89
770.63
779.11
787.31
795.23
802.84
810.13
817.08
823.70
829.96
835.86
841.38
846.51
851.25
855.58
859.51
863.01
866.10
868.75
870.96
872.74
874.08
874.97
875.41
653.93
664.21
674.40
684.47
694.42
704.22
713.87
723.33
732.60
741.66
750.49
759.07
767.41
775.47
783.24
790.72
797.88
804.72
811.22
817.37
823.17
828.59
833.64
838.29
842.56
846.41
849.86
852.89
855.49
857.67
859.42
860.73
861.61
862.04
644.54
654.62
664.61
674.50
684.27
693.89
703.36
712.65
721.75
730.65
739.33
747.76
755.95
763.87
771.51
778.86
785.90
792.62
799.01
805.05
810.75
816.08
821.04
825.62
829.81
833.60
836.98
839.96
842.52
844.66
846.38
847.67
848.53
848.96
635.37
645.26
655.07
664.78
674.36
683.81
693.11
702.23
711.17
719.91
728.43
736.72
744.77
752.55
760.06
767.28
774.20
780.81
787.09
793.03
798.63
803.87
808.75
813.25
817.36
821.09
824.42
827.35
829.87
831.97
833.66
834.93
835.78
836.20
626.46
636.17
645.79
655.32
664.73
674.00
683.13
692.10
700.88
709.47
717.84
725.99
733.89
741.54
748.92
756.02
762.82
769.32
775.49
781.34
786.84
792.00
796.79
801.22
805.27
808.93
812.21
815.08
817.56
819.63
821.29
822.54
823.37
823.79
617.84
627.36
636.80
646.15
655.39
664.50
673.47
682.28
690.91
699.34
707.57
715.58
723.35
730.87
738.13
745.11
751.80
758.18
764.26
770.01
775.42
780.49
785.20
789.56
793.54
797.15
800.37
803.20
805.64
807.67
809.31
810.54
811.35
811.76
609.51
618.86
628.13
637.31
646.39
655.34
664.14
672.80
681.28
689.57
697.66
705.53
713.17
720.57
727.71
734.57
741.15
747.43
753.41
759.06
764.39
769.38
774.02
778.30
782.22
785.77
788.94
791.73
794.13
796.13
797.74
798.95
799.75
800.16
601.52
610.70
619.80
628.82
637.73
646.52
655.18
663.69
672.02
680.18
688.13
695.88
703.39
710.67
717.69
724.44
730.92
737.10
742.98
748.55
753.79
758.70
763.27
767.49
771.35
774.84
777.96
780.70
783.06
785.04
786.62
787.81
788.60
789.00
593.88
602.89
611.84
620.70
629.46
638.10
646.61
654.98
663.18
671.20
679.02
686.64
694.04
701.20
708.11
714.76
721.13
727.22
733.01
738.49
743.65
748.49
752.99
757.14
760.94
764.38
767.45
770.16
772.48
774.43
775.99
777.16
777.94
778.33
586.62
595.47
604.27
612.98
621.59
630.09
638.46
646.69
654.76
662.65
670.36
677.86
685.14
692.19
698.99
705.54
711.82
717.82
723.52
728.92
734.01
738.77
743.20
747.30
751.04
754.43
757.46
760.12
762.42
764.33
765.87
767.02
767.79
768.18
579.76
588.47
597.11
605.68
614.15
622.52
630.76
638.86
646.80
654.58
662.16
669.55
676.73
683.67
690.38
696.83
703.02
708.93
714.55
719.87
724.89
729.58
733.95
737.99
741.68
745.02
748.01
750.64
752.90
754.79
756.30
757.44
758.20
758.58
573.33
581.89
590.40
598.83
607.18
615.41
623.53
631.51
639.34
647.00
654.47
661.75
668.83
675.67
682.29
688.65
694.75
700.58
706.12
711.38
716.32
720.96
725.27
729.25
732.89
736.19
739.14
741.73
743.96
745.83
747.32
748.45
749.20
749.57
567.34
575.77
584.15
592.46
600.68
608.80
616.80
624.67
632.38
639.94
647.31
654.49
661.47
668.23
674.75
681.03
687.05
692.80
698.28
703.46
708.35
712.92
717.18
721.11
724.71
727.96
730.88
733.43
735.64
737.48
738.96
740.07
740.81
741.18
561.82
570.14
578.39
586.59
594.69
602.70
610.59
618.35
625.97
633.42
640.70
647.80
654.68
661.36
667.80
674.00
679.95
685.63
691.04
696.16
700.99
705.51
709.71
713.60
717.15
720.37
723.25
725.78
727.96
729.78
731.24
732.34
733.07
733.43
