538.11
546.52
554.90
563.24
571.51
579.71
587.81
595.79
603.64
611.35
618.89
626.25
633.41
640.36
647.08
653.56
659.79
665.74
671.42
676.80
681.88
686.64
691.07
695.17
698.92
702.32
705.36
708.04
710.34
712.27
713.82
714.98
715.76
716.14
544.13
552.69
561.22
569.71
578.12
586.46
594.69
602.81
610.79
618.62
626.28
633.75
641.02
648.08
654.91
661.48
667.80
673.85
679.61
685.07
690.22
695.05
699.54
703.70
707.51
710.96
714.04
716.75
719.09
721.04
722.61
723.79
724.58
724.97
550.67
559.39
568.08
576.72
585.29
593.78
602.16
610.41
618.53
626.49
634.28
641.88
649.27
656.44
663.38
670.06
676.48
682.62
688.47
694.02
699.25
704.15
708.72
712.94
716.80
720.30
723.43
726.19
728.56
730.54
732.14
733.33
734.13
734.53
557.69
566.59
575.45
584.25
592.99
601.63
610.17
618.57
626.84
634.94
642.87
650.60
658.12
665.42
672.47
679.27
685.79
692.04
697.98
703.62
708.93
713.91
718.56
722.84
726.77
730.33
733.51
736.31
738.72
740.73
742.35
743.56
744.37
744.78
565.17
574.25
583.29
592.27
601.18
609.99
618.69
627.26
635.68
643.94
652.01
659.88
667.54
674.96
682.14
689.06
695.70
702.05
708.10
713.83
719.24
724.30
729.02
733.38
737.37
740.99
744.23
747.07
749.52
751.57
753.21
754.45
755.27
755.68
573.08
582.36
591.59
600.76
609.85
618.84
627.71
636.45
645.03
653.44
661.67
669.69
677.49
685.05
692.36
699.40
706.16
712.63
718.78
724.62
730.12
735.28
740.08
744.51
748.58
752.26
755.55
758.44
760.93
763.02
764.69
765.94
766.78
767.20
581.41
590.88
600.31
609.68
618.95
628.13
637.18
646.10
654.85
663.43
671.81
679.99
687.94
695.64
703.09
710.27
717.15
723.74
730.01
735.95
741.55
746.80
751.69
756.20
760.34
764.08
767.43
770.38
772.91
775.03
776.74
778.01
778.87
779.29
590.11
599.80
609.43
619.00
628.47
637.84
647.08
656.18
665.11
673.86
682.41
690.75
698.85
706.71
714.30
721.61
728.63
735.34
741.72
747.78
753.48
758.83
763.81
768.41
772.62
776.43
779.84
782.84
785.43
787.59
789.32
790.62
791.49
791.92
599.17
609.08
618.92
628.70
638.37
647.94
657.38
666.66
675.77
684.70
693.43
701.93
710.20
718.21
725.95
733.40
740.55
747.39
753.90
760.07
765.88
771.33
776.40
781.09
785.38
789.27
792.74
795.80
798.43
800.63
802.39
803.72
804.60
805.05
608.56
618.69
628.75
638.74
648.63
658.40
668.03
677.51
686.82
695.93
704.83
713.51
721.94
730.11
738.00
745.60
752.89
759.86
766.50
772.79
778.72
784.27
789.44
794.22
798.59
802.55
806.09
809.20
811.88
814.13
815.92
817.28
818.18
818.63
618.25
628.60
638.89
649.10
659.20
669.18
679.02
688.70
698.20
707.50
716.59
725.44
734.04
742.37
750.42
758.18
765.61
772.72
779.49
785.90
791.94
797.60
802.87
807.74
812.20
816.24
819.85
823.02
825.75
828.04
829.87
831.25
832.17
832.63
628.21
638.80
649.32
659.75
670.07
680.27
690.31
700.20
709.89
719.39
728.66
737.69
746.47
754.97
763.18
771.09
778.68
785.93
792.83
799.36
805.53
811.30
816.67
821.64
826.18
830.30
833.98
837.22
840.00
842.33
844.20
845.60
846.54
847.01
638.42
649.25
660.00
670.66
681.20
691.62
701.88
711.97
721.87
731.56
741.02
750.24
759.19
767.87
776.25
784.31
792.05
799.44
806.48
813.15
819.43
825.32
830.80
835.86
840.50
844.70
848.45
851.75
854.59
856.96
858.87
860.30
861.26
861.74
648.86
659.92
670.91
681.80
692.57
703.20
713.68
723.98
734.09
743.98
753.64
763.04
772.18
781.03
789.58
797.81
805.70
813.24
820.42
827.22
833.63
839.63
845.22
850.39
855.11
859.40
863.22
866.59
869.48
871.91
873.85
875.31
876.28
876.77
659.48
670.79
682.02
693.14
704.14
715.00
725.70
736.22
746.53
756.63
766.48
776.08
785.40
794.43
803.15
811.54
819.59
827.29
834.61
841.54
848.08
854.21
859.91
865.17
869.99
874.36
878.26
881.70
884.65
887.12
889.10
890.59
891.59
892.08
670.28
681.83
693.30
704.66
715.90
726.98
737.90
748.64
759.16
769.46
779.52
789.31
798.82
808.03
816.92
825.49
833.70
841.55
849.01
856.09
862.76
869.00
874.82
880.19
885.11
889.56
893.54
897.04
900.06
902.58
904.60
906.12
907.13
907.64
681.22
693.02
704.73
716.33
727.80
739.12
750.26
761.21
771.96
782.46
792.72
802.71
812.41
821.81
830.88
839.61
847.99
855.99
863.61
870.82
877.62
884.00
889.93
895.41
900.42
904.97
909.03
912.60
915.67
918.25
920.31
921.86
922.89
923.41
692.28
704.33
716.29
728.13
739.83
751.38
762.75
773.92
784.88
795.60
806.06
816.25
826.15
835.73
844.98
853.89
862.43
870.59
878.36
885.72
892.66
899.15
905.20
910.79
915.91
920.55
924.69
928.33
931.47
934.09
936.20
937.78
938.83
939.36
703.44
715.74
727.94
740.02
751.96
763.74
775.34
786.74
797.91
808.85
819.52
829.90
839.99
849.76
859.20
868.28
876.99
885.32
893.24
900.75
907.82
914.45
920.62
926.32
931.54
936.27
940.50
944.21
947.41
950.09
952.24
953.85
954.93
955.47
714.67
727.22
739.66
751.99
764.17
776.18
788.01
799.63
811.03
822.17
833.05
843.64
853.93
863.89
873.51
882.77
891.65
900.14
908.22
915.88
923.09
929.85
936.15
941.96
947.29
952.11
956.42
960.21
963.48
966.21
968.40
970.05
971.15
971.70
725.94
738.75
751.44
764.01
776.43
788.68
800.73
812.58
824.20
835.56
846.65
857.44
867.93
878.08
887.89
897.33
906.39
915.04
923.28
931.08
938.44
945.34
951.76
957.69
963.12
968.04
972.44
976.31
979.64
982.43
984.67
986.35
987.47
988.03
737.25
750.30
763.24
776.05
788.71
801.20
813.49
825.56
837.40
848.97
860.27
871.28
881.96
892.31
902.31
911.93
921.16
929.99
938.39
946.34
953.85
960.88
967.43
973.48
979.02
984.04
988.53
992.48
995.88
998.72
1001.00
1002.72
1003.86
1004.44
748.56
761.86
775.05
788.11
801.00
813.72
826.24
838.54
850.60
862.40
873.91
885.12
896.01
906.56
916.74
926.55
935.96
944.95
953.52
961.63
969.28
976.45
983.13
989.30
994.96
1000.08
1004.66
1008.69
1012.16
1015.06
1017.39
1019.14
1020.31
1020.90
759.86
773.41
786.84
800.14
813.28
826.23
838.98
851.51
863.79
875.81
887.53
898.95
910.05
920.79
931.17
941.16
950.75
959.92
968.65
976.92
984.72
992.04
998.85
1005.15
1010.91
1016.14
1020.81
1024.93
1028.47
1031.43
1033.81
1035.60
1036.79
1037.38
771.12
784.92
798.60
812.14
825.51
838.70
851.68
864.44
876.94
889.18
901.12
912.75
924.05
934.99
945.57
955.75
965.52
974.86
983.76
992.20
1000.15
1007.61
1014.56
1020.98
1026.86
1032.20
1036.97
1041.16
1044.78
1047.80
1050.23
1052.06
1053.27
1053.88
782.33
796.37
810.29
824.07
837.68
851.11
864.32
877.31
890.03
902.49
914.65
926.49
937.99
949.14
959.91
970.28
980.24
989.76
998.83
1007.43
1015.54
1023.14
1030.23
1036.78
1042.79
1048.23
1053.10
1057.38
1061.07
1064.16
1066.64
1068.50
1069.75
1070.37
793.46
807.75
821.91
835.93
849.78
863.44
876.88
890.09
903.04
915.72
928.09
940.15
951.86
963.21
974.18
984.75
994.89
1004.59
1013.83
1022.60
1030.87
1038.63
1045.85
1052.54
1058.67
1064.22
1069.19
1073.56
1077.33
1080.49
1083.02
1084.92
1086.19
1086.83
804.49
819.02
833.43
847.69
861.77
875.66
889.34
902.78
915.95
928.85
941.44
953.71
965.63
977.19
988.36
999.12
1009.45
1019.33
1028.75
1037.69
1046.12
1054.03
1061.41
1068.23
1074.48
1080.15
1085.22
1089.69
1093.54
1096.76
1099.35
1101.29
1102.59
1103.24
815.42
830.19
844.83
859.33
873.65
887.77
901.67
915.34
928.74
941.86
954.67
967.15
979.28
991.05
1002.42
1013.37
1023.90
1033.97
1043.57
1052.68
1061.28
1069.34
1076.87
1083.83
1090.21
1096.00
1101.18
1105.74
1109.67
1112.97
1115.61
1117.60
1118.92
1119.58
826.21
841.22
856.10
870.83
885.38
899.74
913.87
927.76
941.39
954.72
967.75
980.45
992.80
1004.77
1016.34
1027.50
1038.22
1048.48
1058.26
1067.55
1076.31
1084.54
1092.22
1099.32
1105.84
1111.75
1117.04
1121.70
1125.72
1129.09
1131.79
1133.82
1135.17
1135.85
836.86
852.10
867.22
882.18
896.96
911.55
925.91
940.02
953.87
967.43
980.68
993.59
1006.15
1018.33
1030.11
1041.47
1052.39
1062.84
1072.81
1082.28
1091.22
1099.61
1107.45
1114.70
1121.35
1127.39
1132.79
1137.56
1141.67
1145.10
1147.87
1149.95
1151.33
1152.03
847.34
862.82
878.16
893.35
908.37
923.18
937.77
952.11
966.18
979.96
993.43
1006.56
1019.33
1031.72
1043.71
1055.28
1066.40
1077.04
1087.20
1096.85
1105.97
1114.54
1122.53
1129.93
1136.73
1142.90
1148.42
1153.29
1157.49
1161.01
1163.84
1165.96
1167.38
1168.09
857.64
873.35
888.92
904.34
919.58
934.62
949.43
964.00
978.29
992.29
1005.98
1019.33
1032.32
1044.92
1057.12
1068.89
1080.22
1091.06
1101.42
1111.25
1120.55
1129.29
1137.45
1145.01
1151.96
1158.26
1163.91
1168.89
1173.19
1176.79
1179.68
1181.86
1183.31
1184.04
867.74
883.67
899.47
915.12
930.58
945.85
960.88
975.67
990.19
1004.41
1018.32
1031.89
1045.09
1057.91
1070.32
1082.30
1093.83
1104.88
1115.44
1125.47
1134.95
1143.87
1152.20
1159.93
1167.02
1173.47
1179.24
1184.34
1188.74
1192.43
1195.39
1197.62
1199.11
1199.85
877.63
893.79
909.81
925.68
941.36
956.85
972.10
987.11
1001.85
1016.30
1030.42
1044.21
1057.63
1070.67
1083.30
1095.49
1107.23
1118.49
1129.24
1139.47
1149.15
1158.25
1166.76
1174.65
1181.90
1188.50
1194.41
1199.63
1204.13
1207.91
1210.95
1213.23
1214.76
1215.52
887.29
903.66
919.91
935.99
951.90
967.60
983.08
998.31
1013.27
1027.93
1042.28
1056.28
1069.93
1083.18
1096.03
1108.44
1120.39
1131.85
1142.82
1153.25
1163.12
1172.42
1181.11
1189.18
1196.59
1203.34
1209.40
1214.74
1219.36
1223.23
1226.35
1228.69
1230.26
1231.04
896.70
913.30
929.76
946.06
962.18
978.10
993.79
1009.24
1024.42
1039.30
1053.87
1068.09
1081.95
1095.43
1108.49
1121.12
1133.29
1144.97
1156.14
1166.78
1176.86
1186.35
1195.24
1203.49
1211.08
1217.99
1224.19
1229.67
1234.40
1238.38
1241.57
1243.98
1245.59
1246.39
905.86
922.67
939.34
955.85
972.18
988.32
1004.23
1019.89
1035.28
1050.38
1065.17
1079.62
1093.70
1107.39
1120.68
1133.53
1145.92
1157.82
1169.21
1180.06
1190.35
1200.05
1209.13
1217.57
1225.34
1232.42
1238.78
1244.40
1249.26
1253.34
1256.62
1259.10
1260.75
1261.58
914.75
931.76
948.64
965.36
981.90
998.24
1014.37
1030.24
1045.85
1061.17
1076.17
1090.84
1105.14
1119.06
1132.57
1145.64
1158.25
1170.38
1181.99
1193.06
1203.57
1213.48
1222.76
1231.40
1239.36
1246.62
1253.14
1258.91
1263.91
1268.10
1271.48
1274.03
1275.73
1276.58
923.35
940.56
957.64
974.56
991.31
1007.86
1024.19
1040.28
1056.10
1071.63
1086.85
1101.74
1116.26
1130.41
1144.14
1157.44
1170.28
1182.63
1194.47
1205.77
1216.50
1226.63
1236.13
1244.97
1253.13
1260.58
1267.28
1273.21
1278.34
1282.66
1286.14
1288.76
1290.52
1291.40
931.66
949.06
966.33
983.46
1000.41
1017.16
1033.70
1049.99
1066.02
1081.77
1097.20
1112.30
1127.05
1141.42
1155.38
1168.90
1181.97
1194.56
1206.63
1218.16
1229.12
1239.48
1249.21
1258.27
1266.64
1274.28
1281.17
1287.27
1292.56
1297.00
1300.59
1303.30
1305.11
1306.02
939.65
957.24
974.71
992.02
1009.17
1026.12
1042.85
1059.35
1075.59
1091.55
1107.20
1122.52
1137.48
1152.07
1166.26
1180.02
1193.32
1206.14
1218.46
1230.22
1241.42
1252.02
1261.98
1271.27
1279.86
1287.71
1294.80
1301.08
1306.53
1311.12
1314.83
1317.62
1319.50
1320.43
947.31
965.09
982.74
1000.24
1017.58
1034.72
1051.66
1068.36
1084.80
1100.96
1116.82
1132.36
1147.54
1162.36
1176.77
1190.76
1204.31
1217.37
1229.92
1241.94
1253.38
1264.22
1274.43
1283.96
1292.78
1300.86
1308.15
1314.63
1320.26
1325.01
1328.84
1331.73
1333.67
1334.64
954.64
972.59
990.42
1008.11
1025.63
1042.96
1060.09
1076.98
1093.62
1109.99
1126.06
1141.81
1157.21
1172.25
1186.89
1201.12
1214.90
1228.20
1241.01
1253.27
1264.97
1276.07
1286.53
1296.31
1305.38
1313.70
1321.22
1327.91
1333.73
1338.64
1342.61
1345.62
1347.63
1348.64
961.62
979.74
997.75
1015.61
1033.31
1050.82
1068.13
1085.22
1102.05
1118.62
1134.89
1150.85
1166.47
1181.73
1196.60
1211.06
1225.08
1238.64
1251.69
1264.22
1276.18
1287.54
1298.27
1308.31
1317.64
1326.22
1333.98
1340.90
1346.93
1352.02
1356.15
1359.27
1361.37
1362.42
968.24
986.52
1004.69
1022.72
1040.60
1058.29
1075.78
1093.04
1110.07
1126.83
1143.30
1159.47
1175.30
1190.78
1205.88
1220.57
1234.84
1248.64
1261.95
1274.74
1286.97
1298.61
1309.61
1319.94
1329.55
1338.39
1346.42
1353.58
1359.83
1365.13
1369.43
1372.68
1374.87
1375.97
974.49
992.93
1011.26
1029.45
1047.48
1065.34
1083.00
1100.45
1117.66
1134.60
1151.27
1167.64
1183.68
1199.38
1214.70
1229.63
1244.14
1258.19
1271.76
1284.82
1297.33
1309.25
1320.54
1331.16
1341.06
1350.19
1358.50
1365.93
1372.44
1377.95
1382.44
1385.84
1388.13
1389.28
980.35
998.94
1017.42
1035.76
1053.96
1071.98
1089.80
1107.42
1124.80
1141.93
1158.79
1175.35
1191.60
1207.51
1223.05
1238.21
1252.96
1267.26
1281.09
1294.42
1307.21
1319.43
1331.02
1341.94
1352.16
1361.60
1370.21
1377.93
1384.71
1390.48
1395.17
1398.74
1401.15
1402.36
985.83
1004.55
1023.17
1041.66
1060.00
1078.18
1096.16
1113.94
1131.49
1148.80
1165.83
1182.59
1199.03
1215.14
1230.91
1246.29
1261.28
1275.83
1289.92
1303.53
1316.61
1329.12
1341.02
1352.27
1362.80
1372.57
1381.51
1389.56
1396.63
1402.67
1407.60
1411.37
1413.90
1415.18
990.90
1009.76
1028.51
1047.13
1065.61
1083.93
1102.06
1120.00
1137.71
1155.18
1172.39
1189.32
1205.96
1222.27
1238.24
1253.85
1269.06
1283.86
1298.22
1312.10
1325.47
1338.28
1350.50
1362.08
1372.96
1383.08
1392.37
1400.76
1408.17
1414.52
1419.72
1423.70
1426.39
1427.74
995.57
1014.54
1033.41
1052.17
1070.78
1089.23
1107.50
1125.58
1143.44
1161.06
1178.44
1195.54
1212.36
1228.86
1245.04
1260.86
1276.30
1291.34
1305.95
1320.10
1333.76
1346.88
1359.43
1371.35
1382.59
1393.08
1402.75
1411.51
1419.29
1425.98
1431.49
1435.71
1438.58
1440.03
999.81
1018.90
1037.88
1056.75
1075.48
1094.06
1112.46
1130.67
1148.67
1166.44
1183.97
1201.23
1218.22
1234.90
1251.27
1267.29
1282.95
1298.23
1313.09
1327.51
1341.45
1354.88
1367.75
1380.02
1391.63
1402.51
1412.58
1421.76
1429.94
1437.01
1442.87
1447.39
1450.46
1452.02
1003.63
1022.82
1041.91
1060.88
1079.72
1098.40
1116.92
1135.25
1153.38
1171.29
1188.96
1206.38
1223.52
1240.37
1256.92
1273.13
1289.00
1304.49
1319.59
1334.27
1348.49
1362.22
1375.42
1388.05
1400.03
1411.31
1421.81
1431.43
1440.05
1447.56
1453.82
1458.68
1462.00
1463.69
1007.02
1026.29
1045.47
1064.54
1083.48
1102.27
1120.89
1139.33
1157.58
1175.61
1193.40
1210.96
1228.24
1245.25
1261.96
1278.35
1294.41
1310.11
1325.44
1340.36
1354.85
1368.87
1382.39
1395.36
1407.73
1419.42
1430.36
1440.45
1449.56
1457.55
1464.27
1469.53
1473.15
1475.01
1009.97
1029.32
1048.58
1067.73
1086.75
1105.63
1124.35
1142.89
1161.23
1179.37
1197.28
1214.96
1232.37
1249.52
1266.37
1282.93
1299.16
1315.05
1330.58
1345.73
1360.47
1374.77
1388.59
1401.90
1414.64
1426.75
1438.14
1448.72
1458.35
1466.88
1474.13
1479.86
1483.85
1485.91
1012.47
1031.89
1051.22
1070.44
1089.54
1108.49
1127.29
1145.91
1164.35
1182.58
1200.59
1218.36
1235.89
1253.16
1270.15
1286.84
1303.23
1319.29
1335.00
1350.35
1365.32
1379.87
1393.98
1407.60
1420.69
1433.20
1445.04
1456.12
1466.30
1475.42
1483.26
1489.56
1494.00
1496.31
1014.53
1034.00
1053.39
1072.67
1091.82
1110.84
1129.70
1148.40
1166.90
1185.21
1203.30
1221.17
1238.79
1256.16
1273.26
1290.07
1306.59
1322.79
1338.66
1354.19
1369.35
1384.12
1398.48
1412.39
1425.80
1438.68
1450.95
1462.51
1473.25
1482.98
1491.48
1498.44
1503.44
1506.09
1016.13
1035.65
1055.08
1074.40
1093.61
1112.67
1131.59
1150.34
1168.90
1187.27
1205.43
1223.36
1241.06
1258.51
1275.69
1292.60
1309.22
1325.54
1341.54
1357.21
1372.53
1387.49
1402.05
1416.20
1429.89
1443.09
1455.73
1467.74
1479.00
1489.34
1498.54
1506.23
1511.91
1515.00
1017.28
1036.82
1056.29
1075.64
1094.88
1113.99
1132.94
1151.72
1170.33
1188.74
1206.95
1224.93
1242.69
1260.19
1277.44
1294.42
1311.12
1327.52
1343.62
1359.39
1374.83
1389.92
1404.64
1418.97
1432.87
1446.32
1459.26
1471.63
1483.34
1494.23
1504.08
1512.52
1518.97
1522.60
1017.96
1037.53
1057.01
1076.39
1095.65
1114.77
1133.75
1152.56
1171.19
1189.63
1207.86
1225.88
1243.66
1261.21
1278.49
1295.51
1312.26
1328.71
1344.86
1360.70
1376.22
1391.39
1406.21
1420.65
1434.69
1448.29
1461.43
1474.04
1486.05
1497.33
1507.67
1516.73
1523.88
1528.08
1018.19
1037.77
1057.25
1076.64
1095.90
1115.04
1134.02
1152.84
1171.48
1189.93
1208.17
1226.19
1243.99
1261.54
1278.84
1295.88
1312.64
1329.11
1345.28
1361.14
1376.68
1391.88
1406.73
1421.21
1435.29
1448.96
1462.16
1474.86
1486.97
1498.39
1508.92
1518.23
1525.66
1530.04
1017.96
1037.53
1057.01
1076.39
1095.65
1114.77
1133.75
1152.56
1171.19
1189.63
1207.86
1225.88
1243.66
1261.20
1278.49
1295.51
1312.25
1328.71
1344.86
1360.70
1376.22
1391.39
1406.20
1420.64
1434.68
1448.29
1461.43
1474.04
1486.04
1497.32
1507.66
1516.72
1523.87
1528.07
1017.27
1036.82
1056.28
1075.64
1094.88
1113.98
1132.93
1151.72
1170.33
1188.74
1206.95
1224.93
1242.68
1260.19
1277.44
1294.41
1311.11
1327.51
1343.61
1359.38
1374.82
1389.91
1404.63
1418.96
1432.86
1446.31
1459.25
1471.62
1483.32
1494.21
1504.06
1512.50
1518.96
1522.59
1016.12
1035.64
1055.07
1074.40
1093.60
1112.67
1131.58
1150.33
1168.89
1187.26
1205.42
1223.36
1241.05
1258.50
1275.69
1292.59
1309.21
1325.53
1341.53
1357.20
1372.52
1387.48
1402.04
1416.18
1429.87
1443.07
1455.71
1467.72
1478.98
1489.32
1498.52
1506.21
1511.89
1514.97
1014.52
1033.99
1053.38
1072.66
1091.82
1110.83
1129.70
1148.39
1166.90
1185.20
1203.30
1221.16
1238.78
1256.15
1273.25
1290.06
1306.58
1322.78
1338.65
1354.18
1369.34
1384.11
1398.46
1412.37
1425.79
1438.66
1450.92
1462.49
1473.22
1482.96
1491.46
1498.41
1503.41
1506.06
1012.46
1031.88
1051.21
1070.43
1089.53
1108.48
1127.28
1145.90
1164.33
1182.56
1200.58
1218.35
1235.88
1253.15
1270.13
1286.83
1303.21
1319.27
1334.99
1350.34
1365.30
1379.85
1393.96
1407.58
1420.67
1433.18
1445.01
1456.09
1466.27
1475.39
1483.23
1489.52
1493.97
1496.28
1009.96
1029.31
1048.57
1067.72
1086.74
1105.62
1124.34
1142.87
1161.22
1179.36
1197.27
1214.94
1232.36
1249.50
1266.36
1282.91
1299.14
1315.03
1330.56
1345.71
1360.45
1374.75
1388.57
1401.88
1414.61
1426.72
1438.11
1448.68
1458.32
1466.85
1474.09
1479.82
1483.81
1485.87
1007.01
1026.28
1045.46
1064.53
1083.46
1102.25
1120.88
1139.32
1157.56
1175.59
1193.39
1210.94
1228.23
1245.23
1261.94
1278.33
1294.39
1310.09
1325.41
1340.33
1354.82
1368.84
1382.36
1395.33
1407.70
1419.39
1430.33
1440.41
1449.52
1457.52
1464.23
1469.49
1473.11
1474.96
1003.62
1022.80
1041.89
1060.86
1079.70
1098.39
1116.91
1135.24
1153.37
1171.27
1188.94
1206.36
1223.50
1240.35
1256.90
1273.11
1288.98
1304.47
1319.57
1334.24
1348.46
1362.19
1375.39
1388.02
1400.00
1411.28
1421.77
1431.39
1440.02
1447.52
1453.78
1458.63
1461.96
1463.65
999.80
1018.88
1037.87
1056.73
1075.46
1094.04
1112.44
1130.65
1148.65
1166.42
1183.95
1201.21
1218.20
1234.88
1251.25
1267.27
1282.93
1298.20
1313.06
1327.48
1341.42
1354.85
1367.72
1379.99
1391.60
1402.47
1412.54
1421.72
1429.90
1436.97
1442.83
1447.34
1450.42
1451.98
995.55
1014.52
1033.40
1052.15
1070.76
1089.21
1107.48
1125.56
1143.42
1161.04
1178.42
1195.52
1212.34
1228.84
1245.01
1260.83
1276.27
1291.31
1305.92
1320.07
1333.73
1346.85
1359.39
1371.31
1382.55
1393.04
1402.71
1411.47
1419.25
1425.94
1431.44
1435.67
1438.54
1439.98
990.88
1009.74
1028.49
1047.11
1065.59
1083.91
1102.04
1119.97
1137.68
1155.15
1172.37
1189.30
1205.93
1222.24
1238.21
1253.82
1269.04
1283.83
1298.19
1312.07
1325.43
1338.25
1350.47
1362.04
1372.92
1383.04
1392.33
1400.72
1408.13
1414.47
1419.67
1423.65
1426.34
1427.69
985.81
1004.53
1023.15
1041.64
1059.98
1078.15
1096.14
1113.92
1131.47
1148.77
1165.81
1182.56
1199.00
1215.12
1230.88
1246.26
1261.24
1275.80
1289.89
1303.49
1316.57
1329.08
1340.98
1352.23
1362.76
1372.53
1381.47
1389.51
1396.59
1402.62
1407.56
1411.32
1413.85
1415.13
980.33
998.92
1017.40
1035.74
1053.93
1071.95
1089.78
1107.39
1124.78
1141.91
1158.76
1175.32
1191.57
1207.48
1223.02
1238.18
1252.92
1267.23
1281.06
1294.39
1307.18
1319.39
1330.98
1341.90
1352.11
1361.55
1370.16
1377.89
1384.66
1390.43
1395.12
1398.69
1401.10
1402.31
974.46
992.91
1011.23
1029.42
1047.46
1065.32
1082.98
1100.42
1117.63
1134.58
1151.24
1167.61
1183.65
1199.35
1214.67
1229.60
1244.10
1258.15
1271.72
1284.78
1297.29
1309.21
1320.50
1331.11
1341.01
1350.14
1358.45
1365.89
1372.39
1377.90
1382.39
1385.79
1388.08
1389.23
968.21
986.50
1004.67
1022.70
1040.57
1058.26
1075.75
1093.01
1110.04
1126.80
1143.27
1159.43
1175.27
1190.75
1205.84
1220.54
1234.80
1248.60
1261.91
1274.70
1286.93
1298.56
1309.57
1319.89
1329.50
1338.34
1346.37
1353.53
1359.78
1365.08
1369.37
1372.63
1374.82
1375.91
961.59
979.72
997.72
1015.58
1033.28
1050.79
1068.10
1085.18
1102.02
1118.58
1134.86
1150.81
1166.43
1181.69
1196.57
1211.03
1225.04
1238.60
1251.65
1264.17
1276.13
1287.50
1298.22
1308.27
1317.60
1326.17
1333.93
1340.85
1346.88
1351.97
1356.09
1359.22
1361.31
1362.36
954.61
972.57
990.40
1008.08
1025.60
1042.93
1060.06
1076.95
1093.59
1109.95
1126.02
1141.77
1157.17
1172.21
1186.85
1201.08
1214.86
1228.16
1240.96
1253.23
1264.93
1276.02
1286.48
1296.26
1305.33
1313.65
1321.17
1327.86
1333.68
1338.59
1342.56
1345.56
1347.58
1348.59
947.28
965.06
982.71
1000.21
1017.55
1034.69
1051.62
1068.32
1084.76
1100.92
1116.78
1132.32
1147.50
1162.32
1176.73
1190.72
1204.26
1217.32
1229.88
1241.89
1253.33
1264.17
1274.38
1283.91
1292.73
1300.81
1308.10
1314.58
1320.21
1324.95
1328.78
1331.68
1333.62
1334.59
939.62
957.21
974.67
991.99
1009.13
1026.09
1042.82
1059.32
1075.55
1091.51
1107.16
1122.48
1137.44
1152.03
1166.22
1179.98
1193.28
1206.10
1218.41
1230.18
1241.37
1251.97
1261.93
1271.22
1279.81
1287.66
1294.74
1301.03
1306.48
1311.07
1314.77
1317.57
1319.44
1320.38
931.63
949.03
966.30
983.42
1000.37
1017.13
1033.66
1049.95
1065.98
1081.73
1097.16
1112.26
1127.01
1141.37
1155.33
1168.86
1181.93
1194.51
1206.58
1218.11
1229.07
1239.43
1249.15
1258.22
1266.58
1274.23
1281.11
1287.21
1292.50
1296.95
1300.53
1303.24
1305.05
1305.96
923.32
940.53
957.61
974.53
991.28
1007.83
1024.16
1040.24
1056.06
1071.59
1086.81
1101.70
1116.22
1130.36
1144.09
1157.39
1170.23
1182.58
1194.42
1205.72
1216.44
1226.57
1236.08
1244.92
1253.08
1260.52
1267.22
1273.15
1278.29
1282.60
1286.08
1288.70
1290.46
1291.34
914.72
931.73
948.60
965.32
981.86
998.21
1014.33
1030.20
1045.81
1061.13
1076.13
1090.79
1105.10
1119.01
1132.52
1145.59
1158.20
1170.33
1181.94
1193.01
1203.51
1213.42
1222.71
1231.35
1239.31
1246.56
1253.09
1258.86
1263.85
1268.04
1271.42
1273.97
1275.67
1276.52
905.83
922.63
939.30
955.81
972.15
988.28
1004.19
1019.85
1035.24
1050.34
1065.13
1079.57
1093.65
1107.35
1120.63
1133.48
1145.87
1157.77
1169.16
1180.01
1190.29
1199.99
1209.07
1217.51
1225.28
1232.36
1238.72
1244.34
1249.20
1253.28
1256.56
1259.04
1260.69
1261.52
896.67
913.26
929.72
946.02
962.14
978.06
993.75
1009.20
1024.37
1039.26
1053.82
1068.05
1081.91
1095.38
1108.44
1121.07
1133.24
1144.92
1156.09
1166.73
1176.81
1186.30
1195.18
1203.43
1211.02
1217.93
1224.13
1229.61
1234.34
1238.32
1241.51
1243.92
1245.53
1246.33
887.25
903.63
919.87
935.95
951.86
967.56
983.04
998.27
1013.22
1027.89
1042.23
1056.24
1069.88
1083.13
1095.97
1108.38
1120.33
1131.80
1142.76
1153.19
1163.06
1172.36
1181.05
1189.12
1196.53
1203.28
1209.34
1214.68
1219.30
1223.17
1226.28
1228.63
1230.19
1230.98
877.59
893.75
909.77
925.64
941.32
956.80
972.06
987.07
1001.81
1016.25
1030.38
1044.16
1057.58
1070.62
1083.24
1095.44
1107.17
1118.43
1129.18
1139.41
1149.09
1158.19
1166.70
1174.59
1181.84
1188.44
1194.35
1199.57
1204.07
1207.85
1210.88
1213.17
1214.70
1215.46
867.70
883.63
899.43
915.08
930.54
945.80
960.84
975.62
990.14
1004.36
1018.27
1031.84
1045.04
1057.86
1070.27
1082.25
1093.78
1104.83
1115.38
1125.41
1134.89
1143.81
1152.14
1159.86
1166.96
1173.40
1179.18
1184.28
1188.68
1192.36
1195.32
1197.55
1199.04
1199.79
857.60
873.30
888.88
904.30
919.54
934.57
949.38
963.95
978.24
992.24
1005.93
1019.28
1032.27
1044.87
1057.07
1068.84
1080.16
1091.01
1101.36
1111.20
1120.49
1129.23
1137.39
1144.95
1151.89
1158.20
1163.85
1168.83
1173.12
1176.72
1179.62
1181.79
1183.25
1183.97
847.30
862.77
878.12
893.31
908.32
923.13
937.72
952.06
966.13
979.91
993.38
1006.51
1019.28
1031.67
1043.66
1055.22
1066.34
1076.99
1087.15
1096.79
1105.91
1114.47
1122.47
1129.87
1136.66
1142.83
1148.36
1153.23
1157.43
1160.94
1163.77
1165.90
1167.32
1168.02
836.81
852.06
867.17
882.13
896.92
911.50
925.86
939.97
953.82
967.38
980.63
993.54
1006.10
1018.28
1030.06
1041.42
1052.33
1062.78
1072.75
1082.22
1091.16
1099.55
1107.38
1114.63
1121.28
1127.32
1132.73
1137.49
1141.60
1145.04
1147.80
1149.88
1151.26
1151.96
826.17
841.18
856.06
870.78
885.34
899.69
913.82
927.71
941.34
954.67
967.70
980.40
992.74
1004.71
1016.28
1027.44
1038.16
1048.42
1058.20
1067.48
1076.25
1084.48
1092.15
1099.26
1105.77
1111.68
1116.97
1121.63
1125.65
1129.02
1131.72
1133.75
1135.11
1135.78
815.37
830.15
844.79
859.28
873.60
887.72
901.62
915.29
928.69
941.80
954.61
967.09
979.23
990.99
1002.36
1013.31
1023.84
1033.91
1043.51
1052.61
1061.21
1069.28
1076.80
1083.76
1090.14
1095.93
1101.11
1105.67
1109.60
1112.90
1115.54
1117.53
1118.85
1119.51
804.45
818.98
833.38
847.64
861.72
875.61
889.29
902.72
915.90
928.80
941.39
953.65
965.57
977.13
988.30
999.06
1009.39
1019.27
1028.69
1037.62
1046.06
1053.97
1061.34
1068.16
1074.41
1080.08
1085.15
1089.62
1093.47
1096.69
1099.28
1101.22
1102.52
1103.17
793.41
807.70
821.86
835.88
849.73
863.39
876.83
890.04
902.99
915.66
928.04
940.09
951.80
963.15
974.12
984.68
994.83
1004.53
1013.77
1022.53
1030.80
1038.56
1045.79
1052.47
1058.60
1064.15
1069.12
1073.49
1077.26
1080.42
1082.95
1084.85
1086.12
1086.76
782.28
796.32
810.25
824.02
837.63
851.06
864.27
877.25
889.98
902.43
914.59
926.43
937.93
949.08
959.85
970.22
980.18
989.70
998.76
1007.36
1015.47
1023.08
1030.16
1036.71
1042.72
1048.16
1053.03
1057.31
1061.00
1064.09
1066.57
1068.43
1069.68
1070.30
771.08
784.87
798.55
812.09
825.46
838.65
851.63
864.38
876.89
889.12
901.06
912.69
923.99
934.93
945.50
955.69
965.46
974.80
983.69
992.13
1000.08
1007.54
1014.49
1020.91
1026.79
1032.12
1036.89
1041.09
1044.71
1047.73
1050.16
1051.98
1053.20
1053.81
759.81
773.36
786.80
800.09
813.23
826.18
838.93
851.46
863.74
875.75
887.48
898.89
909.99
920.73
931.11
941.10
950.69
959.85
968.58
976.85
984.65
991.97
998.78
1005.07
1010.84
1016.07
1020.74
1024.85
1028.39
1031.36
1033.73
1035.52
1036.71
1037.31
748.52
761.82
775.00
788.06
800.95
813.67
826.19
838.49
850.54
862.34
873.85
885.06
895.95
906.49
916.68
926.49
935.89
944.89
953.45
961.56
969.21
976.38
983.06
989.23
994.89
1000.01
1004.59
1008.62
1012.09
1014.99
1017.32
1019.07
1020.24
1020.82
737.20
750.25
763.19
776.00
788.66
801.14
813.43
825.50
837.34
848.92
860.21
871.22
881.90
892.25
902.24
911.87
921.10
929.92
938.32
946.27
953.78
960.81
967.36
973.41
978.95
983.97
988.45
992.40
995.80
998.65
1000.93
1002.64
1003.79
1004.36
725.90
738.70
751.39
763.96
776.37
788.62
800.68
812.53
824.14
835.50
846.59
857.38
867.87
878.02
887.83
897.26
906.32
914.97
923.21
931.01
938.37
945.27
951.68
957.62
963.05
967.97
972.37
976.24
979.57
982.35
984.59
986.27
987.39
987.95
714.62
727.17
739.61
751.94
764.12
776.13
787.96
799.58
810.97
822.11
832.99
843.58
853.87
863.83
873.45
882.70
891.59
900.07
908.15
915.81
923.02
929.78
936.07
941.89
947.21
952.03
956.35
960.14
963.40
966.13
968.33
969.97
971.07
971.62
703.39
715.69
727.89
739.97
751.91
763.69
775.29
786.68
797.86
808.79
819.45
829.84
839.93
849.70
859.13
868.21
876.92
885.25
893.17
900.67
907.75
914.38
920.55
926.25
931.47
936.19
940.42
944.14
947.34
950.01
952.16
953.77
954.85
955.39
692.23
704.28
716.23
728.07
739.78
751.32
762.69
773.87
784.82
795.54
806.00
816.19
826.08
835.66
844.91
853.82
862.36
870.52
878.29
885.65
892.58
899.08
905.13
910.72
915.84
920.47
924.61
928.26
931.39
934.01
936.12
937.70
938.76
939.28
681.17
692.97
704.68
716.28
727.75
739.06
750.21
761.16
771.90
782.40
792.66
802.65
812.35
821.74
830.81
839.54
847.92
855.92
863.54
870.75
877.55
883.92
889.85
895.33
900.35
904.89
908.95
912.52
915.60
918.17
920.23
921.78
922.81
923.33
670.23
681.78
693.25
704.61
715.84
726.93
737.85
748.58
759.10
769.40
779.46
789.25
798.75
807.96
816.86
825.42
833.63
841.48
848.94
856.02
862.68
868.93
874.74
880.11
885.03
889.49
893.47
896.97
899.98
902.50
904.52
906.04
907.06
907.56
659.43
670.74
681.96
693.09
704.09
714.95
725.64
736.16
746.47
756.56
766.42
776.01
785.33
794.36
803.08
811.47
819.52
827.22
834.54
841.47
848.01
854.13
859.83
865.10
869.92
874.28
878.19
881.62
884.57
887.04
889.02
890.51
891.51
892.01
648.81
659.87
670.86
681.74
692.51
703.15
713.63
723.93
734.03
743.92
753.57
762.98
772.11
780.96
789.51
797.74
805.63
813.17
820.35
827.15
833.56
839.56
845.15
850.31
855.04
859.32
863.14
866.51
869.40
871.83
873.77
875.23
876.20
876.69
638.38
649.20
659.95
670.60
681.15
691.56
701.82
711.91
721.81
731.50
740.96
750.17
759.13
767.80
776.18
784.24
791.98
799.37
806.41
813.08
819.36
825.25
830.73
835.79
840.42
844.62
848.37
851.67
854.51
856.88
858.79
860.22
861.18
861.65
628.16
638.75
649.27
659.70
670.02
680.21
690.26
700.14
709.83
719.32
728.60
737.63
746.40
754.90
763.11
771.02
778.61
785.85
792.75
799.29
805.45
811.22
816.60
821.56
826.11
830.22
833.90
837.14
839.92
842.25
844.12
845.52
846.46
846.93
618.20
628.55
638.84
649.05
659.15
669.13
678.96
688.64
698.14
707.44
716.52
725.37
733.97
742.30
750.35
758.10
765.54
772.65
779.42
785.83
791.87
797.53
802.80
807.67
812.12
816.16
819.77
822.94
825.67
827.96
829.79
831.17
832.09
832.55
608.51
618.64
628.70
638.69
648.57
658.34
667.97
677.45
686.75
695.87
704.77
713.44
721.87
730.04
737.93
745.53
752.82
759.79
766.43
772.71
778.64
784.19
789.36
794.14
798.51
802.47
806.01
809.12
811.80
814.04
815.84
817.19
818.10
818.55
599.12
609.02
618.87
628.64
638.32
647.88
657.32
666.60
675.71
684.64
693.36
701.87
710.13
718.14
725.88
733.33
740.48
747.32
753.83
759.99
765.81
771.26
776.33
781.01
785.30
789.19
792.66
795.72
798.35
800.55
802.31
803.64
804.52
804.97
590.06
599.75
609.38
618.94
628.42
637.78
647.02
656.12
665.05
673.80
682.35
690.68
698.79
706.64
714.23
721.54
728.56
735.26
741.65
747.70
753.41
758.75
763.73
768.33
772.54
776.35
779.76
782.76
785.34
787.50
789.24
790.54
791.41
791.84
581.36
590.83
600.26
609.62
618.90
628.07
637.12
646.04
654.79
663.37
671.75
679.92
687.87
695.58
703.02
710.19
717.08
723.66
729.93
735.87
741.47
746.72
751.61
756.12
760.26
764.00
767.35
770.30
772.83
774.95
776.65
777.93
778.79
779.21
573.03
582.31
591.54
600.70
609.79
618.78
627.65
636.39
644.97
653.38
661.60
669.62
677.42
684.98
692.29
699.33
706.09
712.56
718.71
724.54
730.04
735.20
740.00
744.44
748.50
752.18
755.47
758.36
760.85
762.93
764.61
765.86
766.70
767.12
565.12
574.20
583.24
592.22
601.13
609.94
618.64
627.20
635.62
643.87
651.95
659.82
667.47
674.90
682.07
688.99
695.63
701.98
708.02
713.75
719.16
724.23
728.94
733.30
737.30
740.91
744.15
746.99
749.44
751.49
753.13
754.36
755.19
755.60
557.64
566.53
575.39
584.20
592.93
601.57
610.11
618.51
626.78
634.88
642.80
650.54
658.05
665.35
672.40
679.20
685.72
691.96
697.91
703.54
708.86
713.84
718.48
722.76
726.69
730.25
733.43
736.23
738.63
740.65
742.27
743.48
744.29
744.70
550.62
559.34
568.03
576.67
585.24
593.72
602.10
610.35
618.47
626.43
634.22
641.81
649.21
656.38
663.31
669.99
676.41
682.55
688.40
693.94
699.17
704.07
708.64
712.86
716.72
720.22
723.35
726.11
728.48
730.46
732.05
733.25
734.05
734.45
544.09
552.64
561.17
569.65
578.07
586.40
594.63
602.75
610.73
618.56
626.21
633.69
640.96
648.01
654.84
661.41
667.73
673.78
679.53
684.99
690.14
694.97
699.46
703.62
707.43
710.88
713.96
716.67
719.01
720.96
722.53
723.71
724.50
724.89
538.06
546.47
554.85
563.18
571.46
579.65
587.75
595.73
603.58
611.29
618.82
626.18
633.34
640.29
647.01
653.49
659.72
665.67
671.35
676.73
681.80
686.56
690.99
695.09
698.84
702.24
705.28
707.96
710.26
712.19
713.74
714.90
715.67
716.06
537.10
545.51
553.89
562.24
570.52
578.72
586.82
594.82
602.68
610.39
617.94
625.31
632.48
639.44
646.18
652.67
658.91
664.87
670.56
675.95
681.04
685.81
690.25
694.36
698.12
701.53
704.57
707.26
709.56
711.50
713.05
714.21
714.99
715.38
543.15
551.71
560.24
568.73
577.15
585.50
593.74
601.86
609.85
617.69
625.36
632.85
640.13
647.20
654.04
660.63
666.96
673.02
678.79
684.26
689.42
694.26
698.76
702.93
706.75
710.20
713.30
716.02
718.36
720.32
721.89
723.07
723.86
724.25
549.70
558.43
567.12
575.77
584.35
592.84
601.23
609.50
617.63
625.60
633.40
641.01
648.42
655.60
662.55
669.25
675.68
681.83
687.70
693.25
698.49
703.41
707.98
712.21
716.09
719.60
722.74
725.50
727.88
729.86
731.46
732.66
733.46
733.86
556.74
565.65
574.52
583.33
592.07
600.73
609.27
617.69
625.97
634.09
642.03
649.77
657.31
664.62
671.68
678.50
685.04
691.29
697.25
702.90
708.23
713.22
717.87
722.17
726.11
729.67
732.86
735.67
738.08
740.10
741.73
742.94
743.76
744.16
564.25
573.34
582.39
591.38
600.30
609.12
617.84
626.42
634.85
643.12
651.21
659.10
666.77
674.21
681.40
688.33
694.99
701.35
707.42
713.16
718.58
723.66
728.39
732.76
736.77
740.39
743.64
746.49
748.94
751.00
752.65
753.88
754.71
755.12
572.19
581.47
590.72
599.90
609.00
618.00
626.89
635.64
644.24
652.67
660.91
668.95
676.76
684.34
691.67
698.73
705.50
711.98
718.15
724.00
729.52
734.69
739.50
743.95
748.02
751.71
755.01
757.92
760.41
762.50
764.18
765.44
766.28
766.70
580.54
590.03
599.47
608.85
618.14
627.33
636.40
645.33
654.10
662.69
671.10
679.29
687.26
694.98
702.45
709.64
716.54
723.14
729.43
735.38
741.00
746.27
751.17
755.70
759.84
763.60
766.96
769.91
772.46
774.58
776.29
777.57
778.43
778.86
589.27
598.97
608.62
618.20
627.69
637.08
646.34
655.45
664.40
673.17
681.74
690.10
698.22
706.09
713.70
721.03
728.07
734.80
741.20
747.27
752.99
758.35
763.35
767.96
772.18
776.01
779.43
782.44
785.03
787.20
788.93
790.24
791.11
791.55
598.36
608.28
618.15
627.93
637.63
647.22
656.67
665.97
675.11
684.06
692.80
701.33
709.61
717.64
725.40
732.88
740.05
746.91
753.43
759.62
765.45
770.92
776.00
780.71
785.01
788.91
792.39
795.46
798.10
800.30
802.07
803.40
804.29
804.74
607.78
617.93
628.01
638.01
647.92
657.71
667.37
676.87
686.19
695.33
704.25
712.95
721.40
729.59
737.51
745.13
752.45
759.44
766.09
772.40
778.34
783.92
789.10
793.89
798.28
802.25
805.80
808.93
811.62
813.87
815.67
817.03
817.93
818.38
617.50
627.88
638.19
648.41
658.54
668.54
678.40
688.10
697.62
706.95
716.06
724.93
733.56
741.91
749.99
757.76
765.22
772.35
779.14
785.57
791.63
797.31
802.60
807.48
811.96
816.01
819.63
822.81
825.55
827.85
829.69
831.07
831.99
832.45
627.50
638.11
648.65
659.10
669.44
679.66
689.73
699.64
709.36
718.88
728.18
737.24
746.04
754.57
762.80
770.73
778.34
785.62
792.54
799.10
805.28
811.07
816.46
821.44
826.00
830.14
833.83
837.07
839.87
842.21
844.08
845.49
846.43
846.90
637.74
648.59
659.36
670.05
680.62
691.05
701.34
711.46
721.38
731.10
740.59
749.84
758.82
767.52
775.92
784.01
791.77
799.19
806.25
812.94
819.25
825.16
830.66
835.74
840.39
844.60
848.37
851.68
854.53
856.91
858.82
860.26
861.22
861.70
648.21
659.30
670.31
681.22
692.02
702.69
713.19
723.52
733.65
743.57
753.26
762.69
771.86
780.74
789.31
797.57
805.48
813.05
820.25
827.08
833.51
839.54
845.14
850.33
855.07
859.37
863.21
866.58
869.49
871.92
873.87
875.34
876.32
876.81
658.87
670.20
681.46
692.61
703.64
714.53
725.25
735.80
746.14
756.27
766.15
775.78
785.13
794.19
802.94
811.36
819.44
827.16
834.51
841.47
848.03
854.17
859.89
865.18
870.02
874.40
878.32
881.76
884.73
887.21
889.20
890.69
891.69
892.19
669.70
681.28
692.78
704.17
715.43
726.55
737.50
748.27
758.82
769.16
779.24
789.07
798.61
807.85
816.77
825.36
833.60
841.48
848.97
856.07
862.77
869.04
874.87
880.26
885.20
889.67
893.67
897.18
900.21
902.74
904.77
906.29
907.31
907.82
680.68
692.51
704.25
715.88
727.38
738.73
749.91
760.89
771.67
782.21
792.50
802.52
812.25
821.68
830.78
839.55
847.95
855.99
863.63
870.87
877.70
884.10
890.05
895.55
900.58
905.15
909.22
912.81
915.90
918.48
920.55
922.10
923.14
923.66
691.77
703.85
715.84
727.71
739.45
751.04
762.44
773.65
784.64
795.40
805.89
816.11
826.04
835.66
844.94
853.88
862.45
870.65
878.45
885.83
892.80
899.32
905.39
911.00
916.14
920.79
924.95
928.61
931.76
934.40
936.51
938.10
939.16
939.69
702.96
715.30
727.53
739.65
751.63
763.44
775.08
786.51
797.72
808.69
819.40
829.82
839.95
849.75
859.22
868.34
877.08
885.44
893.39
900.92
908.03
914.68
920.88
926.60
931.84
936.59
940.83
944.57
947.78
950.47
952.62
954.24
955.32
955.86
714.23
726.81
739.30
751.66
763.88
775.93
787.79
799.45
810.89
822.07
832.99
843.62
853.94
863.94
873.59
882.89
891.80
900.32
908.43
916.12
923.36
930.15
936.47
942.31
947.66
952.50
956.83
960.64
963.92
966.66
968.86
970.51
971.62
972.17
725.54
738.38
751.11
763.72
776.18
788.46
800.56
812.45
824.10
835.50
846.63
857.47
867.99
878.18
888.03
897.50
906.60
915.28
923.55
931.39
938.78
945.70
952.15
958.11
963.56
968.50
972.92
976.81
980.15
982.95
985.20
986.89
988.01
988.58
736.88
749.97
762.95
775.80
788.50
801.03
813.36
825.47
837.35
848.97
860.31
871.36
882.08
892.47
902.50
912.16
921.43
930.29
938.72
946.72
954.25
961.31
967.89
973.96
979.53
984.57
989.08
993.05
996.46
999.32
1001.61
1003.33
1004.48
1005.06
748.23
761.57
774.80
787.90
800.84
813.60
826.16
838.50
850.61
862.44
874.00
885.25
896.18
906.77
917.00
926.84
936.29
945.32
953.92
962.07
969.75
976.95
983.66
989.86
995.54
1000.68
1005.28
1009.33
1012.81
1015.73
1018.07
1019.83
1021.00
1021.59
759.56
773.15
786.63
799.97
813.15
826.15
838.95
851.52
863.84
875.90
887.67
899.14
910.27
921.06
931.48
941.51
951.14
960.35
969.11
977.42
985.26
992.60
999.44
1005.77
1011.56
1016.81
1021.51
1025.64
1029.19
1032.17
1034.56
1036.36
1037.55
1038.15
770.86
784.70
798.42
812.01
825.43
838.66
851.69
864.49
877.04
889.32
901.31
912.99
924.33
935.32
945.93
956.16
965.97
975.35
984.29
992.76
1000.75
1008.24
1015.22
1021.67
1027.58
1032.94
1037.73
1041.95
1045.58
1048.62
1051.06
1052.89
1054.11
1054.72
782.10
796.19
810.16
823.98
837.64
851.11
864.38
877.41
890.18
902.68
914.89
926.78
938.33
949.52
960.33
970.75
980.75
990.31
999.42
1008.05
1016.20
1023.84
1030.96
1037.54
1043.57
1049.04
1053.93
1058.24
1061.95
1065.05
1067.54
1069.41
1070.66
1071.29
793.26
807.60
821.81
835.88
849.78
863.48
876.98
890.24
903.24
915.96
928.39
940.49
952.25
963.65
974.66
985.27
995.46
1005.20
1014.48
1023.29
1031.60
1039.39
1046.65
1053.37
1059.52
1065.10
1070.10
1074.49
1078.28
1081.45
1083.99
1085.90
1087.18
1087.82
804.33
818.91
833.37
847.67
861.81
875.75
889.48
902.97
916.19
929.14
941.78
954.10
966.07
977.67
988.89
999.70
1010.07
1020.00
1029.47
1038.44
1046.91
1054.86
1062.27
1069.12
1075.40
1081.10
1086.20
1090.69
1094.56
1097.79
1100.39
1102.35
1103.65
1104.30
815.29
830.11
844.81
859.35
873.72
887.90
901.86
915.57
929.03
942.20
955.06
967.59
979.77
991.59
1003.01
1014.01
1024.58
1034.70
1044.34
1053.49
1062.13
1070.24
1077.79
1084.79
1091.20
1097.02
1102.23
1106.81
1110.76
1114.07
1116.73
1118.72
1120.06
1120.72
826.12
841.18
856.11
870.89
885.50
899.91
914.09
928.04
941.72
955.11
968.19
980.94
993.34
1005.36
1016.98
1028.19
1038.96
1049.27
1059.09
1068.42
1077.23
1085.50
1093.21
1100.35
1106.90
1112.84
1118.16
1122.84
1126.88
1130.26
1132.98
1135.02
1136.39
1137.07
836.79
852.09
867.26
882.28
897.12
911.75
926.17
940.34
954.25
967.86
981.17
994.13
1006.74
1018.98
1030.81
1042.22
1053.19
1063.69
1073.71
1083.21
1092.20
1100.63
1108.50
1115.79
1122.48
1128.55
1133.98
1138.77
1142.90
1146.36
1149.13
1151.22
1152.62
1153.32
847.31
862.84
878.24
893.49
908.56
923.43
938.07
952.47
966.60
980.44
993.96
1007.15
1019.97
1032.42
1044.46
1056.08
1067.25
1077.95
1088.16
1097.85
1107.01
1115.62
1123.65
1131.09
1137.92
1144.12
1149.68
1154.58
1158.80
1162.34
1165.18
1167.32
1168.74
1169.46
857.64
873.40
889.03
904.51
919.81
934.90
949.78
964.40
978.75
992.81
1006.56
1019.96
1033.01
1045.67
1057.92
1069.75
1081.12
1092.02
1102.43
1112.31
1121.66
1130.44
1138.64
1146.24
1153.22
1159.56
1165.24
1170.25
1174.57
1178.19
1181.10
1183.29
1184.75
1185.48
867.77
883.76
899.62
915.33
930.85
946.17
961.27
976.11
990.69
1004.97
1018.94
1032.56
1045.83
1058.71
1071.17
1083.21
1094.79
1105.90
1116.50
1126.58
1136.12
1145.08
1153.46
1161.22
1168.35
1174.83
1180.65
1185.77
1190.19
1193.90
1196.88
1199.13
1200.62
1201.37
877.69
893.91
909.99
925.92
941.66
957.21
972.53
987.60
1002.40
1016.90
1031.09
1044.93
1058.42
1071.51
1084.20
1096.45
1108.24
1119.56
1130.36
1140.64
1150.37
1159.52
1168.08
1176.01
1183.31
1189.94
1195.88
1201.13
1205.66
1209.46
1212.52
1214.82
1216.35
1217.12
887.38
903.82
920.12
936.27
952.23
968.00
983.54
998.83
1013.85
1028.58
1042.98
1057.05
1070.76
1084.07
1096.98
1109.44
1121.45
1132.98
1144.00
1154.48
1164.41
1173.75
1182.49
1190.61
1198.07
1204.85
1210.94
1216.32
1220.97
1224.86
1228.00
1230.35
1231.93
1232.72
896.82
913.48
930.00
946.36
962.55
978.53
994.29
1009.80
1025.04
1039.98
1054.61
1068.90
1082.83
1096.37
1109.49
1122.18
1134.41
1146.15
1157.38
1168.07
1178.21
1187.75
1196.69
1204.98
1212.62
1219.57
1225.81
1231.32
1236.09
1240.09
1243.30
1245.73
1247.35
1248.16
906.01
922.87
939.61
956.18
972.58
988.78
1004.75
1020.48
1035.94
1051.11
1065.96
1080.47
1094.62
1108.38
1121.72
1134.64
1147.09
1159.05
1170.50
1181.41
1191.75
1201.51
1210.64
1219.13
1226.95
1234.07
1240.47
1246.13
1251.02
1255.13
1258.43
1260.93
1262.59
1263.42
914.92
931.99
948.93
965.72
982.33
998.74
1014.93
1030.87
1046.54
1061.93
1077.00
1091.73
1106.10
1120.08
1133.66
1146.80
1159.47
1171.66
1183.33
1194.47
1205.03
1215.00
1224.34
1233.03
1241.04
1248.34
1254.91
1260.72
1265.75
1269.98
1273.38
1275.94
1277.66
1278.51
923.55
940.82
957.97
974.96
991.77
1008.39
1024.79
1040.94
1056.83
1072.43
1087.72
1102.67
1117.27
1131.47
1145.27
1158.64
1171.55
1183.97
1195.87
1207.23
1218.02
1228.21
1237.77
1246.67
1254.89
1262.38
1269.13
1275.10
1280.27
1284.62
1288.12
1290.77
1292.54
1293.42
931.88
949.35
966.69
983.88
1000.89
1017.72
1034.32
1050.68
1066.78
1082.60
1098.10
1113.28
1128.09
1142.53
1156.56
1170.15
1183.29
1195.95
1208.08
1219.68
1230.71
1241.13
1250.92
1260.04
1268.46
1276.16
1283.10
1289.24
1294.57
1299.05
1302.67
1305.40
1307.22
1308.14
939.89
957.55
975.08
992.47
1009.68
1026.70
1043.51
1060.08
1076.39
1092.41
1108.13
1123.52
1138.56
1153.22
1167.48
1181.31
1194.69
1207.58
1219.96
1231.80
1243.07
1253.73
1263.76
1273.11
1281.76
1289.67
1296.81
1303.14
1308.64
1313.27
1317.00
1319.82
1321.71
1322.66
947.58
965.42
983.14
1000.72
1018.12
1035.34
1052.34
1069.11
1085.62
1101.86
1117.79
1133.40
1148.66
1163.55
1178.04
1192.10
1205.72
1218.85
1231.48
1243.57
1255.08
1266.00
1276.27
1285.87
1294.76
1302.90
1310.25
1316.79
1322.46
1327.25
1331.12
1334.04
1336.00
1336.98
954.93
972.95
990.85
1008.61
1026.20
1043.60
1060.80
1077.76
1094.48
1110.92
1127.06
1142.88
1158.36
1173.48
1188.20
1202.50
1216.36
1229.74
1242.62
1254.96
1266.74
1277.91
1288.44
1298.30
1307.44
1315.82
1323.41
1330.16
1336.03
1340.99
1345.00
1348.04
1350.07
1351.09
961.93
980.12
998.19
1016.13
1033.90
1051.48
1068.87
1086.02
1102.93
1119.57
1135.92
1151.96
1167.66
1182.99
1197.94
1212.48
1226.58
1240.22
1253.35
1265.96
1278.00
1289.44
1300.25
1310.37
1319.78
1328.43
1336.26
1343.25
1349.34
1354.48
1358.65
1361.81
1363.93
1364.99
968.56
986.92
1005.16
1023.26
1041.21
1058.97
1076.53
1093.88
1110.98
1127.81
1144.36
1160.61
1176.52
1192.08
1207.26
1222.04
1236.38
1250.27
1263.66
1276.54
1288.85
1300.57
1311.66
1322.08
1331.77
1340.69
1348.80
1356.04
1362.36
1367.71
1372.06
1375.36
1377.57
1378.68
974.83
993.34
1011.74
1030.00
1048.11
1066.05
1083.78
1101.31
1118.59
1135.62
1152.36
1168.81
1184.93
1200.71
1216.12
1231.13
1245.72
1259.86
1273.52
1286.67
1299.27
1311.28
1322.66
1333.38
1343.37
1352.59
1360.99
1368.50
1375.08
1380.67
1385.21
1388.67
1390.99
1392.15
980.71
999.37
1017.92
1036.34
1054.61
1072.70
1090.61
1108.30
1125.76
1142.97
1159.91
1176.55
1192.88
1208.87
1224.50
1239.75
1254.58
1268.98
1282.90
1296.33
1309.21
1321.52
1333.22
1344.24
1354.56
1364.10
1372.81
1380.63
1387.49
1393.34
1398.10
1401.73
1404.17
1405.40
986.20
1005.00
1023.69
1042.26
1060.67
1078.92
1096.98
1114.84
1132.47
1149.86
1166.98
1183.81
1200.34
1216.54
1232.39
1247.86
1262.94
1277.59
1291.78
1305.48
1318.66
1331.28
1343.29
1354.65
1365.30
1375.18
1384.23
1392.39
1399.57
1405.70
1410.71
1414.54
1417.13
1418.43
991.29
1010.22
1029.04
1047.74
1066.30
1084.69
1102.90
1120.92
1138.71
1156.26
1173.55
1190.57
1207.29
1223.69
1239.75
1255.45
1270.77
1285.66
1300.12
1314.11
1327.58
1340.51
1352.85
1364.55
1375.55
1385.80
1395.22
1403.74
1411.27
1417.73
1423.03
1427.09
1429.83
1431.22
995.97
1015.02
1033.96
1052.79
1071.48
1090.01
1108.36
1126.51
1144.45
1162.16
1179.62
1196.82
1213.72
1230.31
1246.58
1262.49
1278.04
1293.18
1307.90
1322.16
1335.93
1349.18
1361.85
1373.91
1385.28
1395.92
1405.73
1414.65
1422.57
1429.39
1435.02
1439.35
1442.29
1443.78
1000.22
1019.38
1038.45
1057.39
1076.20
1094.85
1113.33
1131.62
1149.70
1167.56
1185.17
1202.53
1219.60
1236.38
1252.84
1268.96
1284.72
1300.10
1315.07
1329.61
1343.68
1357.24
1370.25
1382.67
1394.43
1405.47
1415.71
1425.06
1433.42
1440.66
1446.67
1451.31
1454.49
1456.09
1004.06
1023.32
1042.48
1061.53
1080.44
1099.21
1117.81
1136.22
1154.43
1172.43
1190.18
1207.69
1224.92
1241.87
1258.51
1274.83
1290.80
1306.40
1321.62
1336.42
1350.77
1364.64
1378.00
1390.78
1402.94
1414.40
1425.10
1434.92
1443.76
1451.47
1457.92
1462.95
1466.40
1468.16
1007.45
1026.80
1046.06
1065.20
1084.22
1103.08
1121.79
1140.31
1158.64
1176.75
1194.64
1212.28
1229.66
1246.76
1263.57
1280.07
1296.24
1312.05
1327.50
1342.55
1357.18
1371.35
1385.03
1398.18
1410.74
1422.64
1433.81
1444.14
1453.51
1461.76
1468.73
1474.21
1478.01
1479.96
1010.41
1029.84
1049.17
1068.40
1087.50
1106.46
1125.26
1143.88
1162.31
1180.53
1198.53
1216.30
1233.81
1251.05
1268.01
1284.67
1301.01
1317.02
1332.68
1347.96
1362.85
1377.31
1391.31
1404.81
1417.76
1430.10
1441.76
1452.62
1462.57
1471.43
1479.00
1485.04
1489.28
1491.47
1012.92
1032.41
1051.82
1071.12
1090.29
1109.33
1128.21
1146.91
1165.43
1183.75
1201.85
1219.72
1237.34
1254.71
1271.80
1288.60
1305.10
1321.28
1337.13
1352.62
1367.74
1382.46
1396.75
1410.59
1423.91
1436.69
1448.83
1460.24
1470.81
1480.34
1488.62
1495.35
1500.15
1502.67
1014.98
1034.53
1053.99
1073.35
1092.59
1111.68
1130.63
1149.40
1168.00
1186.39
1204.58
1222.53
1240.25
1257.72
1274.92
1291.85
1308.48
1324.81
1340.81
1356.49
1371.81
1386.76
1401.31
1415.44
1429.12
1442.29
1454.89
1466.85
1478.05
1488.31
1497.40
1504.96
1510.52
1513.51
1016.59
1036.18
1055.69
1075.09
1094.37
1113.52
1132.52
1151.35
1170.00
1188.46
1206.71
1224.73
1242.53
1260.08
1277.37
1294.39
1311.13
1327.57
1343.71
1359.53
1375.02
1390.16
1404.93
1419.31
1433.28
1446.80
1459.82
1472.28
1484.09
1495.09
1505.06
1513.62
1520.18
1523.87
1017.74
1037.36
1056.90
1076.34
1095.65
1114.84
1133.87
1152.74
1171.44
1189.94
1208.23
1226.31
1244.16
1261.77
1279.12
1296.22
1313.03
1329.56
1345.80
1361.73
1377.34
1392.62
1407.55
1422.13
1436.32
1450.11
1463.47
1476.34
1488.67
1500.35
1511.19
1520.86
1528.70
1533.46
1018.43
1038.07
1057.63
1077.08
1096.42
1115.63
1134.69
1153.58
1172.30
1190.83
1209.15
1227.26
1245.14
1262.79
1280.18
1297.31
1314.18
1330.76
1347.06
1363.05
1378.74
1394.11
1409.14
1423.84
1438.18
1452.14
1465.71
1478.87
1491.56
1503.73
1515.26
1525.91
1535.09
1541.33
1018.66
1038.31
1057.87
1077.33
1096.68
1115.89
1134.96
1153.86
1172.59
1191.12
1209.46
1227.58
1245.47
1263.13
1280.53
1297.68
1314.56
1331.16
1347.48
1363.49
1379.21
1394.60
1409.67
1424.41
1438.80
1452.82
1466.47
1479.72
1492.54
1504.90
1516.69
1527.74
1537.47
1544.05
1018.43
1038.07
1057.63
1077.08
1096.42
1115.63
1134.68
1153.58
1172.30
1190.82
1209.15
1227.26
1245.14
1262.78
1280.18
1297.31
1314.18
1330.76
1347.05
1363.05
1378.74
1394.10
1409.14
1423.83
1438.17
1452.14
1465.71
1478.86
1491.55
1503.72
1515.25
1525.90
1535.08
1541.32
1017.73
1037.36
1056.90
1076.33
1095.65
1114.83
1133.87
1152.74
1171.43
1189.93
1208.23
1226.31
1244.16
1261.76
1279.12
1296.21
1313.03
1329.56
1345.79
1361.72
1377.33
1392.61
1407.54
1422.12
1436.31
1450.10
1463.46
1476.33
1488.66
1500.34
1511.18
1520.85
1528.68
1533.44
1016.58
1036.17
1055.68
1075.08
1094.37
1113.52
1132.51
1151.34
1169.99
1188.45
1206.70
1224.73
1242.52
1260.07
1277.36
1294.38
1311.12
1327.56
1343.70
1359.52
1375.01
1390.15
1404.92
1419.30
1433.27
1446.78
1459.80
1472.26
1484.07
1495.07
1505.04
1513.60
1520.15
1523.84
1014.97
1034.52
1053.99
1073.34
1092.58
1111.68
1130.62
1149.40
1167.99
1186.38
1204.57
1222.52
1240.24
1257.71
1274.91
1291.83
1308.47
1324.79
1340.80
1356.47
1371.79
1386.74
1401.30
1415.43
1429.10
1442.27
1454.87
1466.83
1478.02
1488.29
1497.37
1504.93
1510.48
1513.47
1012.91
1032.41
1051.81
1071.11
1090.28
1109.32
1128.20
1146.90
1165.42
1183.74
1201.84
1219.71
1237.33
1254.69
1271.78
1288.59
1305.09
1321.27
1337.11
1352.60
1367.72
1382.44
1396.73
1410.56
1423.89
1436.66
1448.80
1460.21
1470.78
1480.31
1488.59
1495.31
1500.11
1502.63
1010.40
1029.83
1049.16
1068.39
1087.49
1106.45
1125.24
1143.87
1162.30
1180.52
1198.52
1216.28
1233.79
1251.03
1267.99
1284.65
1300.99
1317.00
1332.66
1347.94
1362.83
1377.28
1391.28
1404.78
1417.73
1430.07
1441.73
1452.59
1462.53
1471.39
1478.97
1485.00
1489.24
1491.43
1007.44
1026.79
1046.04
1065.19
1084.20
1103.07
1121.77
1140.30
1158.63
1176.74
1194.62
1212.27
1229.64
1246.75
1263.55
1280.05
1296.22
1312.03
1327.48
1342.53
1357.15
1371.33
1385.01
1398.15
1410.71
1422.61
1433.78
1444.10
1453.47
1461.72
1468.69
1474.17
1477.96
1479.91
1004.04
1023.30
1042.47
1061.51
1080.43
1099.20
1117.79
1136.21
1154.42
1172.41
1190.16
1207.67
1224.90
1241.85
1258.49
1274.80
1290.77
1306.38
1321.59
1336.39
1350.74
1364.62
1377.97
1390.75
1402.91
1414.37
1425.06
1434.88
1443.72
1451.43
1457.88
1462.90
1466.35
1468.11
1000.21
1019.37
1038.43
1057.37
1076.18
1094.83
1113.31
1131.60
1149.68
1167.54
1185.15
1202.51
1219.58
1236.35
1252.81
1268.93
1284.70
1300.08
1315.05
1329.58
1343.65
1357.21
1370.22
1382.63
1394.39
1405.43
1415.67
1425.02
1433.38
1440.62
1446.62
1451.27
1454.44
1456.05
995.95
1015.00
1033.95
1052.77
1071.46
1089.99
1108.34
1126.49
1144.43
1162.14
1179.60
1196.79
1213.69
1230.29
1246.55
1262.47
1278.01
1293.15
1307.87
1322.13
1335.90
1349.14
1361.82
1373.87
1385.24
1395.88
1405.69
1414.60
1422.52
1429.35
1434.98
1439.30
1442.24
1443.73
991.27
1010.20
1029.02
1047.72
1066.28
1084.67
1102.88
1120.89
1138.68
1156.24
1173.53
1190.55
1207.27
1223.67
1239.73
1255.43
1270.74
1285.63
1300.09
1314.07
1327.55
1340.48
1352.81
1364.51
1375.51
1385.76
1395.18
1403.69
1411.22
1417.68
1422.98
1427.04
1429.79
1431.17
986.18
1004.98
1023.67
1042.24
1060.65
1078.90
1096.96
1114.82
1132.45
1149.83
1166.95
1183.78
1200.31
1216.51
1232.36
1247.83
1262.91
1277.55
1291.75
1305.45
1318.63
1331.24
1343.25
1354.61
1365.26
1375.14
1384.19
1392.34
1399.52
1405.65
1410.66
1414.49
1417.08
1418.38
980.69
999.35
1017.90
1036.32
1054.58
1072.68
1090.58
1108.27
1125.73
1142.94
1159.88
1176.52
1192.85
1208.84
1224.47
1239.72
1254.55
1268.94
1282.87
1296.29
1309.18
1321.48
1333.18
1344.20
1354.51
1364.05
1372.76
1380.58
1387.45
1393.29
1398.05
1401.68
1404.12
1405.35
974.81
993.32
1011.72
1029.98
1048.09
1066.02
1083.76
1101.28
1118.56
1135.59
1152.33
1168.78
1184.90
1200.68
1216.09
1231.10
1245.69
1259.82
1273.48
1286.63
1299.23
1311.24
1322.62
1333.33
1343.32
1352.54
1360.94
1368.46
1375.03
1380.62
1385.16
1388.61
1390.94
1392.10
968.54
986.90
1005.14
1023.24
1041.18
1058.94
1076.51
1093.85
1110.95
1127.78
1144.33
1160.57
1176.49
1192.04
1207.22
1222.00
1236.34
1250.23
1263.62
1276.49
1288.81
1300.53
1311.62
1322.03
1331.72
1340.64
1348.75
1355.99
1362.31
1367.66
1372.01
1375.30
1377.52
1378.63
961.90
980.09
998.17
1016.10
1033.87
1051.45
1068.84
1085.99
1102.90
1119.54
1135.89
1151.92
1167.62
1182.96
1197.91
1212.45
1226.55
1240.18
1253.31
1265.92
1277.96
1289.40
1300.20
1310.33
1319.73
1328.38
1336.21
1343.20
1349.28
1354.43
1358.60
1361.76
1363.88
1364.94
954.90
972.92
990.82
1008.58
1026.17
1043.57
1060.77
1077.73
1094.44
1110.88
1127.02
1142.85
1158.33
1173.44
1188.16
1202.46
1216.31
1229.70
1242.57
1254.92
1266.69
1277.86
1288.39
1298.25
1307.39
1315.77
1323.36
1330.11
1335.98
1340.94
1344.95
1347.98
1350.02
1351.03
947.55
965.39
983.11
1000.68
1018.09
1035.30
1052.31
1069.07
1085.59
1101.82
1117.75
1133.36
1148.62
1163.51
1178.00
1192.06
1205.67
1218.81
1231.43
1243.52
1255.04
1265.95
1276.22
1285.82
1294.71
1302.85
1310.20
1316.73
1322.41
1327.19
1331.06
1333.98
1335.94
1336.92
939.86
957.52
975.05
992.44
1009.65
1026.67
1043.47
1060.04
1076.35
1092.37
1108.09
1123.48
1138.52
1153.18
1167.44
1181.27
1194.64
1207.54
1219.91
1231.75
1243.02
1253.68
1263.70
1273.06
1281.71
1289.62
1296.76
1303.09
1308.58
1313.21
1316.94
1319.77
1321.65
1322.60
931.85
949.31
966.65
983.84
1000.86
1017.68
1034.28
1050.65
1066.74
1082.56
1098.06
1113.23
1128.05
1142.48
1156.51
1170.11
1183.25
1195.90
1208.04
1219.63
1230.66
1241.08
1250.86
1259.99
1268.41
1276.11
1283.04
1289.19
1294.51
1299.00
1302.61
1305.34
1307.16
1308.08
923.52
940.79
957.93
974.92
991.74
1008.35
1024.75
1040.90
1056.79
1072.39
1087.68
1102.63
1117.22
1131.43
1145.23
1158.59
1171.50
1183.92
1195.82
1207.18
1217.97
1228.16
1237.72
1246.62
1254.83
1262.32
1269.07
1275.04
1280.21
1284.56
1288.07
1290.71
1292.48
1293.36
914.89
931.96
948.90
965.68
982.29
998.70
1014.89
1030.83
1046.50
1061.89
1076.96
1091.69
1106.06
1120.04
1133.61
1146.75
1159.42
1171.61
1183.28
1194.42
1204.98
1214.94
1224.29
1232.98
1240.99
1248.29
1254.86
1260.66
1265.69
1269.92
1273.32
1275.88
1277.60
1278.45
905.98
922.84
939.57
956.15
972.54
988.74
1004.71
1020.44
1035.90
1051.06
1065.91
1080.42
1094.57
1108.33
1121.68
1134.59
1147.04
1159.00
1170.45
1181.36
1191.70
1201.45
1210.58
1219.07
1226.89
1234.01
1240.41
1246.07
1250.96
1255.07
1258.37
1260.86
1262.53
1263.36
896.79
913.44
929.96
946.32
962.51
978.49
994.25
1009.75
1024.99
1039.94
1054.57
1068.86
1082.78
1096.32
1109.44
1122.13
1134.36
1146.10
1157.33
1168.02
1178.15
1187.70
1196.63
1204.92
1212.56
1219.51
1225.75
1231.26
1236.03
1240.02
1243.24
1245.66
1247.28
1248.09
887.34
903.78
920.08
936.23
952.19
967.96
983.50
998.79
1013.81
1028.53
1042.94
1057.00
1070.71
1084.02
1096.92
1109.39
1121.40
1132.92
1143.94
1154.42
1164.35
1173.69
1182.43
1190.55
1198.01
1204.79
1210.88
1216.26
1220.90
1224.80
1227.93
1230.29
1231.87
1232.65
877.65
893.87
909.95
925.87
941.62
957.16
972.48
987.55
1002.35
1016.85
1031.04
1044.88
1058.37
1071.46
1084.15
1096.40
1108.19
1119.50
1130.31
1140.59
1150.31
1159.46
1168.02
1175.95
1183.24
1189.87
1195.82
1201.07
1205.60
1209.40
1212.45
1214.75
1216.29
1217.06
867.73
883.72
899.58
915.28
930.81
946.13
961.22
976.07
990.64
1004.92
1018.89
1032.51
1045.78
1058.65
1071.12
1083.16
1094.74
1105.84
1116.44
1126.52
1136.06
1145.02
1153.39
1161.16
1168.29
1174.77
1180.58
1185.71
1190.13
1193.84
1196.82
1199.06
1200.56
1201.31
857.60
873.36
888.99
904.47
919.76
934.86
949.73
964.35
978.70
992.76
1006.51
1019.91
1032.96
1045.62
1057.87
1069.69
1081.07
1091.96
1102.37
1112.25
1121.60
1130.38
1138.58
1146.18
1153.16
1159.49
1165.17
1170.18
1174.50
1178.12
1181.03
1183.22
1184.68
1185.41
847.27
862.80
878.20
893.45
908.51
923.38
938.02
952.42
966.55
980.39
993.91
1007.09
1019.92
1032.37
1044.41
1056.02
1067.19
1077.89
1088.09
1097.79
1106.95
1115.56
1123.59
1131.03
1137.86
1144.06
1149.61
1154.51
1158.73
1162.27
1165.11
1167.25
1168.68
1169.39
836.75
852.05
867.22
882.23
897.07
911.71
926.12
940.29
954.20
967.81
981.11
994.08
1006.69
1018.92
1030.75
1042.16
1053.13
1063.63
1073.64
1083.15
1092.13
1100.57
1108.44
1115.73
1122.41
1128.48
1133.91
1138.70
1142.83
1146.29
1149.07
1151.15
1152.55
1153.25
826.07
841.14
856.07
870.85
885.45
899.86
914.04
927.99
941.67
955.06
968.14
980.89
993.28
1005.30
1016.93
1028.13
1038.90
1049.21
1059.03
1068.36
1077.17
1085.44
1093.15
1100.28
1106.83
1112.77
1118.09
1122.77
1126.81
1130.19
1132.91
1134.95
1136.32
1137.00
815.25
830.07
844.76
859.31
873.68
887.85
901.81
915.52
928.97
942.14
955.00
967.54
979.72
991.53
1002.95
1013.95
1024.52
1034.64
1044.28
1053.43
1062.06
1070.17
1077.73
1084.72
1091.13
1096.95
1102.16
1106.74
1110.69
1114.00
1116.66
1118.65
1119.99
1120.65
804.29
818.87
833.32
847.63
861.76
875.70
889.43
902.91
916.14
929.09
941.73
954.04
966.01
977.62
988.83
999.64
1010.01
1019.94
1029.40
1038.38
1046.85
1054.79
1062.20
1069.05
1075.33
1081.03
1086.13
1090.62
1094.48
1097.72
1100.32
1102.27
1103.58
1104.23
793.22
807.55
821.76
835.83
849.73
863.43
876.93
890.18
903.19
915.91
928.33
940.43
952.19
963.59
974.60
985.21
995.39
1005.14
1014.42
1023.22
1031.53
1039.32
1046.58
1053.30
1059.45
1065.03
1070.02
1074.42
1078.21
1081.37
1083.92
1085.83
1087.11
1087.74
782.05
796.14
810.11
823.93
837.59
851.06
864.32
877.35
890.13
902.63
914.83
926.72
938.27
949.46
960.27
970.69
980.68
990.25
999.35
1007.99
1016.13
1023.77
1030.89
1037.47
1043.50
1048.97
1053.86
1058.17
1061.87
1064.98
1067.47
1069.34
1070.59
1071.21
770.81
784.65
798.37
811.96
825.38
838.61
851.64
864.44
876.99
889.27
901.25
912.93
924.27
935.26
945.87
956.09
965.91
975.29
984.22
992.69
1000.68
1008.17
1015.15
1021.60
1027.51
1032.87
1037.66
1041.87
1045.50
1048.54
1050.98
1052.82
1054.04
1054.65
759.52
773.11
786.58
799.92
813.10
826.10
838.89
851.46
863.79
875.85
887.62
899.08
910.21
921.00
931.42
941.45
951.08
960.28
969.05
977.35
985.19
992.53
999.37
1005.70
1011.49
1016.74
1021.43
1025.56
1029.12
1032.10
1034.48
1036.28
1037.48
1038.08
748.18
761.52
774.75
787.85
800.78
813.54
826.11
838.45
850.55
862.39
873.94
885.19
896.12
906.71
916.93
926.78
936.22
945.25
953.85
962.00
969.68
976.88
983.59
989.79
995.46
1000.61
1005.21
1009.25
1012.74
1015.66
1017.99
1019.75
1020.93
1021.51
736.84
749.92
762.90
775.75
788.45
800.97
813.30
825.42
837.29
848.91
860.25
871.29
882.02
892.41
902.44
912.10
921.37
930.22
938.66
946.65
954.18
961.24
967.81
973.89
979.45
984.50
989.00
992.97
996.38
999.24
1001.53
1003.26
1004.40
1004.98
725.49
738.33
751.06
763.67
776.12
788.41
800.51
812.39
824.04
835.44
846.57
857.41
867.93
878.12
887.96
897.44
906.53
915.22
923.48
931.32
938.71
945.63
952.08
958.03
963.49
968.43
972.84
976.73
980.08
982.88
985.12
986.81
987.93
988.50
714.18
726.76
739.25
751.61
763.82
775.87
787.74
799.40
810.83
822.01
832.92
843.55
853.87
863.87
873.53
882.82
891.73
900.25
908.36
916.05
923.29
930.08
936.40
942.23
947.58
952.42
956.75
960.56
963.84
966.58
968.78
970.44
971.54
972.09
702.91
715.25
727.48
739.60
751.57
763.39
775.02
786.45
797.66
808.63
819.34
829.76
839.88
849.69
859.15
868.27
877.01
885.37
893.32
900.85
907.95
914.61
920.80
926.53
931.77
936.51
940.76
944.49
947.70
950.39
952.54
954.16
955.25
955.79
691.72
703.80
715.79
727.66
739.40
750.98
762.38
773.59
784.58
795.33
805.83
816.05
825.98
835.59
844.88
853.81
862.38
870.58
878.37
885.76
892.72
899.25
905.32
910.93
916.07
920.72
924.88
928.53
931.68
934.32
936.43
938.02
939.08
939.61
680.63
692.46
704.20
715.83
727.33
738.67
749.85
760.83
771.61
782.15
792.44
802.46
812.19
821.61
830.72
839.48
847.88
855.91
863.56
870.80
877.63
884.02
889.97
895.47
900.51
905.07
909.15
912.73
915.82
918.40
920.47
922.03
923.06
923.58
669.65
681.23
692.73
704.11
715.38
726.49
737.44
748.21
758.76
769.09
779.18
789.00
798.54
807.78
816.70
825.29
833.53
841.41
848.90
856.00
862.69
868.96
874.80
880.19
885.12
889.59
893.59
897.10
900.13
902.66
904.69
906.21
907.23
907.74
658.82
670.15
681.40
692.55
703.58
714.47
725.20
735.74
746.08
756.21
766.09
775.72
785.07
794.12
802.87
811.29
819.37
827.09
834.43
841.39
847.95
854.10
859.82
865.10
869.94
874.32
878.24
881.68
884.65
887.13
889.12
890.61
891.61
892.11
648.16
659.25
670.26
681.17
691.97
702.63
713.13
723.46
733.59
743.51
753.20
762.63
771.79
780.67
789.24
797.50
805.41
812.98
820.18
827.00
833.43
839.46
845.07
850.25
854.99
859.29
863.13
866.50
869.41
871.84
873.79
875.26
876.24
876.73
637.69
648.54
659.31
669.99
680.56
691.00
701.28
711.40
721.32
731.04
740.53
749.77
758.75
767.45
775.85
783.94
791.70
799.12
806.18
812.87
819.17
825.08
830.58
835.66
840.31
844.52
848.29
851.60
854.45
856.83
858.74
860.18
861.14
861.62
627.45
638.06
648.59
659.04
669.39
679.61
689.68
699.58
709.30
718.82
728.12
737.17
745.97
754.50
762.73
770.66
778.27
785.54
792.46
799.02
805.20
810.99
816.39
821.37
825.93
830.06
833.75
836.99
839.79
842.13
844.00
845.41
846.35
846.82
617.45
627.83
638.13
648.36
658.48
668.48
678.34
688.04
697.56
706.88
715.99
724.87
733.49
741.85
749.92
757.69
765.15
772.28
779.07
785.50
791.56
797.24
802.52
807.41
811.88
815.93
819.55
822.73
825.47
827.77
829.60
830.99
831.91
832.37
607.73
617.87
627.96
637.96
647.87
657.66
667.31
676.81
686.13
695.27
704.19
712.88
721.34
729.53
737.44
745.06
752.37
759.36
766.02
772.32
778.27
783.84
789.02
793.81
798.20
802.17
805.72
808.85
811.54
813.78
815.59
816.94
817.85
818.30
598.32
608.23
618.09
627.88
637.58
647.16
656.61
665.91
675.05
683.99
692.74
701.26
709.55
717.57
725.33
732.81
739.98
746.83
753.36
759.54
765.38
770.84
775.93
780.63
784.93
788.83
792.31
795.38
798.02
800.22
801.99
803.32
804.21
804.65
589.23
598.92
608.57
618.15
627.64
637.02
646.28
655.39
664.34
673.11
681.68
690.03
698.15
706.02
713.63
720.96
728.00
734.72
741.13
747.19
752.92
758.28
763.27
767.88
772.11
775.93
779.35
782.36
784.95
787.11
788.85
790.16
791.03
791.46
580.49
589.98
599.42
608.79
618.08
627.27
636.34
645.27
654.04
662.63
671.03
679.22
687.19
694.91
702.38
709.57
716.47
723.07
729.35
735.31
740.92
746.19
751.09
755.62
759.76
763.52
766.88
769.83
772.37
774.50
776.21
777.49
778.34
778.77
572.14
581.42
590.66
599.84
608.94
617.94
626.83
635.58
644.18
652.60
660.84
668.88
676.69
684.27
691.60
698.65
705.43
711.91
718.08
723.93
729.44
734.61
739.42
743.87
747.94
751.63
754.93
757.83
760.33
762.42
764.10
765.36
766.20
766.62
564.20
573.29
582.34
591.33
600.24
609.07
617.78
626.36
634.79
643.06
651.14
659.03
666.70
674.14
681.33
688.26
694.92
701.28
707.34
713.09
718.50
723.58
728.31
732.68
736.69
740.31
743.55
746.41
748.86
750.91
752.56
753.80
754.63
755.04
556.70
565.60
574.46
583.28
592.02
600.67
609.22
617.63
625.91
634.03
641.96
649.71
657.24
664.55
671.61
678.42
684.96
691.22
697.18
702.82
708.15
713.14
717.79
722.09
726.03
729.59
732.78
735.59
738.00
740.02
741.64
742.86
743.67
744.08
549.65
558.38
567.07
575.72
584.29
592.79
601.17
609.44
617.57
625.54
633.34
640.95
648.35
655.54
662.48
669.18
675.61
681.76
687.62
693.18
698.42
703.33
707.91
712.14
716.01
719.52
722.66
725.42
727.79
729.78
731.38
732.58
733.38
733.78
543.10
551.66
560.19
568.68
577.10
585.44
593.68
601.80
609.79
617.63
625.30
632.78
640.07
647.13
653.97
660.56
666.89
672.94
678.71
684.18
689.34
694.18
698.69
702.85
706.67
710.12
713.21
715.93
718.27
720.23
721.80
722.99
723.77
724.17
537.05
545.46
553.84
562.18
570.46
578.66
586.77
594.76
602.62
610.33
617.88
625.24
632.42
639.38
646.11
652.60
658.83
664.80
670.48
675.87
680.96
685.73
690.17
694.28
698.04
701.44
704.49
707.17
709.48
711.41
712.96
714.13
714.91
715.29
