542.10
550.50
558.87
567.19
575.44
583.61
591.68
599.63
607.45
615.12
622.62
629.94
637.06
643.96
650.64
657.08
663.26
669.17
674.81
680.15
685.18
689.90
694.30
698.36
702.08
705.46
708.47
711.12
713.41
715.32
716.85
718.00
718.77
719.15
548.05
556.59
565.10
573.56
581.95
590.26
598.46
606.53
614.48
622.26
629.88
637.31
644.53
651.54
658.32
664.85
671.12
677.12
682.83
688.25
693.35
698.14
702.60
706.72
710.49
713.91
716.97
719.66
721.97
723.91
725.46
726.63
727.41
727.80
554.49
563.20
571.86
580.47
589.01
597.46
605.80
614.01
622.09
630.00
637.74
645.29
652.63
659.75
666.64
673.27
679.64
685.73
691.53
697.02
702.21
707.07
711.59
715.77
719.60
723.07
726.17
728.90
731.25
733.21
734.78
735.97
736.76
737.15
561.42
570.29
579.12
587.89
596.59
605.19
613.68
622.04
630.26
638.31
646.18
653.86
661.32
668.56
675.56
682.30
688.77
694.96
700.85
706.44
711.70
716.64
721.23
725.48
729.37
732.89
736.04
738.81
741.19
743.19
744.79
745.99
746.79
747.19
568.80
577.85
586.85
595.80
604.66
613.42
622.07
630.59
638.95
647.15
655.16
662.98
670.57
677.94
685.05
691.91
698.49
704.78
710.77
716.45
721.81
726.82
731.49
735.81
739.76
743.34
746.54
749.36
751.78
753.81
755.43
756.65
757.47
757.88
576.61
585.85
595.03
604.16
613.19
622.13
630.95
639.62
648.15
656.50
664.66
672.61
680.35
687.84
695.09
702.06
708.76
715.16
721.26
727.04
732.48
737.58
742.34
746.72
750.74
754.38
757.64
760.50
762.96
765.02
766.68
767.92
768.75
769.16
584.82
594.25
603.63
612.94
622.17
631.28
640.27
649.12
657.80
666.31
674.63
682.74
690.61
698.25
705.63
712.73
719.55
726.07
732.27
738.15
743.69
748.88
753.72
758.19
762.27
765.98
769.29
772.20
774.71
776.80
778.48
779.75
780.59
781.01
593.42
603.05
612.63
622.13
631.54
640.84
650.01
659.04
667.90
676.57
685.05
693.31
701.34
709.12
716.63
723.87
730.81
737.45
743.77
749.76
755.40
760.69
765.61
770.16
774.32
778.09
781.46
784.42
786.97
789.11
790.82
792.10
792.96
793.39
602.36
612.20
621.98
631.69
641.30
650.79
660.15
669.36
678.39
687.24
695.88
704.30
712.49
720.42
728.08
735.45
742.53
749.29
755.72
761.82
767.57
772.96
777.97
782.60
786.84
790.68
794.11
797.13
799.72
801.90
803.64
804.95
805.82
806.26
611.62
621.68
631.68
641.59
651.40
661.09
670.64
680.04
689.26
698.28
707.10
715.68
724.03
732.11
739.92
747.43
754.65
761.54
768.10
774.31
780.17
785.65
790.76
795.48
799.79
803.70
807.20
810.27
812.92
815.13
816.91
818.24
819.13
819.58
621.19
631.47
641.68
651.80
661.82
671.72
681.47
691.05
700.46
709.67
718.66
727.42
735.93
744.17
752.13
759.79
767.14
774.16
780.85
787.18
793.15
798.74
803.94
808.75
813.15
817.14
820.70
823.83
826.53
828.78
830.59
831.95
832.85
833.31
631.02
641.53
651.96
662.30
672.53
682.63
692.59
702.37
711.97
721.36
730.54
739.47
748.15
756.55
764.67
772.48
779.97
787.14
793.95
800.41
806.49
812.19
817.49
822.39
826.87
830.93
834.56
837.76
840.50
842.80
844.64
846.03
846.95
847.42
641.10
651.84
662.50
673.06
683.51
693.82
703.98
713.96
723.76
733.34
742.70
751.81
760.66
769.23
777.51
785.48
793.12
800.42
807.36
813.94
820.15
825.95
831.36
836.35
840.93
845.07
848.77
852.02
854.82
857.16
859.04
860.45
861.39
861.86
651.40
662.37
673.26
684.04
694.71
705.24
715.61
725.80
735.79
745.57
755.11
764.41
773.43
782.18
790.62
798.74
806.53
813.97
821.06
827.77
834.09
840.01
845.52
850.61
855.27
859.49
863.27
866.58
869.44
871.83
873.74
875.18
876.14
876.62
661.89
673.09
684.21
695.23
706.12
716.86
727.45
737.84
748.04
758.02
767.75
777.23
786.44
795.35
803.96
812.24
820.19
827.78
835.00
841.84
848.28
854.32
859.94
865.13
869.89
874.19
878.03
881.42
884.33
886.76
888.71
890.18
891.16
891.65
672.55
683.99
695.35
706.59
717.71
728.67
739.47
750.08
760.48
770.65
780.59
790.25
799.64
808.73
817.51
825.95
834.05
841.79
849.16
856.13
862.70
868.86
874.59
879.88
884.73
889.11
893.04
896.48
899.45
901.93
903.93
905.42
906.42
906.92
683.35
695.03
706.62
718.10
729.44
740.63
751.65
762.47
773.08
783.46
793.58
803.44
813.01
822.28
831.23
839.84
848.10
855.99
863.50
870.61
877.31
883.59
889.43
894.83
899.77
904.24
908.24
911.76
914.79
917.32
919.35
920.87
921.89
922.40
694.27
706.20
718.02
729.73
741.31
752.72
763.95
774.99
785.81
796.39
806.72
816.77
826.53
835.98
845.10
853.88
862.30
870.35
878.00
885.25
892.08
898.48
904.44
909.95
914.98
919.54
923.62
927.21
930.30
932.88
934.95
936.51
937.54
938.06
705.29
717.45
729.52
741.47
753.27
764.91
776.36
787.62
798.65
809.44
819.96
830.21
840.16
849.79
859.09
868.04
876.63
884.83
892.63
900.02
906.99
913.51
919.59
925.20
930.34
934.99
939.15
942.81
945.96
948.59
950.70
952.29
953.35
953.88
716.38
728.79
741.09
753.27
765.31
777.17
788.85
800.32
811.57
822.56
833.29
843.74
853.88
863.69
873.17
882.30
891.05
899.41
907.36
914.90
922.00
928.65
934.85
940.57
945.81
950.55
954.79
958.53
961.74
964.42
966.58
968.20
969.28
969.82
727.51
740.17
752.71
765.13
777.39
789.49
801.39
813.08
824.54
835.74
846.68
857.32
867.66
877.66
887.32
896.62
905.54
914.06
922.17
929.85
937.09
943.87
950.19
956.02
961.37
966.21
970.53
974.34
977.61
980.35
982.55
984.20
985.31
985.86
738.68
751.58
764.36
777.01
789.51
801.84
813.96
825.87
837.54
848.96
860.10
870.94
881.47
891.67
901.51
910.99
920.07
928.76
937.02
944.85
952.24
959.15
965.59
971.54
976.99
981.93
986.34
990.22
993.56
996.36
998.60
1000.28
1001.41
1001.97
749.85
762.99
776.02
788.90
801.64
814.19
826.54
838.67
850.56
862.19
873.53
884.58
895.30
905.69
915.72
925.37
934.63
943.48
951.91
959.89
967.41
974.46
981.03
987.10
992.65
997.69
1002.19
1006.15
1009.56
1012.41
1014.70
1016.42
1017.56
1018.14
761.01
774.39
787.65
800.78
813.74
826.52
839.10
851.45
863.56
875.40
886.95
898.20
909.12
919.70
929.92
939.75
949.19
958.21
966.79
974.93
982.60
989.78
996.48
1002.67
1008.33
1013.47
1018.06
1022.10
1025.58
1028.49
1030.82
1032.58
1033.75
1034.33
772.13
785.75
799.26
812.62
825.81
838.82
851.62
864.19
876.52
888.57
900.33
911.79
922.91
933.68
944.09
954.11
963.72
972.91
981.65
989.95
997.76
1005.09
1011.92
1018.23
1024.01
1029.25
1033.93
1038.05
1041.60
1044.57
1046.95
1048.75
1049.94
1050.54
783.19
797.06
810.80
824.39
837.82
851.06
864.09
876.88
889.42
901.69
913.66
925.32
936.64
947.61
958.21
968.41
978.20
987.56
996.48
1004.93
1012.90
1020.37
1027.33
1033.76
1039.66
1045.00
1049.78
1053.99
1057.61
1060.64
1063.07
1064.90
1066.12
1066.73
794.19
808.29
822.27
836.10
849.75
863.22
876.47
889.49
902.25
914.73
926.91
938.78
950.30
961.47
972.26
982.65
992.62
1002.16
1011.24
1019.85
1027.97
1035.59
1042.69
1049.25
1055.26
1060.72
1065.59
1069.89
1073.58
1076.68
1079.16
1081.03
1082.27
1082.89
805.09
819.43
833.64
847.70
861.59
875.28
888.75
901.99
914.97
927.67
940.06
952.13
963.86
975.23
986.21
996.79
1006.95
1016.66
1025.92
1034.69
1042.97
1050.74
1057.98
1064.67
1070.81
1076.37
1081.35
1085.73
1089.50
1092.66
1095.20
1097.10
1098.37
1099.01
815.88
830.45
844.90
859.19
873.30
887.22
900.92
914.38
927.58
940.49
953.10
965.38
977.31
988.88
1000.06
1010.83
1021.17
1031.06
1040.49
1049.43
1057.87
1065.79
1073.17
1080.00
1086.26
1091.94
1097.02
1101.49
1105.35
1108.57
1111.16
1113.11
1114.41
1115.06
826.54
841.35
856.02
870.54
884.89
899.03
912.95
926.63
940.04
953.17
965.99
978.48
990.62
1002.39
1013.77
1024.73
1035.26
1045.34
1054.94
1064.06
1072.66
1080.74
1088.27
1095.23
1101.62
1107.41
1112.60
1117.17
1121.11
1124.40
1127.05
1129.04
1130.37
1131.03
837.06
852.10
867.00
881.74
896.31
910.68
924.82
938.72
952.35
965.70
978.73
991.43
1003.78
1015.75
1027.33
1038.49
1049.21
1059.47
1069.26
1078.55
1087.32
1095.55
1103.23
1110.34
1116.86
1122.78
1128.07
1132.74
1136.76
1140.13
1142.83
1144.87
1146.23
1146.90
847.41
862.68
877.81
892.78
907.57
922.16
936.52
950.64
964.49
978.05
991.29
1004.21
1016.76
1028.94
1040.72
1052.08
1062.99
1073.45
1083.41
1092.88
1101.82
1110.22
1118.05
1125.31
1131.96
1138.01
1143.42
1148.19
1152.30
1155.74
1158.50
1160.58
1161.97
1162.67
857.59
873.08
888.43
903.62
918.64
933.45
948.03
962.37
976.43
990.21
1003.66
1016.79
1029.55
1041.94
1053.92
1065.48
1076.59
1087.24
1097.39
1107.04
1116.16
1124.72
1132.72
1140.12
1146.92
1153.09
1158.62
1163.50
1167.70
1171.22
1174.05
1176.18
1177.60
1178.31
867.57
883.28
898.85
914.27
929.50
944.53
959.33
973.88
988.16
1002.15
1015.82
1029.16
1042.14
1054.73
1066.92
1078.68
1089.99
1100.83
1111.18
1121.01
1130.31
1139.05
1147.21
1154.77
1161.71
1168.02
1173.67
1178.65
1182.95
1186.56
1189.45
1191.63
1193.08
1193.81
877.34
893.27
909.06
924.69
940.14
955.38
970.40
985.17
999.67
1013.87
1027.76
1041.31
1054.49
1067.30
1079.69
1091.66
1103.18
1114.22
1124.76
1134.78
1144.26
1153.18
1161.50
1169.23
1176.32
1182.77
1188.55
1193.65
1198.05
1201.73
1204.70
1206.93
1208.42
1209.16
886.88
903.03
919.03
934.88
950.54
966.00
981.23
996.21
1010.92
1025.34
1039.44
1053.20
1066.60
1079.62
1092.23
1104.40
1116.12
1127.36
1138.11
1148.32
1157.99
1167.09
1175.59
1183.48
1190.73
1197.33
1203.24
1208.46
1212.96
1216.74
1219.78
1222.07
1223.60
1224.36
896.19
912.54
928.76
944.81
960.69
976.36
991.80
1007.00
1021.92
1036.55
1050.86
1064.84
1078.45
1091.68
1104.50
1116.89
1128.81
1140.26
1151.21
1161.63
1171.49
1180.78
1189.46
1197.52
1204.94
1211.68
1217.74
1223.08
1227.70
1231.57
1234.68
1237.03
1238.60
1239.38
905.24
921.80
938.22
954.48
970.56
986.44
1002.10
1017.50
1032.64
1047.48
1062.01
1076.20
1090.02
1103.46
1116.50
1129.10
1141.24
1152.90
1164.05
1174.67
1184.73
1194.21
1203.09
1211.33
1218.91
1225.82
1232.02
1237.50
1242.23
1246.20
1249.40
1251.81
1253.42
1254.22
914.02
930.78
947.41
963.87
980.16
996.24
1012.10
1027.72
1043.06
1058.11
1072.85
1087.25
1101.29
1114.95
1128.20
1141.01
1153.37
1165.24
1176.61
1187.44
1197.71
1207.39
1216.46
1224.89
1232.65
1239.72
1246.08
1251.69
1256.55
1260.63
1263.91
1266.39
1268.04
1268.87
922.53
939.48
956.30
972.97
989.45
1005.74
1021.80
1037.62
1053.17
1068.43
1083.38
1098.00
1112.25
1126.12
1139.59
1152.62
1165.20
1177.29
1188.87
1199.92
1210.40
1220.29
1229.56
1238.18
1246.13
1253.37
1259.89
1265.66
1270.64
1274.84
1278.21
1280.76
1282.46
1283.31
930.73
947.88
964.89
981.75
998.43
1014.91
1031.18
1047.20
1062.96
1078.42
1093.58
1108.41
1122.88
1136.97
1150.65
1163.90
1176.70
1189.01
1200.81
1212.08
1222.78
1232.88
1242.36
1251.19
1259.33
1266.76
1273.45
1279.37
1284.50
1288.81
1292.29
1294.91
1296.66
1297.54
938.63
955.96
973.16
990.21
1007.08
1023.76
1040.22
1056.44
1072.40
1088.07
1103.44
1118.47
1133.15
1147.46
1161.36
1174.83
1187.85
1200.39
1212.42
1223.91
1234.84
1245.16
1254.86
1263.90
1272.25
1279.87
1286.74
1292.83
1298.10
1302.54
1306.12
1308.83
1310.63
1311.54
946.21
963.72
981.10
998.33
1015.39
1032.26
1048.91
1065.32
1081.48
1097.35
1112.92
1128.17
1143.06
1157.58
1171.70
1185.40
1198.65
1211.41
1223.67
1235.39
1246.55
1257.11
1267.03
1276.29
1284.85
1292.68
1299.74
1306.01
1311.44
1316.02
1319.71
1322.50
1324.37
1325.30
953.45
971.13
988.69
1006.10
1023.34
1040.39
1057.23
1073.83
1090.18
1106.25
1122.03
1137.48
1152.58
1167.32
1181.66
1195.58
1209.05
1222.05
1234.54
1246.50
1257.90
1268.69
1278.85
1288.34
1297.12
1305.17
1312.44
1318.89
1324.49
1329.22
1333.03
1335.92
1337.85
1338.82
960.35
978.20
995.93
1013.51
1030.92
1048.15
1065.17
1081.96
1098.50
1114.76
1130.73
1146.39
1161.70
1176.65
1191.21
1205.35
1219.06
1232.29
1245.02
1257.22
1268.85
1279.89
1290.29
1300.03
1309.05
1317.32
1324.80
1331.46
1337.24
1342.13
1346.08
1349.06
1351.06
1352.07
966.89
984.90
1002.79
1020.54
1038.12
1055.52
1072.71
1089.68
1106.41
1122.86
1139.03
1154.88
1170.40
1185.56
1200.33
1214.70
1228.63
1242.10
1255.07
1267.51
1279.40
1290.69
1301.34
1311.33
1320.60
1329.11
1336.82
1343.69
1349.67
1354.73
1358.82
1361.92
1364.00
1365.04
973.07
991.23
1009.28
1027.18
1044.92
1062.49
1079.85
1096.99
1113.89
1130.53
1146.88
1162.93
1178.65
1194.02
1209.01
1223.60
1237.75
1251.46
1264.67
1277.36
1289.50
1301.05
1311.97
1322.21
1331.74
1340.50
1348.46
1355.56
1361.75
1366.99
1371.24
1374.47
1376.63
1377.71
978.87
997.18
1015.37
1033.42
1051.32
1069.04
1086.56
1103.87
1120.94
1137.76
1154.29
1170.53
1186.44
1202.01
1217.21
1232.02
1246.41
1260.34
1273.80
1286.74
1299.14
1310.95
1322.14
1332.65
1342.45
1351.48
1359.70
1367.04
1373.46
1378.90
1383.32
1386.68
1388.94
1390.07
984.28
1002.73
1021.05
1039.25
1057.29
1075.16
1092.84
1110.31
1127.54
1144.52
1161.23
1177.65
1193.76
1209.52
1224.93
1239.95
1254.56
1268.73
1282.43
1295.62
1308.28
1320.36
1331.82
1342.62
1352.69
1362.01
1370.49
1378.10
1384.76
1390.42
1395.03
1398.53
1400.89
1402.07
989.30
1007.87
1026.33
1044.66
1062.83
1080.84
1098.67
1116.28
1133.67
1150.82
1167.70
1184.29
1200.57
1216.53
1232.14
1247.36
1262.19
1276.59
1290.53
1303.97
1316.89
1329.24
1340.98
1352.06
1362.43
1372.04
1380.81
1388.70
1395.62
1401.52
1406.33
1409.99
1412.46
1413.70
993.91
1012.60
1031.18
1049.63
1067.93
1086.08
1104.03
1121.79
1139.33
1156.62
1173.66
1190.42
1206.87
1223.01
1238.81
1254.24
1269.28
1283.90
1298.07
1311.76
1324.94
1337.56
1349.58
1360.95
1371.62
1381.53
1390.61
1398.78
1405.99
1412.14
1417.17
1421.02
1423.61
1424.91
998.11
1016.91
1035.60
1054.16
1072.58
1090.84
1108.93
1126.81
1144.48
1161.92
1179.11
1196.02
1212.64
1228.95
1244.93
1260.55
1275.79
1290.62
1305.02
1318.96
1332.39
1345.27
1357.58
1369.24
1380.22
1390.43
1399.82
1408.31
1415.81
1422.24
1427.51
1431.55
1434.28
1435.65
1001.89
1020.78
1039.57
1058.24
1076.77
1095.14
1113.34
1131.34
1149.14
1166.71
1184.03
1201.08
1217.85
1234.32
1250.47
1266.27
1281.70
1296.74
1311.36
1325.52
1339.19
1352.34
1364.92
1376.88
1388.16
1398.69
1408.40
1417.21
1425.02
1431.74
1437.27
1441.52
1444.40
1445.85
1005.24
1024.22
1043.10
1061.86
1080.48
1098.96
1117.26
1135.37
1153.27
1170.96
1188.40
1205.59
1222.50
1239.11
1255.42
1271.38
1286.99
1302.22
1317.04
1331.42
1345.33
1358.73
1371.57
1383.81
1395.39
1406.23
1416.27
1425.41
1433.54
1440.57
1446.38
1450.85
1453.90
1455.44
1008.16
1027.21
1046.17
1065.01
1083.72
1102.28
1120.67
1138.88
1156.88
1174.67
1192.22
1209.53
1226.56
1243.31
1259.75
1275.86
1291.63
1307.03
1322.04
1336.62
1350.74
1364.37
1377.47
1389.98
1401.85
1413.00
1423.35
1432.82
1441.28
1448.63
1454.72
1459.44
1462.66
1464.29
1010.63
1029.75
1048.78
1067.69
1086.47
1105.10
1123.57
1141.86
1159.95
1177.83
1195.48
1212.88
1230.02
1246.88
1263.45
1279.69
1295.60
1311.15
1326.32
1341.08
1355.40
1369.25
1382.57
1395.33
1407.47
1418.91
1429.56
1439.35
1448.13
1455.80
1462.19
1467.16
1470.56
1472.29
1012.67
1031.84
1050.92
1069.89
1088.73
1107.43
1125.96
1144.31
1162.48
1180.43
1198.16
1215.64
1232.87
1249.83
1266.50
1282.85
1298.88
1314.56
1329.87
1344.79
1359.28
1373.30
1386.83
1399.81
1412.18
1423.88
1434.82
1444.89
1453.99
1461.95
1468.63
1473.85
1477.44
1479.27
1014.25
1033.47
1052.59
1071.61
1090.49
1109.24
1127.82
1146.23
1164.45
1182.46
1200.25
1217.80
1235.10
1252.14
1268.88
1285.33
1301.45
1317.24
1332.66
1347.70
1362.32
1376.50
1390.19
1403.35
1415.93
1427.84
1439.02
1449.35
1458.71
1466.95
1473.89
1479.34
1483.11
1485.04
1015.39
1034.63
1053.79
1072.83
1091.75
1110.53
1129.15
1147.60
1165.86
1183.91
1201.75
1219.35
1236.70
1253.79
1270.60
1287.11
1303.30
1319.16
1334.67
1349.80
1364.52
1378.81
1392.63
1405.92
1418.65
1430.73
1442.09
1452.62
1462.19
1470.65
1477.81
1483.45
1487.37
1489.38
1016.07
1035.33
1054.51
1073.57
1092.51
1111.31
1129.95
1148.42
1166.71
1184.79
1202.65
1220.28
1237.66
1254.78
1271.63
1288.17
1304.41
1320.32
1335.88
1351.06
1365.85
1380.21
1394.10
1407.48
1420.30
1432.49
1443.96
1454.62
1464.33
1472.93
1480.23
1486.00
1490.02
1492.09
1016.29
1035.57
1054.74
1073.82
1092.76
1111.57
1130.22
1148.70
1166.99
1185.08
1202.95
1220.59
1237.98
1255.11
1271.97
1288.53
1304.78
1320.71
1336.28
1351.48
1366.29
1380.67
1394.59
1408.00
1420.85
1433.08
1444.59
1455.29
1465.05
1473.70
1481.04
1486.86
1490.92
1493.01
1016.07
1035.33
1054.50
1073.57
1092.51
1111.31
1129.95
1148.42
1166.70
1184.78
1202.65
1220.28
1237.66
1254.78
1271.62
1288.17
1304.41
1320.32
1335.88
1351.06
1365.85
1380.20
1394.09
1407.48
1420.29
1432.48
1443.96
1454.62
1464.33
1472.92
1480.22
1485.99
1490.01
1492.08
1015.38
1034.63
1053.78
1072.83
1091.75
1110.53
1129.15
1147.60
1165.85
1183.91
1201.74
1219.34
1236.70
1253.78
1270.59
1287.10
1303.29
1319.16
1334.66
1349.79
1364.52
1378.80
1392.62
1405.92
1418.64
1430.72
1442.08
1452.61
1462.18
1470.64
1477.79
1483.44
1487.35
1489.36
1014.25
1033.46
1052.59
1071.60
1090.49
1109.23
1127.81
1146.22
1164.44
1182.45
1200.24
1217.80
1235.10
1252.13
1268.88
1285.32
1301.45
1317.23
1332.65
1347.69
1362.31
1376.49
1390.18
1403.34
1415.91
1427.83
1439.01
1449.34
1458.70
1466.93
1473.87
1479.32
1483.09
1485.02
1012.66
1031.84
1050.91
1069.88
1088.72
1107.42
1125.95
1144.31
1162.47
1180.42
1198.15
1215.64
1232.86
1249.82
1266.49
1282.84
1298.87
1314.55
1329.86
1344.78
1359.26
1373.29
1386.81
1399.79
1412.16
1423.86
1434.80
1444.87
1453.97
1461.93
1468.61
1473.83
1477.42
1479.25
1010.63
1029.75
1048.77
1067.68
1086.46
1105.10
1123.56
1141.85
1159.94
1177.82
1195.47
1212.87
1230.01
1246.87
1263.43
1279.68
1295.59
1311.14
1326.31
1341.07
1355.39
1369.23
1382.56
1395.31
1407.45
1418.88
1429.54
1439.32
1448.11
1455.77
1462.16
1467.13
1470.53
1472.27
1008.15
1027.20
1046.16
1065.00
1083.71
1102.27
1120.66
1138.87
1156.87
1174.66
1192.21
1209.51
1226.55
1243.29
1259.73
1275.85
1291.62
1307.01
1322.02
1336.60
1350.72
1364.35
1377.45
1389.96
1401.82
1412.97
1423.33
1432.79
1441.25
1448.60
1454.69
1459.41
1462.63
1464.26
1005.23
1024.21
1043.09
1061.85
1080.47
1098.94
1117.24
1135.35
1153.26
1170.94
1188.39
1205.57
1222.48
1239.10
1255.40
1271.36
1286.97
1302.20
1317.02
1331.40
1345.30
1358.70
1371.55
1383.79
1395.36
1406.21
1416.24
1425.38
1433.51
1440.54
1446.34
1450.82
1453.86
1455.40
1001.88
1020.77
1039.56
1058.23
1076.75
1095.13
1113.32
1131.33
1149.12
1166.69
1184.01
1201.06
1217.84
1234.30
1250.45
1266.25
1281.68
1296.72
1311.33
1325.49
1339.17
1352.32
1364.90
1376.85
1388.13
1398.66
1408.37
1417.17
1424.99
1431.71
1437.24
1441.48
1444.36
1445.82
998.10
1016.89
1035.58
1054.14
1072.57
1090.83
1108.91
1126.80
1144.47
1161.90
1179.09
1196.00
1212.62
1228.93
1244.90
1260.52
1275.76
1290.60
1305.00
1318.93
1332.36
1345.25
1357.55
1369.21
1380.18
1390.40
1399.79
1408.27
1415.77
1422.20
1427.47
1431.51
1434.24
1435.61
993.90
1012.58
1031.16
1049.61
1067.92
1086.06
1104.02
1121.77
1139.31
1156.60
1173.64
1190.39
1206.85
1222.99
1238.78
1254.21
1269.25
1283.87
1298.04
1311.73
1324.91
1337.53
1349.55
1360.92
1371.59
1381.49
1390.57
1398.75
1405.95
1412.10
1417.13
1420.97
1423.57
1424.87
989.28
1007.85
1026.31
1044.64
1062.82
1080.82
1098.65
1116.26
1133.65
1150.79
1167.67
1184.26
1200.55
1216.51
1232.11
1247.34
1262.16
1276.56
1290.50
1303.94
1316.86
1329.21
1340.95
1352.03
1362.40
1372.00
1380.77
1388.66
1395.58
1401.48
1406.29
1409.95
1412.42
1413.66
984.27
1002.71
1021.03
1039.23
1057.27
1075.14
1092.82
1110.28
1127.52
1144.50
1161.21
1177.63
1193.73
1209.50
1224.90
1239.92
1254.53
1268.70
1282.40
1295.59
1308.25
1320.33
1331.78
1342.58
1352.66
1361.97
1370.45
1378.06
1384.72
1390.38
1394.99
1398.49
1400.85
1402.03
978.85
997.16
1015.35
1033.40
1051.29
1069.02
1086.54
1103.85
1120.92
1137.73
1154.27
1170.50
1186.41
1201.98
1217.18
1231.99
1246.37
1260.31
1273.77
1286.71
1299.10
1310.92
1322.10
1332.61
1342.41
1351.44
1359.65
1367.00
1373.42
1378.86
1383.28
1386.63
1388.89
1390.02
973.05
991.21
1009.25
1027.16
1044.90
1062.46
1079.82
1096.97
1113.87
1130.50
1146.85
1162.90
1178.62
1193.99
1208.97
1223.56
1237.72
1251.42
1264.63
1277.33
1289.47
1301.01
1311.93
1322.17
1331.70
1340.46
1348.42
1355.51
1361.71
1366.95
1371.20
1374.42
1376.58
1377.66
966.87
984.88
1002.77
1020.51
1038.09
1055.49
1072.69
1089.66
1106.38
1122.83
1138.99
1154.85
1170.36
1185.52
1200.30
1214.66
1228.59
1242.06
1255.03
1267.47
1279.36
1290.65
1301.30
1311.28
1320.55
1329.06
1336.77
1343.64
1349.62
1354.68
1358.77
1361.87
1363.95
1364.99
960.33
978.18
995.90
1013.48
1030.90
1048.12
1065.14
1081.93
1098.47
1114.73
1130.70
1146.36
1161.67
1176.62
1191.17
1205.32
1219.02
1232.25
1244.98
1257.18
1268.81
1279.85
1290.25
1299.98
1309.00
1317.27
1324.75
1331.41
1337.19
1342.08
1346.03
1349.01
1351.01
1352.02
953.42
971.11
988.66
1006.07
1023.31
1040.36
1057.20
1073.80
1090.15
1106.22
1121.99
1137.44
1152.55
1167.28
1181.62
1195.54
1209.01
1222.01
1234.50
1246.46
1257.85
1268.65
1278.80
1288.29
1297.08
1305.12
1312.39
1318.84
1324.44
1329.17
1332.98
1335.87
1337.80
1338.76
946.18
963.69
981.07
998.30
1015.36
1032.22
1048.87
1065.29
1081.44
1097.32
1112.89
1128.13
1143.03
1157.54
1171.67
1185.36
1198.61
1211.37
1223.63
1235.35
1246.51
1257.06
1266.98
1276.24
1284.80
1292.63
1299.69
1305.95
1311.39
1315.97
1319.66
1322.45
1324.31
1325.25
938.60
955.93
973.13
990.18
1007.05
1023.73
1040.18
1056.40
1072.36
1088.03
1103.40
1118.43
1133.12
1147.42
1161.32
1174.79
1187.81
1200.35
1212.38
1223.87
1234.79
1245.12
1254.81
1263.85
1272.20
1279.82
1286.69
1292.78
1298.05
1302.49
1306.07
1308.77
1310.58
1311.48
930.70
947.85
964.86
981.72
998.40
1014.88
1031.14
1047.16
1062.92
1078.39
1093.55
1108.37
1122.84
1136.93
1150.61
1163.86
1176.65
1188.97
1200.77
1212.03
1222.73
1232.84
1242.31
1251.14
1259.28
1266.71
1273.40
1279.32
1284.45
1288.76
1292.23
1294.85
1296.60
1297.48
922.49
939.45
956.27
972.93
989.42
1005.70
1021.76
1037.58
1053.13
1068.39
1083.34
1097.96
1112.21
1126.08
1139.55
1152.58
1165.15
1177.24
1188.82
1199.87
1210.35
1220.24
1229.51
1238.13
1246.07
1253.32
1259.84
1265.60
1270.59
1274.78
1278.16
1280.70
1282.40
1283.25
913.99
930.75
947.37
963.84
980.12
996.21
1012.06
1027.68
1043.02
1058.07
1072.81
1087.21
1101.25
1114.91
1128.15
1140.97
1153.32
1165.20
1176.56
1187.39
1197.66
1207.34
1216.41
1224.83
1232.60
1239.67
1246.02
1251.64
1256.49
1260.57
1263.85
1266.33
1267.98
1268.81
905.21
921.77
938.19
954.45
970.53
986.41
1002.06
1017.46
1032.60
1047.44
1061.96
1076.15
1089.98
1103.42
1116.45
1129.05
1141.19
1152.85
1164.00
1174.62
1184.68
1194.16
1203.03
1211.27
1218.86
1225.76
1231.96
1237.44
1242.17
1246.14
1249.34
1251.75
1253.36
1254.16
896.16
912.51
928.72
944.78
960.65
976.32
991.76
1006.95
1021.88
1036.51
1050.82
1064.80
1078.41
1091.63
1104.45
1116.84
1128.77
1140.21
1151.16
1161.57
1171.44
1180.72
1189.41
1197.47
1204.88
1211.62
1217.68
1223.02
1227.64
1231.51
1234.63
1236.97
1238.54
1239.32
886.85
902.99
918.99
934.84
950.50
965.96
981.19
996.17
1010.88
1025.30
1039.40
1053.16
1066.56
1079.57
1092.18
1104.35
1116.07
1127.31
1138.05
1148.27
1157.94
1167.04
1175.54
1183.43
1190.68
1197.27
1203.18
1208.40
1212.91
1216.68
1219.72
1222.01
1223.53
1224.30
877.30
893.23
909.02
924.65
940.10
955.34
970.36
985.13
999.62
1013.82
1027.71
1041.26
1054.44
1067.25
1079.64
1091.61
1103.12
1114.16
1124.70
1134.73
1144.21
1153.12
1161.45
1169.17
1176.26
1182.71
1188.49
1193.59
1197.99
1201.67
1204.64
1206.87
1208.36
1209.10
867.53
883.24
898.81
914.23
929.46
944.48
959.28
973.84
988.12
1002.11
1015.78
1029.11
1042.09
1054.68
1066.87
1078.63
1089.94
1100.78
1111.13
1120.96
1130.25
1138.99
1147.15
1154.71
1161.65
1167.96
1173.61
1178.59
1182.89
1186.49
1189.39
1191.57
1193.02
1193.75
857.55
873.04
888.39
903.58
918.59
933.40
947.98
962.32
976.38
990.16
1003.62
1016.74
1029.50
1041.89
1053.87
1065.43
1076.54
1087.18
1097.34
1106.98
1116.10
1124.67
1132.66
1140.06
1146.86
1153.03
1158.56
1163.43
1167.64
1171.16
1173.98
1176.11
1177.53
1178.24
847.37
862.64
877.76
892.74
907.53
922.11
936.48
950.59
964.44
978.00
991.24
1004.16
1016.71
1028.89
1040.66
1052.02
1062.94
1073.39
1083.36
1092.82
1101.76
1110.16
1117.99
1125.25
1131.90
1137.94
1143.36
1148.12
1152.23
1155.68
1158.44
1160.52
1161.91
1162.60
837.02
852.05
866.96
881.70
896.27
910.63
924.78
938.67
952.31
965.65
978.68
991.38
1003.73
1015.70
1027.27
1038.43
1049.15
1059.42
1069.20
1078.49
1087.26
1095.49
1103.17
1110.28
1116.80
1122.71
1128.01
1132.67
1136.70
1140.06
1142.77
1144.80
1146.16
1146.84
826.50
841.31
855.98
870.50
884.84
898.98
912.90
926.58
939.99
953.12
965.94
978.43
990.57
1002.34
1013.71
1024.67
1035.20
1045.28
1054.89
1064.00
1072.60
1080.68
1088.20
1095.17
1101.56
1107.35
1112.54
1117.10
1121.04
1124.34
1126.98
1128.97
1130.30
1130.96
815.84
830.41
844.85
859.14
873.26
887.18
900.87
914.33
927.53
940.44
953.04
965.32
977.26
988.82
1000.00
1010.77
1021.11
1031.00
1040.43
1049.37
1057.81
1065.73
1073.11
1079.94
1086.20
1091.87
1096.95
1101.43
1105.28
1108.51
1111.10
1113.04
1114.34
1114.99
805.05
819.39
833.60
847.66
861.54
875.23
888.71
901.94
914.92
927.61
940.01
952.08
963.81
975.17
986.15
996.73
1006.89
1016.60
1025.85
1034.63
1042.91
1050.67
1057.91
1064.61
1070.74
1076.30
1081.28
1085.66
1089.43
1092.59
1095.13
1097.03
1098.31
1098.94
794.15
808.25
822.22
836.05
849.71
863.17
876.42
889.43
902.19
914.67
926.86
938.72
950.25
961.41
972.20
982.59
992.56
1002.09
1011.18
1019.79
1027.91
1035.53
1042.62
1049.19
1055.20
1060.65
1065.53
1069.82
1073.51
1076.61
1079.09
1080.96
1082.20
1082.83
783.15
797.02
810.75
824.35
837.77
851.01
864.03
876.83
889.37
901.63
913.61
925.26
936.59
947.55
958.15
968.35
978.14
987.50
996.41
1004.86
1012.83
1020.30
1027.26
1033.70
1039.59
1044.94
1049.71
1053.92
1057.54
1060.57
1063.00
1064.83
1066.05
1066.66
772.08
785.71
799.21
812.57
825.76
838.77
851.57
864.14
876.46
888.52
900.28
911.73
922.85
933.62
944.03
954.04
963.66
972.84
981.59
989.88
997.70
1005.03
1011.85
1018.16
1023.94
1029.18
1033.86
1037.98
1041.53
1044.50
1046.88
1048.67
1049.87
1050.47
760.96
774.34
787.61
800.73
813.69
826.47
839.05
851.40
863.50
875.34
886.89
898.14
909.06
919.64
929.86
939.69
949.12
958.14
966.73
974.86
982.53
989.72
996.41
1002.60
1008.26
1013.40
1017.99
1022.03
1025.51
1028.42
1030.75
1032.51
1033.68
1034.26
749.80
762.94
775.97
788.86
801.59
814.14
826.49
838.61
850.50
862.13
873.47
884.52
895.24
905.63
915.66
925.31
934.57
943.42
951.84
959.82
967.34
974.40
980.96
987.03
992.58
997.62
1002.12
1006.08
1009.49
1012.34
1014.62
1016.34
1017.49
1018.06
738.63
751.53
764.31
776.96
789.46
801.78
813.91
825.82
837.49
848.90
860.04
870.88
881.41
891.61
901.45
910.92
920.01
928.69
936.96
944.79
952.17
959.08
965.52
971.47
976.92
981.85
986.27
990.15
993.49
996.28
998.53
1000.21
1001.34
1001.90
727.47
740.12
752.66
765.08
777.34
789.44
801.34
813.03
824.48
835.69
846.62
857.26
867.60
877.60
887.26
896.56
905.47
913.99
922.10
929.78
937.02
943.81
950.12
955.95
961.30
966.13
970.46
974.27
977.54
980.28
982.48
984.13
985.23
985.78
716.33
728.74
741.04
753.22
765.25
777.12
788.80
800.27
811.51
822.50
833.23
843.68
853.81
863.63
873.11
882.23
890.98
899.34
907.29
914.83
921.93
928.58
934.78
940.50
945.74
950.48
954.72
958.45
961.66
964.35
966.50
968.12
969.20
969.74
705.24
717.41
729.47
741.42
753.22
764.85
776.31
787.56
798.59
809.38
819.90
830.15
840.10
849.73
859.03
867.98
876.56
884.76
892.56
899.95
906.92
913.44
919.52
925.13
930.27
934.92
939.08
942.73
945.88
948.51
950.63
952.21
953.27
953.80
694.22
706.15
717.97
729.68
741.25
752.66
763.90
774.93
785.75
796.33
806.66
816.71
826.47
835.92
845.04
853.82
862.24
870.28
877.93
885.18
892.01
898.41
904.37
909.87
914.91
919.47
923.55
927.14
930.22
932.80
934.87
936.43
937.47
937.99
683.30
694.99
706.57
718.05
729.39
740.58
751.59
762.41
773.02
783.40
793.52
803.38
812.95
822.22
831.17
839.78
848.04
855.93
863.43
870.54
877.24
883.52
889.36
894.76
899.70
904.17
908.17
911.68
914.71
917.24
919.27
920.80
921.82
922.32
672.50
683.94
695.30
706.54
717.65
728.62
739.41
750.02
760.42
770.59
780.52
790.19
799.58
808.67
817.44
825.89
833.99
841.73
849.09
856.06
862.63
868.79
874.52
879.81
884.65
889.04
892.96
896.41
899.38
901.86
903.85
905.35
906.34
906.84
661.84
673.05
684.16
695.18
706.07
716.81
727.39
737.79
747.98
757.96
767.69
777.17
786.37
795.29
803.89
812.18
820.12
827.71
834.93
841.77
848.21
854.25
859.87
865.06
869.81
874.11
877.96
881.34
884.25
886.68
888.64
890.10
891.08
891.57
651.35
662.32
673.20
683.99
694.66
705.18
715.55
725.74
735.73
745.51
755.05
764.35
773.37
782.11
790.55
798.67
806.46
813.91
820.99
827.70
834.02
839.94
845.45
850.54
855.20
859.42
863.19
866.51
869.36
871.75
873.66
875.10
876.06
876.54
641.05
651.79
662.44
673.01
683.45
693.76
703.92
713.90
723.70
733.28
742.64
751.75
760.60
769.17
777.44
785.41
793.05
800.35
807.29
813.87
820.07
825.88
831.29
836.28
840.85
844.99
848.69
851.94
854.74
857.08
858.96
860.37
861.32
861.79
630.97
641.48
651.91
662.25
672.48
682.58
692.53
702.31
711.91
721.30
730.47
739.41
748.08
756.49
764.60
772.41
779.91
787.07
793.88
800.33
806.42
812.11
817.42
822.31
826.80
830.86
834.49
837.68
840.43
842.72
844.57
845.95
846.88
847.34
621.14
631.42
641.63
651.75
661.77
671.66
681.41
690.99
700.40
709.61
718.60
727.35
735.86
744.10
752.06
759.72
767.07
774.09
780.78
787.11
793.08
798.67
803.87
808.68
813.08
817.06
820.62
823.75
826.45
828.70
830.51
831.87
832.78
833.23
611.58
621.63
631.63
641.54
651.35
661.04
670.59
679.98
689.20
698.22
707.03
715.62
723.96
732.05
739.85
747.37
754.58
761.47
768.03
774.24
780.09
785.58
790.68
795.40
799.72
803.63
807.12
810.20
812.84
815.05
816.83
818.16
819.05
819.50
602.31
612.15
621.93
631.64
641.24
650.74
660.09
669.30
678.33
687.18
695.82
704.24
712.42
720.35
728.01
735.38
742.46
749.22
755.65
761.75
767.50
772.88
777.89
782.52
786.76
790.60
794.03
797.05
799.65
801.82
803.56
804.87
805.74
806.18
593.37
603.00
612.58
622.08
631.49
640.79
649.96
658.98
667.84
676.51
684.99
693.25
701.27
709.05
716.57
723.80
730.75
737.38
743.70
749.68
755.33
760.61
765.53
770.08
774.24
778.01
781.38
784.34
786.89
789.03
790.74
792.03
792.88
793.31
584.78
594.21
603.58
612.89
622.11
631.22
640.21
649.06
657.74
666.25
674.57
682.67
690.55
698.18
705.56
712.66
719.48
726.00
732.20
738.08
743.62
748.81
753.64
758.11
762.20
765.90
769.21
772.12
774.63
776.72
778.41
779.67
780.51
780.93
576.56
585.80
594.98
604.10
613.14
622.07
630.89
639.56
648.09
656.43
664.59
672.55
680.28
687.78
695.02
702.00
708.69
715.09
721.19
726.96
732.41
737.51
742.26
746.65
750.67
754.31
757.56
760.42
762.88
764.94
766.60
767.84
768.67
769.08
568.75
577.80
586.80
595.74
604.60
613.37
622.01
630.53
638.89
647.09
655.10
662.91
670.51
677.87
684.99
691.84
698.42
704.71
710.70
716.38
721.73
726.75
731.42
735.73
739.68
743.26
746.46
749.28
751.70
753.73
755.35
756.57
757.39
757.80
561.37
570.24
579.07
587.84
596.53
605.13
613.62
621.98
630.20
638.25
646.12
653.79
661.26
668.49
675.49
682.23
688.70
694.89
700.78
706.36
711.63
716.56
721.16
725.40
729.29
732.81
735.96
738.73
741.11
743.11
744.71
745.91
746.71
747.11
554.45
563.15
571.81
580.42
588.96
597.40
605.74
613.95
622.03
629.94
637.68
645.23
652.57
659.69
666.57
673.20
679.57
685.65
691.45
696.95
702.13
706.99
711.51
715.69
719.52
722.99
726.09
728.82
731.17
733.13
734.71
735.89
736.68
737.07
548.00
556.54
565.05
573.51
581.90
590.20
598.40
606.48
614.42
622.20
629.81
637.24
644.47
651.48
658.25
664.78
671.05
677.05
682.76
688.17
693.28
698.07
702.52
706.64
710.42
713.83
716.89
719.58
721.89
723.83
725.38
726.55
727.33
727.72
542.06
550.45
558.82
567.14
575.39
583.56
591.62
599.57
607.39
615.06
622.56
629.87
636.99
643.90
650.57
657.01
663.19
669.10
674.73
680.07
685.11
689.83
694.22
698.29
702.01
705.38
708.39
711.04
713.33
715.24
716.77
717.92
718.69
719.07
541.11
549.51
557.88
566.21
574.47
582.64
590.72
598.68
606.51
614.18
621.70
629.02
636.15
643.07
649.76
656.21
662.40
668.33
673.97
679.32
684.36
689.09
693.50
697.57
701.30
704.68
707.70
710.36
712.65
714.56
716.10
717.25
718.02
718.41
547.08
555.62
564.14
572.61
581.00
589.31
597.52
605.61
613.56
621.36
628.99
636.43
643.66
650.69
657.47
664.02
670.30
676.31
682.03
687.46
692.58
697.38
701.84
705.97
709.76
713.18
716.24
718.94
721.26
723.20
724.76
725.93
726.71
727.10
553.54
562.25
570.92
579.54
588.09
596.54
604.90
613.12
621.21
629.13
636.88
644.45
651.80
658.93
665.83
672.48
678.86
684.96
690.77
696.28
701.47
706.34
710.88
715.07
718.91
722.39
725.49
728.23
730.58
732.55
734.13
735.32
736.11
736.51
560.49
569.37
578.21
586.99
595.70
604.31
612.81
621.18
629.41
637.47
645.36
653.05
660.53
667.78
674.79
681.55
688.03
694.24
700.14
705.74
711.02
715.96
720.57
724.83
728.73
732.26
735.41
738.19
740.58
742.58
744.19
745.39
746.20
746.60
567.90
576.96
585.97
594.92
603.80
612.57
621.23
629.76
638.14
646.35
654.38
662.21
669.82
677.20
684.33
691.20
697.80
704.11
710.11
715.80
721.17
726.20
730.88
735.21
739.17
742.76
745.97
748.79
751.22
753.25
754.88
756.11
756.93
757.33
575.74
584.98
594.18
603.31
612.36
621.31
630.14
638.84
647.37
655.74
663.92
671.89
679.64
687.15
694.41
701.41
708.12
714.54
720.65
726.44
731.90
737.01
741.78
746.18
750.21
753.86
757.12
759.99
762.46
764.53
766.19
767.43
768.26
768.68
583.98
593.42
602.81
612.13
621.37
630.50
639.51
648.37
657.07
665.60
673.93
682.06
689.95
697.60
705.00
712.12
718.96
725.49
731.71
737.61
743.16
748.37
753.22
757.70
761.80
765.51
768.83
771.75
774.26
776.37
778.05
779.32
780.17
780.59
592.60
602.24
611.84
621.36
630.78
640.10
649.29
658.33
667.21
675.90
684.40
692.68
700.72
708.52
716.06
723.31
730.27
736.93
743.27
749.27
754.93
760.23
765.16
769.72
773.90
777.68
781.06
784.03
786.59
788.73
790.45
791.74
792.60
793.03
601.57
611.43
621.23
630.95
640.57
650.09
659.46
668.69
677.74
686.61
695.28
703.72
711.92
719.87
727.55
734.94
742.04
748.82
755.27
761.39
767.15
772.55
777.58
782.23
786.48
790.33
793.77
796.80
799.40
801.58
803.33
804.65
805.52
805.96
610.86
620.94
630.95
640.88
650.71
660.43
670.00
679.41
688.65
697.70
706.54
715.15
723.51
731.62
739.44
746.98
754.21
761.12
767.70
773.93
779.81
785.31
790.43
795.17
799.50
803.42
806.93
810.01
812.67
814.88
816.67
818.00
818.90
819.34
620.46
630.76
640.99
651.13
661.17
671.09
680.86
690.47
699.90
709.13
718.15
726.93
735.46
743.72
751.71
759.39
766.76
773.81
780.51
786.87
792.85
798.46
803.68
808.50
812.92
816.92
820.49
823.63
826.34
828.60
830.41
831.78
832.69
833.14
630.33
640.85
651.31
661.67
671.92
682.05
692.03
701.83
711.46
720.88
730.07
739.03
747.73
756.16
764.30
772.14
779.66
786.84
793.67
800.15
806.25
811.97
817.29
822.21
826.70
830.78
834.42
837.62
840.38
842.69
844.54
845.93
846.85
847.32
640.44
651.20
661.88
672.46
682.94
693.27
703.46
713.47
723.29
732.90
742.28
751.42
760.30
768.90
777.20
785.19
792.85
800.18
807.15
813.75
819.97
825.80
831.22
836.24
840.82
844.98
848.69
851.95
854.76
857.11
859.00
860.42
861.36
861.83
650.77
661.76
672.67
683.49
694.18
704.74
715.13
725.35
735.37
745.18
754.75
764.07
773.13
781.89
790.36
798.51
806.33
813.80
820.90
827.63
833.98
839.92
845.45
850.56
855.24
859.47
863.26
866.59
869.45
871.85
873.77
875.21
876.18
876.66
661.30
672.53
683.67
694.71
705.63
716.41
727.02
737.44
747.67
757.67
767.44
776.95
786.18
795.13
803.76
812.07
820.04
827.66
834.91
841.77
848.24
854.30
859.94
865.15
869.91
874.23
878.09
881.49
884.41
886.85
888.81
890.29
891.27
891.76
671.99
683.46
694.84
706.11
717.26
728.26
739.08
749.72
760.16
770.36
780.32
790.02
799.44
808.56
817.37
825.84
833.97
841.73
849.12
856.12
862.72
868.90
874.65
879.96
884.82
889.23
893.16
896.63
899.61
902.10
904.10
905.60
906.60
907.10
682.83
694.54
706.16
717.66
729.04
740.26
751.31
762.16
772.80
783.21
793.37
803.26
812.87
822.17
831.15
839.79
848.08
856.00
863.53
870.67
877.39
883.69
889.56
894.98
899.93
904.43
908.44
911.97
915.01
917.55
919.59
921.12
922.14
922.65
693.78
705.74
717.60
729.34
740.94
752.39
763.66
774.73
785.58
796.20
806.56
816.64
826.44
835.92
845.08
853.89
862.34
870.41
878.09
885.37
892.23
898.65
904.63
910.16
915.22
919.80
923.89
927.49
930.59
933.18
935.26
936.82
937.87
938.39
704.83
717.03
729.13
741.11
752.95
764.62
776.11
787.40
798.47
809.29
819.85
830.14
840.12
849.79
859.12
868.10
876.72
884.95
892.79
900.20
907.20
913.75
919.85
925.48
930.64
935.31
939.49
943.16
946.32
948.96
951.08
952.68
953.74
954.27
715.95
728.40
740.74
752.96
765.03
776.93
788.65
800.15
811.44
822.47
833.24
843.72
853.89
863.75
873.26
882.42
891.20
899.59
907.58
915.14
922.27
928.95
935.17
940.92
946.18
950.94
955.20
958.95
962.17
964.87
967.03
968.66
969.74
970.29
727.13
739.82
752.40
764.85
777.16
789.29
801.23
812.96
824.46
835.70
846.67
857.36
867.73
877.77
887.47
896.80
905.75
914.31
922.45
930.16
937.43
944.24
950.58
956.44
961.80
966.66
971.01
974.83
978.12
980.87
983.08
984.74
985.84
986.40
738.33
751.26
764.09
776.78
789.32
801.68
813.85
825.80
837.51
848.97
860.15
871.03
881.60
891.83
901.71
911.22
920.35
929.07
937.36
945.23
952.64
959.58
966.05
972.03
977.50
982.45
986.88
990.78
994.14
996.95
999.20
1000.89
1002.02
1002.58
749.53
762.71
775.78
788.71
801.48
814.08
826.47
838.64
850.57
862.24
873.63
884.72
895.48
905.91
915.98
925.67
934.96
943.85
952.31
960.32
967.88
974.96
981.55
987.65
993.23
998.28
1002.80
1006.78
1010.21
1013.07
1015.37
1017.10
1018.25
1018.82
760.73
774.15
787.46
800.62
813.63
826.45
839.07
851.47
863.62
875.50
887.10
898.39
909.36
919.98
930.23
940.11
949.58
958.63
967.26
975.42
983.13
990.35
997.07
1003.29
1008.98
1014.13
1018.75
1022.80
1026.30
1029.22
1031.57
1033.33
1034.51
1035.09
771.88
785.55
799.10
812.50
825.74
838.79
851.64
864.26
876.63
888.73
900.53
912.03
923.20
934.01
944.46
954.52
964.17
973.40
982.18
990.51
998.36
1005.72
1012.58
1018.92
1024.72
1029.98
1034.69
1038.83
1042.39
1045.38
1047.77
1049.57
1050.77
1051.37
782.98
796.89
810.68
824.32
837.79
851.08
864.15
876.99
889.58
901.89
913.91
925.61
936.98
948.00
958.63
968.88
978.71
988.11
997.07
1005.55
1013.56
1021.06
1028.05
1034.52
1040.44
1045.81
1050.61
1054.83
1058.47
1061.52
1063.96
1065.80
1067.02
1067.64
794.01
808.16
822.18
836.06
849.76
863.28
876.58
889.64
902.45
914.98
927.21
939.12
950.69
961.91
972.74
983.17
993.19
1002.76
1011.89
1020.54
1028.69
1036.35
1043.48
1050.07
1056.11
1061.59
1066.49
1070.80
1074.52
1077.63
1080.12
1082.00
1083.25
1083.87
804.95
819.33
833.59
847.70
861.64
875.38
888.90
902.19
915.22
927.97
940.41
952.53
964.31
975.72
986.75
997.37
1007.57
1017.33
1026.62
1035.44
1043.76
1051.56
1058.83
1065.56
1071.72
1077.31
1082.31
1086.71
1090.51
1093.68
1096.23
1098.15
1099.42
1100.06
815.77
830.39
844.89
859.23
873.39
887.36
901.11
914.62
927.87
940.83
953.49
965.82
977.80
989.42
1000.65
1011.46
1021.85
1031.79
1041.26
1050.24
1058.72
1066.68
1074.10
1080.96
1087.25
1092.95
1098.06
1102.55
1106.42
1109.67
1112.27
1114.23
1115.53
1116.19
826.46
841.32
856.05
870.62
885.01
899.21
913.18
926.92
940.38
953.56
966.43
978.98
991.17
1002.98
1014.41
1025.42
1036.00
1046.12
1055.77
1064.93
1073.57
1081.69
1089.25
1096.25
1102.67
1108.49
1113.71
1118.30
1122.26
1125.57
1128.23
1130.23
1131.56
1132.23
837.01
852.10
867.06
881.86
896.48
910.90
925.10
939.05
952.74
966.13
979.22
991.97
1004.37
1016.40
1028.02
1039.23
1050.00
1060.31
1070.15
1079.48
1088.29
1096.56
1104.28
1111.43
1117.98
1123.92
1129.25
1133.94
1137.98
1141.37
1144.09
1146.13
1147.50
1148.18
847.40
862.72
877.90
892.93
907.77
922.42
936.84
951.01
964.91
978.53
991.83
1004.80
1017.40
1029.64
1041.47
1052.88
1063.84
1074.34
1084.36
1093.87
1102.86
1111.30
1119.17
1126.46
1133.15
1139.22
1144.66
1149.46
1153.59
1157.05
1159.83
1161.92
1163.32
1164.02
857.61
873.15
888.56
903.81
918.88
933.74
948.38
962.78
976.90
990.73
1004.25
1017.42
1030.25
1042.68
1054.72
1066.33
1077.50
1088.19
1098.40
1108.09
1117.25
1125.86
1133.90
1141.34
1148.18
1154.38
1159.94
1164.84
1169.07
1172.61
1175.45
1177.59
1179.02
1179.73
867.62
883.38
899.01
914.48
929.77
944.86
959.72
974.33
988.67
1002.72
1016.45
1029.84
1042.88
1055.53
1067.77
1079.59
1090.95
1101.85
1112.24
1122.13
1131.47
1140.25
1148.45
1156.05
1163.03
1169.38
1175.06
1180.07
1184.40
1188.02
1190.93
1193.12
1194.58
1195.32
877.42
893.40
909.25
924.94
940.45
955.75
970.83
985.66
1000.21
1014.48
1028.42
1042.03
1055.28
1068.14
1080.59
1092.62
1104.19
1115.28
1125.88
1135.95
1145.48
1154.44
1162.82
1170.58
1177.71
1184.20
1190.01
1195.14
1199.56
1203.27
1206.26
1208.50
1210.00
1210.75
886.99
903.19
919.26
935.16
950.88
966.40
981.70
996.74
1011.51
1025.99
1040.15
1053.98
1067.44
1080.51
1093.18
1105.41
1117.19
1128.49
1139.28
1149.55
1159.27
1168.42
1176.97
1184.90
1192.20
1198.83
1204.78
1210.03
1214.56
1218.36
1221.42
1223.72
1225.26
1226.02
896.32
912.74
929.01
945.13
961.06
976.80
992.30
1007.56
1022.55
1037.24
1051.62
1065.65
1079.33
1092.62
1105.50
1117.94
1129.93
1141.44
1152.44
1162.91
1172.83
1182.17
1190.90
1199.01
1206.47
1213.25
1219.35
1224.72
1229.37
1233.27
1236.40
1238.76
1240.34
1241.13
905.40
922.02
938.50
954.83
970.97
986.92
1002.63
1018.10
1033.30
1048.21
1062.80
1077.05
1090.94
1104.45
1117.54
1130.20
1142.41
1154.13
1165.34
1176.02
1186.14
1195.67
1204.60
1212.89
1220.52
1227.46
1233.71
1239.22
1243.98
1247.98
1251.20
1253.63
1255.25
1256.06
914.21
931.03
947.72
964.25
980.60
996.75
1012.67
1028.35
1043.76
1058.88
1073.68
1088.15
1102.26
1115.98
1129.29
1142.17
1154.59
1166.53
1177.95
1188.84
1199.17
1208.91
1218.03
1226.51
1234.33
1241.44
1247.84
1253.50
1258.39
1262.49
1265.80
1268.29
1269.96
1270.79
922.74
939.76
956.64
973.37
989.92
1006.27
1022.40
1038.29
1053.91
1069.24
1084.25
1098.93
1113.26
1127.20
1140.73
1153.83
1166.47
1178.62
1190.27
1201.38
1211.92
1221.87
1231.20
1239.88
1247.88
1255.17
1261.74
1267.54
1272.57
1276.79
1280.19
1282.76
1284.47
1285.33
930.97
948.18
965.26
982.18
998.93
1015.48
1031.81
1047.90
1063.72
1079.26
1094.49
1109.39
1123.92
1138.08
1151.83
1165.15
1178.02
1190.40
1202.27
1213.60
1224.37
1234.53
1244.07
1252.96
1261.16
1268.64
1275.38
1281.35
1286.51
1290.86
1294.36
1297.00
1298.77
1299.66
938.89
956.29
973.55
990.67
1007.61
1024.35
1040.88
1057.17
1073.20
1088.94
1104.38
1119.48
1134.24
1148.61
1162.59
1176.13
1189.22
1201.83
1213.93
1225.49
1236.48
1246.88
1256.64
1265.74
1274.15
1281.83
1288.76
1294.89
1300.21
1304.69
1308.30
1311.03
1312.85
1313.76
946.49
964.06
981.51
998.81
1015.94
1032.88
1049.60
1066.08
1082.31
1098.26
1113.90
1129.22
1144.18
1158.78
1172.97
1186.74
1200.06
1212.90
1225.24
1237.03
1248.26
1258.89
1268.88
1278.21
1286.84
1294.73
1301.85
1308.17
1313.65
1318.27
1322.00
1324.81
1326.70
1327.64
953.75
971.50
989.13
1006.61
1023.92
1041.04
1057.95
1074.62
1091.05
1107.19
1123.04
1138.56
1153.74
1168.55
1182.97
1196.97
1210.52
1223.59
1236.16
1248.20
1259.67
1270.54
1280.77
1290.34
1299.19
1307.31
1314.64
1321.15
1326.81
1331.58
1335.43
1338.35
1340.30
1341.28
960.67
978.59
996.39
1014.04
1031.52
1048.82
1065.91
1082.78
1099.39
1115.73
1131.78
1147.51
1162.90
1177.92
1192.56
1206.78
1220.57
1233.88
1246.69
1258.97
1270.69
1281.81
1292.29
1302.10
1311.20
1319.55
1327.10
1333.82
1339.67
1344.61
1348.60
1351.62
1353.65
1354.66
967.24
985.31
1003.27
1021.09
1038.74
1056.22
1073.48
1090.53
1107.32
1123.86
1140.10
1156.03
1171.63
1186.87
1201.72
1216.17
1230.19
1243.74
1256.79
1269.33
1281.30
1292.68
1303.42
1313.49
1322.84
1331.44
1339.23
1346.17
1352.22
1357.34
1361.48
1364.62
1366.72
1367.78
973.43
991.66
1009.78
1027.75
1045.57
1063.20
1080.64
1097.86
1114.84
1131.55
1147.99
1164.11
1179.91
1195.36
1210.44
1225.11
1239.36
1253.15
1266.45
1279.24
1291.47
1303.11
1314.12
1324.46
1334.08
1342.94
1350.98
1358.16
1364.43
1369.75
1374.05
1377.32
1379.52
1380.62
979.25
997.62
1015.89
1034.01
1051.98
1069.78
1087.38
1104.76
1121.91
1138.81
1155.42
1171.74
1187.74
1203.39
1218.68
1233.58
1248.05
1262.08
1275.63
1288.67
1301.17
1313.08
1324.37
1334.99
1344.89
1354.03
1362.34
1369.78
1376.29
1381.81
1386.30
1389.71
1392.00
1393.15
984.68
1003.19
1021.59
1039.86
1057.97
1075.92
1093.67
1111.22
1128.53
1145.60
1162.39
1178.89
1195.08
1210.94
1226.43
1241.54
1256.25
1270.51
1284.31
1297.61
1310.38
1322.56
1334.14
1345.04
1355.24
1364.67
1373.27
1380.98
1387.75
1393.50
1398.19
1401.76
1404.16
1405.36
989.71
1008.35
1026.88
1045.28
1063.53
1081.62
1099.52
1117.22
1134.69
1151.91
1168.88
1185.55
1201.93
1217.97
1233.67
1249.00
1263.92
1278.42
1292.46
1306.02
1319.05
1331.52
1343.38
1354.59
1365.09
1374.82
1383.72
1391.73
1398.78
1404.79
1409.69
1413.43
1415.96
1417.22
994.33
1013.09
1031.74
1050.27
1068.65
1086.87
1104.91
1122.74
1140.36
1157.74
1174.86
1191.70
1208.25
1224.48
1240.38
1255.90
1271.04
1285.77
1300.06
1313.86
1327.16
1339.91
1352.07
1363.58
1374.39
1384.44
1393.67
1401.99
1409.33
1415.62
1420.77
1424.70
1427.36
1428.70
998.54
1017.41
1036.17
1054.81
1073.31
1091.65
1109.82
1127.78
1145.54
1163.06
1180.33
1197.33
1214.04
1230.45
1246.52
1262.25
1277.59
1292.54
1307.06
1321.11
1334.67
1347.70
1360.15
1371.96
1383.10
1393.48
1403.04
1411.69
1419.36
1425.95
1431.36
1435.51
1438.32
1439.74
1002.33
1021.30
1040.16
1058.91
1077.51
1095.96
1114.24
1132.33
1150.21
1167.86
1185.27
1202.41
1219.28
1235.85
1252.09
1268.00
1283.54
1298.70
1313.43
1327.73
1341.54
1354.84
1367.58
1379.70
1391.16
1401.88
1411.78
1420.79
1428.80
1435.70
1441.40
1445.79
1448.78
1450.28
1005.69
1024.74
1043.70
1062.54
1081.24
1099.79
1118.17
1136.37
1154.36
1172.13
1189.66
1206.94
1223.95
1240.66
1257.06
1273.14
1288.86
1304.21
1319.16
1333.68
1347.73
1361.29
1374.31
1386.73
1398.51
1409.56
1419.82
1429.19
1437.55
1444.81
1450.82
1455.48
1458.65
1460.26
1008.62
1027.75
1046.78
1065.70
1084.48
1103.12
1121.60
1139.89
1157.98
1175.85
1193.50
1210.89
1228.02
1244.87
1261.42
1277.65
1293.53
1309.06
1324.20
1338.92
1353.20
1367.01
1380.29
1393.00
1405.08
1416.47
1427.08
1436.81
1445.55
1453.16
1459.51
1464.45
1467.83
1469.55
1011.10
1030.30
1049.40
1068.38
1087.24
1105.96
1124.51
1142.88
1161.06
1179.03
1196.77
1214.26
1231.50
1248.47
1265.14
1281.50
1297.53
1313.21
1328.52
1343.43
1357.92
1371.94
1385.46
1398.44
1410.81
1422.51
1433.46
1443.55
1452.66
1460.64
1467.34
1472.59
1476.20
1478.04
1013.14
1032.39
1051.54
1070.59
1089.51
1108.29
1126.90
1145.34
1163.59
1181.63
1199.45
1217.04
1234.37
1251.43
1268.20
1284.68
1300.83
1316.65
1332.10
1347.17
1361.83
1376.05
1389.78
1402.99
1415.63
1427.61
1438.87
1449.29
1458.76
1467.10
1474.16
1479.71
1483.56
1485.54
1014.73
1034.02
1053.22
1072.31
1091.28
1110.10
1128.77
1147.26
1165.57
1183.67
1201.55
1219.20
1236.61
1253.74
1270.60
1287.17
1303.42
1319.34
1334.91
1350.11
1364.91
1379.29
1393.20
1406.61
1419.46
1431.69
1443.21
1453.93
1463.71
1472.39
1479.77
1485.63
1489.71
1491.82
1015.87
1035.19
1054.42
1073.54
1092.54
1111.40
1130.11
1148.64
1166.99
1185.13
1203.06
1220.76
1238.21
1255.40
1272.32
1288.95
1305.28
1321.28
1336.94
1352.23
1367.14
1381.63
1395.67
1409.23
1422.24
1434.66
1446.39
1457.34
1467.38
1476.33
1483.99
1490.10
1494.40
1496.62
1016.55
1035.89
1055.14
1074.28
1093.30
1112.18
1130.91
1149.47
1167.84
1186.01
1203.96
1221.69
1239.18
1256.40
1273.36
1290.03
1306.40
1322.44
1338.16
1353.51
1368.48
1383.05
1397.17
1410.82
1423.94
1436.47
1448.33
1459.43
1469.63
1478.76
1486.61
1492.91
1497.35
1499.66
1016.78
1036.12
1055.38
1074.53
1093.56
1112.44
1131.18
1149.74
1168.12
1186.30
1204.26
1222.00
1239.50
1256.74
1273.71
1290.39
1306.77
1322.83
1338.56
1353.93
1368.93
1383.52
1397.67
1411.35
1424.50
1437.07
1448.99
1460.14
1470.39
1479.59
1487.50
1493.86
1498.36
1500.71
1016.55
1035.89
1055.14
1074.28
1093.30
1112.18
1130.91
1149.46
1167.83
1186.00
1203.96
1221.69
1239.17
1256.40
1273.36
1290.03
1306.39
1322.44
1338.15
1353.51
1368.48
1383.04
1397.17
1410.81
1423.93
1436.46
1448.33
1459.43
1469.63
1478.76
1486.61
1492.90
1497.35
1499.66
1015.86
1035.18
1054.42
1073.54
1092.54
1111.40
1130.10
1148.64
1166.98
1185.13
1203.05
1220.75
1238.21
1255.40
1272.32
1288.95
1305.27
1321.27
1336.93
1352.22
1367.13
1381.62
1395.67
1409.22
1422.24
1434.65
1446.38
1457.33
1467.36
1476.32
1483.97
1490.09
1494.39
1496.61
1014.72
1034.01
1053.21
1072.31
1091.27
1110.10
1128.76
1147.26
1165.56
1183.66
1201.55
1219.20
1236.60
1253.74
1270.59
1287.16
1303.41
1319.33
1334.90
1350.10
1364.90
1379.28
1393.19
1406.60
1419.45
1431.67
1443.20
1453.91
1463.69
1472.37
1479.75
1485.61
1489.70
1491.80
1013.13
1032.38
1051.54
1070.58
1089.50
1108.28
1126.89
1145.33
1163.58
1181.63
1199.45
1217.03
1234.36
1251.42
1268.19
1284.67
1300.82
1316.63
1332.09
1347.16
1361.82
1376.03
1389.77
1402.98
1415.61
1427.60
1438.85
1449.27
1458.73
1467.08
1474.13
1479.69
1483.54
1485.51
1011.09
1030.29
1049.39
1068.38
1087.23
1105.95
1124.50
1142.87
1161.05
1179.02
1196.75
1214.25
1231.49
1248.45
1265.12
1281.48
1297.52
1313.20
1328.50
1343.42
1357.90
1371.92
1385.44
1398.42
1410.79
1422.49
1433.44
1443.52
1452.63
1460.62
1467.32
1472.56
1476.17
1478.01
1008.61
1027.74
1046.77
1065.69
1084.47
1103.11
1121.58
1139.87
1157.97
1175.84
1193.49
1210.88
1228.01
1244.86
1261.40
1277.63
1293.52
1309.04
1324.18
1338.90
1353.18
1366.99
1380.27
1392.98
1405.06
1416.44
1427.05
1436.78
1445.52
1453.13
1459.48
1464.42
1467.80
1469.52
1005.68
1024.73
1043.69
1062.52
1081.23
1099.78
1118.16
1136.35
1154.34
1172.11
1189.65
1206.92
1223.93
1240.64
1257.05
1273.12
1288.84
1304.19
1319.14
1333.66
1347.71
1361.27
1374.28
1386.71
1398.48
1409.53
1419.79
1429.16
1437.52
1444.78
1450.79
1455.44
1458.61
1460.22
1002.32
1021.28
1040.15
1058.89
1077.50
1095.95
1114.23
1132.31
1150.19
1167.84
1185.25
1202.40
1219.26
1235.83
1252.07
1267.98
1283.52
1298.67
1313.41
1327.70
1341.52
1354.81
1367.55
1379.67
1391.13
1401.84
1411.75
1420.75
1428.76
1435.67
1441.37
1445.76
1448.74
1450.24
998.53
1017.40
1036.16
1054.80
1073.30
1091.64
1109.80
1127.77
1145.52
1163.04
1180.31
1197.31
1214.02
1230.43
1246.50
1262.22
1277.57
1292.52
1307.03
1321.09
1334.65
1347.67
1360.12
1371.93
1383.06
1393.45
1403.00
1411.66
1419.32
1425.91
1431.32
1435.47
1438.28
1439.70
994.32
1013.07
1031.73
1050.25
1068.63
1086.85
1104.89
1122.72
1140.34
1157.72
1174.84
1191.68
1208.23
1224.46
1240.35
1255.88
1271.02
1285.75
1300.03
1313.84
1327.13
1339.88
1352.03
1363.54
1374.35
1384.40
1393.63
1401.95
1409.29
1415.58
1420.72
1424.66
1427.32
1428.65
989.69
1008.33
1026.86
1045.26
1063.52
1081.60
1099.50
1117.20
1134.66
1151.89
1168.85
1185.53
1201.90
1217.95
1233.64
1248.97
1263.89
1278.39
1292.43
1305.99
1319.02
1331.49
1343.35
1354.55
1365.05
1374.78
1383.68
1391.69
1398.74
1404.74
1409.65
1413.39
1415.91
1417.18
984.66
1003.17
1021.57
1039.84
1057.95
1075.90
1093.65
1111.20
1128.51
1145.57
1162.37
1178.87
1195.06
1210.91
1226.40
1241.52
1256.22
1270.48
1284.28
1297.58
1310.34
1322.53
1334.10
1345.01
1355.20
1364.63
1373.23
1380.94
1387.70
1393.46
1398.14
1401.71
1404.11
1405.32
979.23
997.60
1015.86
1033.99
1051.96
1069.75
1087.35
1104.74
1121.89
1138.78
1155.39
1171.71
1187.71
1203.36
1218.65
1233.54
1248.02
1262.05
1275.60
1288.64
1301.13
1313.05
1324.33
1334.95
1344.85
1353.98
1362.30
1369.73
1376.24
1381.77
1386.25
1389.66
1391.95
1393.10
973.41
991.64
1009.75
1027.73
1045.54
1063.18
1080.62
1097.83
1114.81
1131.53
1147.96
1164.08
1179.88
1195.33
1210.40
1225.08
1239.32
1253.11
1266.41
1279.20
1291.43
1303.07
1314.08
1324.42
1334.04
1342.89
1350.94
1358.12
1364.39
1369.70
1374.01
1377.27
1379.47
1380.57
967.21
985.29
1003.25
1021.06
1038.72
1056.19
1073.46
1090.50
1107.30
1123.83
1140.07
1156.00
1171.59
1186.83
1201.69
1216.14
1230.15
1243.70
1256.76
1269.29
1281.26
1292.63
1303.38
1313.44
1322.80
1331.39
1339.18
1346.12
1352.17
1357.29
1361.43
1364.57
1366.67
1367.73
960.65
978.57
996.36
1014.01
1031.50
1048.79
1065.88
1082.75
1099.36
1115.70
1131.74
1147.47
1162.86
1177.89
1192.53
1206.75
1220.53
1233.84
1246.65
1258.93
1270.65
1281.77
1292.25
1302.06
1311.16
1319.50
1327.06
1333.78
1339.62
1344.56
1348.55
1351.57
1353.60
1354.61
953.73
971.48
989.10
1006.58
1023.89
1041.01
1057.92
1074.59
1091.01
1107.16
1123.00
1138.53
1153.71
1168.52
1182.93
1196.93
1210.48
1223.55
1236.12
1248.16
1259.63
1270.49
1280.73
1290.29
1299.15
1307.26
1314.59
1321.10
1326.76
1331.53
1335.38
1338.30
1340.25
1341.22
946.46
964.04
981.49
998.78
1015.91
1032.85
1049.57
1066.05
1082.28
1098.22
1113.86
1129.18
1144.15
1158.74
1172.93
1186.70
1200.02
1212.86
1225.19
1236.99
1248.21
1258.84
1268.83
1278.16
1286.79
1294.68
1301.80
1308.11
1313.60
1318.21
1321.94
1324.76
1326.64
1327.59
938.86
956.26
973.52
990.64
1007.58
1024.32
1040.85
1057.14
1073.16
1088.90
1104.34
1119.45
1134.20
1148.57
1162.55
1176.09
1189.18
1201.79
1213.89
1225.45
1236.44
1246.83
1256.59
1265.69
1274.10
1281.78
1288.70
1294.84
1300.16
1304.64
1308.25
1310.97
1312.80
1313.71
930.94
948.15
965.22
982.15
998.90
1015.45
1031.78
1047.86
1063.69
1079.22
1094.45
1109.35
1123.88
1138.04
1151.79
1165.11
1177.97
1190.35
1202.22
1213.55
1224.32
1234.48
1244.02
1252.91
1261.11
1268.59
1275.33
1281.29
1286.46
1290.81
1294.31
1296.95
1298.72
1299.60
922.71
939.72
956.61
973.34
989.89
1006.24
1022.37
1038.25
1053.87
1069.20
1084.21
1098.89
1113.22
1127.15
1140.68
1153.78
1166.42
1178.58
1190.22
1201.33
1211.87
1221.82
1231.15
1239.83
1247.83
1255.12
1261.68
1267.49
1272.51
1276.73
1280.14
1282.70
1284.41
1285.27
914.18
931.00
947.68
964.21
980.56
996.71
1012.63
1028.31
1043.72
1058.84
1073.64
1088.11
1102.21
1115.93
1129.25
1142.12
1154.54
1166.48
1177.90
1188.79
1199.12
1208.86
1217.98
1226.46
1234.27
1241.39
1247.78
1253.44
1258.33
1262.44
1265.74
1268.24
1269.90
1270.73
905.37
921.99
938.47
954.79
970.94
986.88
1002.59
1018.06
1033.26
1048.17
1062.76
1077.01
1090.90
1104.40
1117.50
1130.16
1142.36
1154.08
1165.29
1175.97
1186.08
1195.62
1204.54
1212.83
1220.46
1227.41
1233.65
1239.16
1243.93
1247.92
1251.14
1253.57
1255.19
1256.00
896.29
912.70
928.98
945.09
961.03
976.76
992.26
1007.52
1022.50
1037.20
1051.57
1065.61
1079.28
1092.57
1105.45
1117.89
1129.88
1141.39
1152.39
1162.86
1172.78
1182.11
1190.85
1198.96
1206.41
1213.20
1219.29
1224.67
1229.31
1233.21
1236.34
1238.70
1240.28
1241.07
886.96
903.16
919.22
935.12
950.84
966.36
981.65
996.70
1011.47
1025.95
1040.11
1053.93
1067.39
1080.46
1093.13
1105.36
1117.14
1128.43
1139.23
1149.50
1159.22
1168.36
1176.91
1184.85
1192.14
1198.77
1204.72
1209.97
1214.50
1218.30
1221.36
1223.66
1225.20
1225.96
877.38
893.36
909.21
924.90
940.41
955.71
970.79
985.61
1000.17
1014.43
1028.38
1041.98
1055.23
1068.09
1080.54
1092.57
1104.14
1115.23
1125.82
1135.90
1145.42
1154.39
1162.76
1170.52
1177.65
1184.14
1189.95
1195.08
1199.50
1203.21
1206.19
1208.44
1209.94
1210.69
867.58
883.34
898.97
914.44
929.73
944.82
959.68
974.29
988.63
1002.67
1016.40
1029.79
1042.83
1055.47
1067.72
1079.53
1090.90
1101.79
1112.19
1122.07
1131.41
1140.19
1148.39
1155.99
1162.97
1169.31
1175.00
1180.01
1184.33
1187.96
1190.87
1193.06
1194.52
1195.25
857.57
873.11
888.52
903.77
918.83
933.70
948.34
962.73
976.85
990.68
1004.20
1017.37
1030.19
1042.63
1054.67
1066.28
1077.44
1088.14
1098.34
1108.04
1117.20
1125.80
1133.84
1141.28
1148.11
1154.32
1159.88
1164.78
1169.00
1172.54
1175.39
1177.53
1178.96
1179.67
847.36
862.68
877.86
892.88
907.73
922.37
936.79
950.96
964.87
978.48
991.78
1004.74
1017.35
1029.58
1041.41
1052.82
1063.79
1074.29
1084.30
1093.81
1102.80
1111.24
1119.11
1126.40
1133.09
1139.16
1144.60
1149.39
1153.53
1156.99
1159.77
1161.86
1163.26
1163.95
836.97
852.06
867.02
881.81
896.43
910.85
925.05
939.00
952.69
966.08
979.17
991.92
1004.32
1016.34
1027.97
1039.18
1049.95
1060.26
1070.09
1079.42
1088.23
1096.50
1104.22
1111.36
1117.91
1123.86
1129.18
1133.87
1137.92
1141.30
1144.02
1146.07
1147.43
1148.11
826.42
841.28
856.01
870.58
884.97
899.16
913.14
926.87
940.33
953.51
966.38
978.92
991.11
1002.93
1014.35
1025.37
1035.94
1046.06
1055.71
1064.87
1073.51
1081.62
1089.19
1096.19
1102.61
1108.43
1113.64
1118.23
1122.19
1125.50
1128.16
1130.16
1131.50
1132.16
815.73
830.35
844.84
859.18
873.35
887.32
901.07
914.57
927.82
940.78
953.44
965.77
977.75
989.36
1000.59
1011.40
1021.79
1031.73
1041.20
1050.18
1058.66
1066.62
1074.03
1080.89
1087.18
1092.88
1097.99
1102.48
1106.36
1109.60
1112.20
1114.16
1115.47
1116.12
804.90
819.29
833.55
847.66
861.59
875.33
888.86
902.14
915.17
927.91
940.36
952.48
964.25
975.66
986.69
997.31
1007.51
1017.27
1026.56
1035.38
1043.69
1051.50
1058.77
1065.49
1071.65
1077.24
1082.24
1086.65
1090.44
1093.61
1096.16
1098.08
1099.35
1099.99
793.97
808.12
822.14
836.01
849.72
863.23
876.53
889.59
902.40
914.92
927.15
939.07
950.64
961.85
972.68
983.11
993.13
1002.70
1011.82
1020.47
1028.63
1036.28
1043.41
1050.00
1056.05
1061.52
1066.42
1070.73
1074.45
1077.56
1080.05
1081.93
1083.18
1083.80
782.94
796.85
810.63
824.27
837.74
851.03
864.10
876.94
889.52
901.84
913.86
925.56
936.93
947.94
958.58
968.82
978.65
988.05
997.00
1005.49
1013.49
1021.00
1027.99
1034.45
1040.37
1045.74
1050.54
1054.76
1058.40
1061.45
1063.89
1065.73
1066.95
1067.57
771.84
785.50
799.05
812.45
825.69
838.74
851.59
864.21
876.57
888.67
900.48
911.97
923.14
933.95
944.40
954.46
964.11
973.33
982.12
990.44
998.29
1005.65
1012.51
1018.85
1024.65
1029.91
1034.62
1038.76
1042.32
1045.31
1047.70
1049.50
1050.70
1051.30
760.68
774.10
787.41
800.58
813.58
826.40
839.02
851.42
863.56
875.45
887.04
898.33
909.30
919.92
930.17
940.04
949.52
958.57
967.19
975.36
983.06
990.28
997.00
1003.22
1008.91
1014.06
1018.68
1022.73
1026.23
1029.15
1031.49
1033.26
1034.43
1035.02
749.49
762.67
775.73
788.66
801.43
814.02
826.42
838.59
850.52
862.19
873.57
884.66
895.42
905.85
915.91
925.60
934.90
943.79
952.24
960.26
967.81
974.89
981.49
987.58
993.16
998.21
1002.73
1006.71
1010.13
1013.00
1015.30
1017.02
1018.18
1018.75
738.28
751.22
764.04
776.73
789.27
801.63
813.79
825.74
837.46
848.91
860.09
870.97
881.54
891.77
901.65
911.16
920.28
929.00
937.30
945.16
952.57
959.52
965.98
971.96
977.43
982.38
986.81
990.71
994.07
996.87
999.12
1000.82
1001.95
1002.51
727.08
739.77
752.35
764.80
777.11
789.24
801.18
812.91
824.40
835.64
846.62
857.30
867.67
877.71
887.40
896.74
905.69
914.24
922.38
930.09
937.36
944.17
950.51
956.37
961.73
966.59
970.94
974.76
978.05
980.80
983.00
984.66
985.77
986.32
715.91
728.35
740.69
752.91
764.98
776.88
788.59
800.10
811.38
822.41
833.18
843.66
853.83
863.68
873.20
882.35
891.13
899.53
907.51
915.07
922.20
928.88
935.10
940.85
946.11
950.87
955.13
958.87
962.10
964.79
966.96
968.58
969.67
970.21
704.78
716.98
729.08
741.06
752.90
764.57
776.06
787.35
798.41
809.23
819.80
830.08
840.06
849.73
859.06
868.04
876.65
884.88
892.72
900.14
907.13
913.68
919.78
925.41
930.57
935.24
939.41
943.08
946.24
948.89
951.01
952.60
953.67
954.20
693.73
705.69
717.55
729.29
740.89
752.34
763.60
774.67
785.52
796.14
806.50
816.58
826.37
835.86
845.01
853.82
862.27
870.34
878.02
885.30
892.16
898.58
904.56
910.09
915.14
919.72
923.82
927.42
930.51
933.11
935.18
936.75
937.79
938.31
682.78
694.49
706.11
717.61
728.99
740.20
751.25
762.10
772.74
783.15
793.31
803.20
812.80
822.10
831.08
839.72
848.01
855.93
863.46
870.60
877.32
883.62
889.49
894.90
899.86
904.35
908.37
911.89
914.93
917.47
919.51
921.04
922.07
922.58
671.94
683.41
694.79
706.06
717.21
728.20
739.03
749.67
760.10
770.30
780.26
789.96
799.38
808.50
817.30
825.77
833.90
841.67
849.05
856.05
862.65
868.83
874.58
879.89
884.75
889.15
893.09
896.55
899.53
902.02
904.02
905.52
906.52
907.02
661.25
672.48
683.62
694.66
705.58
716.35
726.96
737.39
747.61
757.61
767.38
776.89
786.12
795.06
803.70
812.00
819.97
827.59
834.83
841.70
848.17
854.22
859.86
865.07
869.84
874.16
878.02
881.41
884.33
886.78
888.74
890.21
891.19
891.68
650.72
661.71
672.62
683.44
694.13
704.68
715.07
725.29
735.31
745.12
754.69
764.01
773.06
781.83
790.30
798.44
806.26
813.73
820.83
827.56
833.90
839.85
845.38
850.49
855.16
859.40
863.18
866.51
869.37
871.77
873.69
875.14
876.10
876.58
640.39
651.15
661.83
672.41
682.88
693.22
703.40
713.41
723.23
732.84
742.22
751.36
760.23
768.83
777.13
785.12
792.78
800.11
807.08
813.68
819.90
825.73
831.15
836.16
840.75
844.90
848.61
851.88
854.69
857.04
858.92
860.34
861.28
861.76
630.28
640.80
651.26
661.62
671.87
681.99
691.97
701.78
711.40
720.81
730.01
738.97
747.67
756.10
764.24
772.07
779.59
786.77
793.60
800.08
806.18
811.90
817.22
822.13
826.63
830.70
834.34
837.55
840.30
842.61
844.46
845.85
846.77
847.24
620.41
630.71
640.94
651.08
661.12
671.03
680.80
690.41
699.84
709.07
718.08
726.86
735.39
743.66
751.64
759.32
766.69
773.74
780.44
786.79
792.78
798.39
803.61
808.43
812.84
816.84
820.41
823.55
826.26
828.52
830.33
831.70
832.61
833.06
610.82
620.89
630.90
640.83
650.66
660.37
669.94
679.35
688.59
697.64
706.47
715.08
723.45
731.55
739.38
746.91
754.14
761.05
767.63
773.86
779.73
785.24
790.36
795.09
799.42
803.34
806.85
809.93
812.59
814.81
816.59
817.92
818.82
819.26
601.52
611.38
621.17
630.90
640.52
650.03
659.41
668.63
677.68
686.55
695.21
703.65
711.86
719.80
727.48
734.88
741.97
748.75
755.20
761.32
767.08
772.48
777.51
782.15
786.40
790.25
793.69
796.72
799.33
801.50
803.25
804.57
805.44
805.88
592.55
602.19
611.78
621.30
630.73
640.04
649.23
658.27
667.15
675.84
684.33
692.61
700.66
708.46
715.99
723.24
730.20
736.86
743.19
749.20
754.85
760.15
765.09
769.65
773.82
777.60
780.98
783.95
786.51
788.65
790.37
791.66
792.52
792.95
583.93
593.37
602.76
612.08
621.32
630.44
639.45
648.31
657.01
665.54
673.87
681.99
689.89
697.54
704.93
712.05
718.89
725.42
731.64
737.53
743.09
748.29
753.14
757.62
761.72
765.43
768.75
771.67
774.19
776.29
777.97
779.24
780.09
780.51
575.69
584.93
594.13
603.26
612.31
621.26
630.09
638.78
647.31
655.68
663.85
671.82
679.57
687.09
694.34
701.34
708.05
714.47
720.58
726.37
731.82
736.94
741.70
746.10
750.13
753.78
757.04
759.91
762.38
764.45
766.11
767.35
768.18
768.60
567.85
576.91
585.92
594.87
603.74
612.52
621.18
629.70
638.08
646.29
654.32
662.15
669.76
677.13
684.26
691.13
697.73
704.04
710.04
715.73
721.10
726.12
730.81
735.13
739.09
742.68
745.89
748.71
751.14
753.17
754.80
756.03
756.85
757.25
560.45
569.32
578.16
586.94
595.64
604.25
612.75
621.12
629.35
637.41
645.30
652.99
660.46
667.72
674.73
681.48
687.96
694.16
700.07
705.67
710.94
715.89
720.50
724.75
728.65
732.18
735.34
738.11
740.50
742.50
744.10
745.31
746.12
746.52
553.50
562.20
570.87
579.49
588.03
596.49
604.84
613.06
621.15
629.07
636.82
644.38
651.73
658.87
665.76
672.41
678.79
684.89
690.70
696.21
701.40
706.27
710.80
714.99
718.83
722.31
725.41
728.15
730.50
732.47
734.05
735.24
736.03
736.43
547.03
555.58
564.09
572.55
580.95
589.26
597.47
605.55
613.50
621.30
628.92
636.36
643.60
650.62
657.41
663.95
670.23
676.24
681.96
687.39
692.50
697.30
701.77
705.90
709.68
713.10
716.17
718.86
721.18
723.12
724.68
725.85
726.63
727.02
541.06
549.46
557.83
566.16
574.41
582.59
590.66
598.62
606.45
614.12
621.63
628.96
636.09
643.00
649.69
656.14
662.33
668.25
673.90
679.24
684.29
689.02
693.42
697.50
701.22
704.60
707.62
710.28
712.57
714.48
716.02
717.17
717.94
718.33
