564.54
572.83
581.07
589.25
597.33
605.31
613.18
620.91
628.50
635.92
643.17
650.23
657.09
663.73
670.14
676.31
682.22
687.87
693.25
698.34
703.14
707.63
711.81
715.67
719.21
722.40
725.26
727.78
729.94
731.75
733.20
734.29
735.01
735.38
569.99
578.41
586.77
595.05
603.25
611.34
619.31
627.14
634.83
642.35
649.69
656.84
663.78
670.50
676.99
683.23
689.22
694.94
700.38
705.53
710.39
714.93
719.16
723.07
726.64
729.88
732.77
735.31
737.50
739.33
740.80
741.90
742.63
743.00
575.91
584.46
592.94
601.35
609.66
617.87
625.95
633.90
641.69
649.31
656.76
664.00
671.03
677.84
684.42
690.74
696.81
702.60
708.11
713.33
718.25
722.85
727.13
731.09
734.71
737.98
740.91
743.48
745.70
747.55
749.03
750.15
750.89
751.27
582.28
590.96
599.58
608.11
616.56
624.89
633.09
641.16
649.06
656.80
664.34
671.69
678.83
685.73
692.40
698.81
704.96
710.83
716.42
721.70
726.69
731.35
735.69
739.70
743.36
746.68
749.65
752.25
754.50
756.37
757.88
759.01
759.76
760.14
589.06
597.89
606.65
615.33
623.90
632.37
640.70
648.89
656.92
664.77
672.43
679.89
687.13
694.13
700.90
707.40
713.64
719.59
725.26
730.62
735.67
740.40
744.80
748.87
752.58
755.95
758.96
761.60
763.87
765.78
767.30
768.45
769.21
769.59
596.25
605.22
614.13
622.96
631.68
640.28
648.75
657.07
665.23
673.20
680.98
688.56
695.91
703.02
709.89
716.49
722.82
728.86
734.61
740.06
745.18
749.98
754.45
758.57
762.34
765.75
768.80
771.48
773.79
775.72
777.27
778.43
779.20
779.59
603.80
612.94
622.01
630.98
639.86
648.60
657.22
665.67
673.96
682.07
689.98
697.67
705.14
712.36
719.34
726.04
732.47
738.61
744.45
749.97
755.18
760.05
764.58
768.76
772.59
776.06
779.15
781.87
784.22
786.17
787.74
788.92
789.71
790.10
611.71
621.02
630.25
639.38
648.41
657.31
666.07
674.67
683.10
691.34
699.38
707.20
714.79
722.13
729.22
736.03
742.56
748.80
754.73
760.34
765.63
770.57
775.18
779.43
783.31
786.83
789.98
792.74
795.12
797.10
798.70
799.90
800.70
801.10
619.95
629.42
638.82
648.12
657.31
666.37
675.28
684.04
692.61
700.99
709.16
717.12
724.83
732.30
739.50
746.43
753.06
759.40
765.43
771.13
776.50
781.53
786.20
790.52
794.47
798.04
801.24
804.05
806.46
808.48
810.10
811.32
812.13
812.53
628.48
638.14
647.71
657.18
666.54
675.76
684.83
693.74
702.46
710.99
719.30
727.39
735.24
742.83
750.15
757.19
763.94
770.38
776.51
782.31
787.76
792.87
797.63
802.01
806.03
809.66
812.91
815.76
818.21
820.27
821.91
823.15
823.97
824.39
637.30
647.14
656.89
666.54
676.06
685.45
694.69
703.75
712.63
721.30
729.76
737.99
745.97
753.70
761.14
768.31
775.17
781.72
787.95
793.84
799.39
804.58
809.42
813.88
817.96
821.65
824.95
827.85
830.34
832.43
834.10
835.36
836.20
836.62
646.37
656.39
666.33
676.16
685.86
695.42
704.82
714.05
723.08
731.91
740.52
748.89
757.01
764.87
772.44
779.73
786.71
793.37
799.71
805.70
811.34
816.63
821.54
826.07
830.22
833.98
837.33
840.28
842.82
844.94
846.64
847.92
848.77
849.20
655.67
665.88
676.01
686.02
695.90
705.63
715.20
724.60
733.80
742.78
751.54
760.06
768.33
776.32
784.03
791.44
798.54
805.31
811.76
817.85
823.59
828.97
833.96
838.58
842.80
846.62
850.03
853.03
855.61
857.76
859.49
860.79
861.66
862.09
665.17
675.58
685.90
696.09
706.16
716.07
725.81
735.38
744.74
753.89
762.80
771.47
779.88
788.01
795.86
803.40
810.62
817.52
824.07
830.27
836.11
841.58
846.66
851.35
855.65
859.53
863.00
866.05
868.68
870.87
872.63
873.95
874.84
875.28
674.86
685.47
695.97
706.36
716.61
726.70
736.62
746.36
755.89
765.20
774.28
783.10
791.66
799.93
807.91
815.58
822.93
829.95
836.62
842.93
848.87
854.43
859.60
864.38
868.74
872.70
876.23
879.33
882.00
884.23
886.02
887.37
888.27
888.71
684.70
695.51
706.21
716.79
727.23
737.51
747.61
757.52
767.22
776.70
785.93
794.91
803.62
812.04
820.16
827.97
835.45
842.58
849.37
855.79
861.83
867.49
872.76
877.61
882.06
886.08
889.67
892.83
895.55
897.82
899.64
901.01
901.92
902.38
694.68
705.69
716.59
727.36
737.99
748.46
758.74
768.83
778.70
788.35
797.75
806.89
815.75
824.32
832.58
840.52
848.13
855.39
862.30
868.83
874.98
880.74
886.09
891.04
895.56
899.65
903.31
906.52
909.29
911.60
913.45
914.84
915.77
916.24
704.78
715.99
727.09
738.06
748.88
759.53
770.00
780.27
790.32
800.13
809.70
818.99
828.01
836.73
845.14
853.22
860.96
868.35
875.38
882.02
888.28
894.14
899.59
904.62
909.22
913.39
917.11
920.38
923.19
925.54
927.43
928.85
929.79
930.27
714.96
726.38
737.68
748.85
759.86
770.70
781.35
791.80
802.03
812.02
821.75
831.21
840.38
849.26
857.81
866.03
873.91
881.43
888.58
895.34
901.71
907.67
913.22
918.34
923.02
927.26
931.04
934.37
937.24
939.63
941.55
942.99
943.96
944.44
725.22
736.84
748.34
759.71
770.91
781.95
792.79
803.42
813.82
823.99
833.89
843.51
852.85
861.87
870.57
878.94
886.96
894.61
901.88
908.76
915.24
921.31
926.95
932.16
936.93
941.24
945.09
948.48
951.40
953.83
955.79
957.26
958.24
958.73
735.52
747.35
759.06
770.62
782.02
793.25
804.28
815.09
825.68
836.01
846.08
855.88
865.37
874.55
883.41
891.92
900.07
907.85
915.25
922.26
928.85
935.02
940.77
946.07
950.92
955.31
959.23
962.68
965.64
968.13
970.12
971.61
972.61
973.11
745.86
757.89
769.80
781.56
793.16
804.58
815.80
826.80
837.56
848.07
858.32
868.28
877.93
887.27
896.28
904.94
913.23
921.15
928.68
935.80
942.51
948.79
954.64
960.03
964.97
969.44
973.43
976.94
979.96
982.48
984.51
986.03
987.05
987.55
756.20
768.44
780.55
792.51
804.31
815.92
827.33
838.51
849.46
860.15
870.57
880.69
890.51
900.01
909.17
917.98
926.42
934.47
942.13
949.38
956.20
962.60
968.54
974.03
979.05
983.60
987.67
991.24
994.31
996.88
998.95
1000.50
1001.53
1002.04
766.53
778.98
791.29
803.45
815.45
827.25
838.85
850.22
861.35
872.22
882.81
893.11
903.09
912.75
922.06
931.02
939.60
947.79
955.58
962.96
969.90
976.41
982.46
988.04
993.16
997.78
1001.92
1005.56
1008.69
1011.30
1013.40
1014.98
1016.03
1016.56
776.83
789.48
802.00
814.36
826.55
838.55
850.34
861.90
873.21
884.26
895.02
905.49
915.64
925.46
934.93
944.04
952.76
961.10
969.02
976.52
983.59
990.20
996.36
1002.05
1007.25
1011.96
1016.17
1019.87
1023.06
1025.72
1027.86
1029.47
1030.54
1031.07
787.09
799.94
812.66
825.22
837.61
849.80
861.78
873.52
885.02
896.24
907.19
917.82
928.14
938.13
947.75
957.01
965.89
974.36
982.42
990.05
997.24
1003.97
1010.23
1016.02
1021.31
1026.11
1030.39
1034.16
1037.41
1040.12
1042.29
1043.93
1045.02
1045.56
797.27
810.33
823.25
836.01
848.59
860.98
873.14
885.08
896.76
908.16
919.28
930.09
940.58
950.72
960.51
969.92
978.95
987.56
995.76
1003.52
1010.83
1017.68
1024.05
1029.94
1035.33
1040.21
1044.57
1048.41
1051.71
1054.47
1056.69
1058.35
1059.46
1060.02
807.38
820.64
833.76
846.72
859.49
872.07
884.43
896.54
908.41
919.99
931.29
942.27
952.93
963.24
973.19
982.75
991.92
1000.69
1009.02
1016.91
1024.35
1031.32
1037.80
1043.79
1049.27
1054.24
1058.68
1062.59
1065.95
1068.76
1071.01
1072.71
1073.84
1074.40
817.38
830.84
844.16
857.32
870.29
883.05
895.60
907.90
919.95
931.72
943.19
954.35
965.17
975.65
985.75
995.48
1004.80
1013.71
1022.18
1030.21
1037.77
1044.86
1051.45
1057.55
1063.13
1068.18
1072.70
1076.68
1080.10
1082.96
1085.26
1086.99
1088.14
1088.71
827.27
840.93
854.44
867.79
880.96
893.91
906.65
919.14
931.37
943.32
954.96
966.30
977.29
987.93
998.20
1008.08
1017.56
1026.61
1035.22
1043.38
1051.08
1058.28
1065.00
1071.20
1076.87
1082.02
1086.62
1090.67
1094.15
1097.07
1099.40
1101.16
1102.33
1102.92
837.02
850.88
864.59
878.13
891.49
904.63
917.56
930.23
942.64
954.77
966.60
978.10
989.27
1000.07
1010.50
1020.54
1030.17
1039.37
1048.13
1056.43
1064.25
1071.58
1078.41
1084.71
1090.49
1095.73
1100.41
1104.53
1108.08
1111.05
1113.43
1115.22
1116.41
1117.01
846.62
860.68
874.58
888.31
901.86
915.20
928.30
941.16
953.76
966.06
978.07
989.74
1001.08
1012.05
1022.65
1032.85
1042.63
1051.98
1060.88
1069.31
1077.27
1084.72
1091.67
1098.08
1103.96
1109.29
1114.06
1118.25
1121.86
1124.89
1127.31
1129.13
1130.35
1130.96
856.06
870.31
884.40
898.33
912.06
925.58
938.88
951.92
964.69
977.18
989.36
1001.21
1012.71
1023.86
1034.61
1044.97
1054.91
1064.41
1073.45
1082.03
1090.11
1097.69
1104.76
1111.29
1117.27
1122.69
1127.54
1131.81
1135.49
1138.57
1141.04
1142.89
1144.13
1144.75
865.32
879.76
894.04
908.15
922.07
935.78
949.26
962.48
975.43
988.10
1000.45
1012.48
1024.15
1035.46
1046.38
1056.90
1066.99
1076.64
1085.84
1094.55
1102.77
1110.48
1117.66
1124.31
1130.39
1135.91
1140.85
1145.19
1148.94
1152.07
1154.59
1156.48
1157.74
1158.37
874.39
889.01
903.48
917.78
931.88
945.77
959.43
972.83
985.96
998.81
1011.33
1023.53
1035.38
1046.85
1057.94
1068.62
1078.87
1088.67
1098.01
1106.86
1115.22
1123.06
1130.36
1137.12
1143.31
1148.93
1153.95
1158.38
1162.19
1165.38
1167.94
1169.86
1171.15
1171.79
883.25
898.05
912.70
927.18
941.47
955.54
969.37
982.96
996.27
1009.28
1021.99
1034.36
1046.37
1058.01
1069.26
1080.10
1090.51
1100.46
1109.95
1118.95
1127.44
1135.41
1142.84
1149.71
1156.01
1161.72
1166.84
1171.34
1175.22
1178.47
1181.08
1183.04
1184.35
1185.00
891.88
906.87
921.70
936.36
950.82
965.07
979.08
992.84
1006.33
1019.52
1032.39
1044.93
1057.12
1068.93
1080.34
1091.34
1101.90
1112.01
1121.64
1130.79
1139.41
1147.51
1155.07
1162.06
1168.47
1174.28
1179.48
1184.07
1188.02
1191.33
1193.98
1195.98
1197.31
1197.98
900.28
915.44
930.45
945.29
959.92
974.35
988.54
1002.47
1016.13
1029.49
1042.54
1055.25
1067.60
1079.57
1091.15
1102.31
1113.03
1123.29
1133.07
1142.36
1151.13
1159.36
1167.04
1174.14
1180.66
1186.58
1191.87
1196.54
1200.56
1203.93
1206.63
1208.66
1210.02
1210.70
908.43
923.77
938.95
953.95
968.76
983.36
997.72
1011.83
1025.65
1039.19
1052.40
1065.28
1077.80
1089.94
1101.68
1112.99
1123.87
1134.29
1144.22
1153.65
1162.55
1170.92
1178.72
1185.95
1192.58
1198.60
1203.99
1208.73
1212.83
1216.25
1219.01
1221.08
1222.46
1223.15
916.32
931.83
947.18
962.35
977.33
992.09
1006.62
1020.89
1034.89
1048.59
1061.97
1075.02
1087.70
1100.00
1111.90
1123.38
1134.41
1144.98
1155.06
1164.63
1173.68
1182.18
1190.11
1197.46
1204.20
1210.32
1215.80
1220.63
1224.80
1228.29
1231.09
1233.20
1234.61
1235.31
923.94
939.61
955.12
970.46
985.60
1000.53
1015.22
1029.66
1043.82
1057.69
1071.23
1084.44
1097.29
1109.75
1121.81
1133.44
1144.63
1155.35
1165.58
1175.30
1184.49
1193.12
1201.18
1208.64
1215.49
1221.72
1227.29
1232.21
1236.45
1240.00
1242.85
1245.00
1246.43
1247.15
931.27
947.10
962.77
978.26
993.57
1008.66
1023.51
1038.11
1052.43
1066.46
1080.17
1093.53
1106.54
1119.16
1131.38
1143.17
1154.52
1165.39
1175.76
1185.62
1194.95
1203.71
1211.90
1219.48
1226.45
1232.78
1238.45
1243.45
1247.76
1251.38
1254.28
1256.47
1257.93
1258.65
938.30
954.28
970.11
985.76
1001.22
1016.46
1031.47
1046.23
1060.71
1074.89
1088.76
1102.28
1115.45
1128.23
1140.60
1152.55
1164.04
1175.06
1185.58
1195.59
1205.05
1213.95
1222.26
1229.97
1237.04
1243.48
1249.24
1254.33
1258.71
1262.39
1265.35
1267.57
1269.06
1269.80
945.03
961.15
977.13
992.93
1008.54
1023.93
1039.10
1054.01
1068.64
1082.98
1096.99
1110.67
1123.99
1136.92
1149.45
1161.55
1173.19
1184.36
1195.03
1205.17
1214.77
1223.80
1232.24
1240.06
1247.25
1253.79
1259.65
1264.82
1269.28
1273.02
1276.03
1278.29
1279.80
1280.55
951.43
967.70
983.82
999.76
1015.51
1031.06
1046.37
1061.42
1076.20
1090.69
1104.86
1118.69
1132.15
1145.24
1157.91
1170.16
1181.95
1193.26
1204.07
1214.35
1224.09
1233.25
1241.81
1249.75
1257.05
1263.69
1269.65
1274.90
1279.44
1283.24
1286.30
1288.60
1290.13
1290.90
957.51
973.91
990.16
1006.24
1022.14
1037.82
1053.27
1068.47
1083.39
1098.02
1112.33
1126.31
1139.92
1153.15
1165.97
1178.36
1190.29
1201.75
1212.70
1223.12
1232.98
1242.27
1250.95
1259.01
1266.42
1273.16
1279.21
1284.55
1289.16
1293.02
1296.13
1298.47
1300.03
1300.81
963.24
979.77
996.15
1012.37
1028.39
1044.21
1059.79
1075.13
1090.19
1104.96
1119.41
1133.52
1147.28
1160.65
1173.61
1186.14
1198.21
1209.80
1220.88
1231.44
1241.43
1250.84
1259.65
1267.82
1275.34
1282.18
1288.32
1293.74
1298.42
1302.35
1305.50
1307.88
1309.47
1310.26
968.62
985.27
1001.78
1018.12
1034.27
1050.21
1065.93
1081.39
1096.58
1111.48
1126.07
1140.32
1154.20
1167.71
1180.80
1193.47
1205.67
1217.40
1228.61
1239.29
1249.42
1258.95
1267.87
1276.16
1283.78
1290.72
1296.95
1302.44
1307.20
1311.18
1314.39
1316.80
1318.42
1319.22
973.64
990.41
1007.03
1023.49
1039.76
1055.82
1071.66
1087.24
1102.56
1117.59
1132.30
1146.67
1160.69
1174.32
1187.55
1200.34
1212.68
1224.53
1235.87
1246.67
1256.91
1266.56
1275.60
1283.99
1291.72
1298.75
1305.06
1310.64
1315.46
1319.51
1322.76
1325.21
1326.85
1327.66
978.30
995.17
1011.90
1028.47
1044.85
1061.02
1076.97
1092.68
1108.11
1123.25
1138.08
1152.58
1166.72
1180.47
1193.82
1206.73
1219.19
1231.16
1242.63
1253.55
1263.90
1273.67
1282.81
1291.31
1299.13
1306.25
1312.65
1318.30
1323.19
1327.29
1330.59
1333.07
1334.73
1335.56
982.58
999.55
1016.38
1033.05
1049.53
1065.81
1081.87
1097.68
1113.22
1128.47
1143.41
1158.02
1172.27
1186.14
1199.61
1212.64
1225.21
1237.29
1248.87
1259.90
1270.37
1280.24
1289.48
1298.08
1305.99
1313.20
1319.68
1325.40
1330.35
1334.50
1337.85
1340.37
1342.05
1342.89
986.47
1003.54
1020.46
1037.22
1053.80
1070.17
1086.33
1102.23
1117.88
1133.23
1148.28
1162.99
1177.35
1191.32
1204.89
1218.03
1230.71
1242.90
1254.58
1265.72
1276.29
1286.25
1295.60
1304.28
1312.28
1319.57
1326.12
1331.91
1336.92
1341.13
1344.51
1347.06
1348.77
1349.62
989.98
1007.12
1024.13
1040.97
1057.64
1074.10
1090.34
1106.34
1122.07
1137.52
1152.66
1167.47
1181.92
1195.99
1209.66
1222.90
1235.67
1247.96
1259.74
1270.97
1281.64
1291.70
1301.13
1309.90
1317.98
1325.34
1331.96
1337.82
1342.88
1347.13
1350.56
1353.13
1354.86
1355.72
993.08
1010.30
1027.38
1044.30
1061.04
1077.58
1093.90
1109.98
1125.80
1141.33
1156.55
1171.45
1185.99
1200.15
1213.90
1227.23
1240.09
1252.47
1264.34
1275.66
1286.40
1296.55
1306.06
1314.91
1323.06
1330.49
1337.18
1343.09
1348.20
1352.50
1355.95
1358.56
1360.30
1361.17
995.79
1013.07
1030.22
1047.20
1064.01
1080.62
1097.01
1113.16
1129.05
1144.65
1159.95
1174.92
1189.53
1203.77
1217.60
1231.01
1243.95
1256.41
1268.35
1279.75
1290.57
1300.79
1310.37
1319.29
1327.51
1335.00
1341.74
1347.70
1352.86
1357.19
1360.68
1363.31
1365.07
1365.95
998.09
1015.42
1032.62
1049.67
1066.53
1083.20
1099.65
1115.86
1131.81
1147.47
1162.84
1177.87
1192.55
1206.85
1220.75
1234.22
1247.24
1259.76
1271.77
1283.24
1294.12
1304.41
1314.05
1323.03
1331.30
1338.85
1345.64
1351.65
1356.84
1361.21
1364.72
1367.37
1369.15
1370.03
999.97
1017.35
1034.60
1051.69
1068.60
1085.32
1101.82
1118.08
1134.08
1149.79
1165.21
1180.30
1195.03
1209.39
1223.34
1236.87
1249.94
1262.52
1274.59
1286.11
1297.05
1307.39
1317.08
1326.11
1334.43
1342.02
1348.85
1354.89
1360.12
1364.52
1368.06
1370.72
1372.51
1373.40
1001.44
1018.86
1036.14
1053.27
1070.22
1086.97
1103.51
1119.80
1135.85
1151.60
1167.06
1182.19
1196.97
1211.37
1225.37
1238.94
1252.05
1264.68
1276.79
1288.35
1299.34
1309.72
1319.45
1328.52
1336.88
1344.50
1351.37
1357.44
1362.69
1367.11
1370.67
1373.35
1375.14
1376.03
1002.49
1019.94
1037.24
1054.39
1071.37
1088.15
1104.72
1121.04
1137.11
1152.90
1168.39
1183.55
1198.35
1212.79
1226.82
1240.42
1253.56
1266.22
1278.36
1289.96
1300.98
1311.39
1321.15
1330.24
1338.63
1346.28
1353.17
1359.26
1364.54
1368.97
1372.54
1375.23
1377.03
1377.93
1003.12
1020.58
1037.91
1055.07
1072.06
1088.86
1105.44
1121.79
1137.87
1153.68
1169.18
1184.36
1199.19
1213.64
1227.69
1241.31
1254.47
1267.15
1279.31
1290.93
1301.96
1312.39
1322.17
1331.28
1339.69
1347.35
1354.25
1360.36
1365.65
1370.09
1373.66
1376.36
1378.16
1379.07
1003.33
1020.80
1038.13
1055.30
1072.30
1089.10
1105.68
1122.03
1138.13
1153.94
1169.45
1184.63
1199.46
1213.92
1227.98
1241.61
1254.78
1267.46
1279.63
1291.25
1302.29
1312.72
1322.51
1331.63
1340.04
1347.71
1354.62
1360.73
1366.01
1370.46
1374.04
1376.74
1378.54
1379.44
1003.12
1020.58
1037.90
1055.07
1072.06
1088.86
1105.44
1121.78
1137.87
1153.68
1169.18
1184.36
1199.19
1213.64
1227.69
1241.31
1254.47
1267.15
1279.31
1290.92
1301.96
1312.39
1322.17
1331.28
1339.68
1347.35
1354.25
1360.36
1365.64
1370.08
1373.66
1376.36
1378.16
1379.06
1002.49
1019.93
1037.24
1054.39
1071.37
1088.15
1104.71
1121.04
1137.11
1152.90
1168.38
1183.54
1198.35
1212.78
1226.81
1240.41
1253.56
1266.22
1278.36
1289.95
1300.97
1311.38
1321.15
1330.24
1338.63
1346.28
1353.16
1359.26
1364.53
1368.96
1372.53
1375.22
1377.02
1377.92
1001.44
1018.85
1036.14
1053.26
1070.21
1086.96
1103.50
1119.80
1135.84
1151.60
1167.05
1182.18
1196.96
1211.36
1225.36
1238.93
1252.04
1264.67
1276.78
1288.34
1299.33
1309.71
1319.44
1328.51
1336.87
1344.49
1351.36
1357.43
1362.68
1367.10
1370.66
1373.34
1375.13
1376.03
999.96
1017.35
1034.59
1051.68
1068.59
1085.31
1101.81
1118.07
1134.07
1149.79
1165.20
1180.29
1195.02
1209.38
1223.34
1236.86
1249.93
1262.51
1274.58
1286.10
1297.04
1307.38
1317.07
1326.10
1334.42
1342.01
1348.84
1354.88
1360.11
1364.51
1368.05
1370.71
1372.50
1373.39
998.08
1015.42
1032.62
1049.66
1066.52
1083.19
1099.64
1115.85
1131.80
1147.47
1162.83
1177.86
1192.54
1206.84
1220.74
1234.21
1247.22
1259.75
1271.76
1283.22
1294.11
1304.39
1314.04
1323.01
1331.29
1338.84
1345.63
1351.63
1356.83
1361.19
1364.71
1367.36
1369.13
1370.02
995.78
1013.06
1030.21
1047.19
1064.00
1080.61
1097.00
1113.15
1129.04
1144.64
1159.94
1174.91
1189.52
1203.76
1217.59
1230.99
1243.94
1256.39
1268.34
1279.73
1290.56
1300.77
1310.36
1319.27
1327.49
1334.99
1341.73
1347.69
1352.85
1357.18
1360.67
1363.30
1365.05
1365.93
993.07
1010.29
1027.37
1044.29
1061.03
1077.57
1093.89
1109.97
1125.79
1141.32
1156.54
1171.43
1185.97
1200.13
1213.89
1227.21
1240.07
1252.45
1264.32
1275.64
1286.39
1296.53
1306.04
1314.89
1323.04
1330.47
1337.16
1343.07
1348.18
1352.48
1355.93
1358.54
1360.28
1361.15
989.96
1007.11
1024.12
1040.96
1057.62
1074.09
1090.33
1106.32
1122.06
1137.51
1152.64
1167.45
1181.90
1195.98
1209.64
1222.88
1235.65
1247.94
1259.72
1270.95
1281.62
1291.68
1301.11
1309.88
1317.96
1325.32
1331.94
1337.80
1342.86
1347.11
1350.53
1353.11
1354.84
1355.70
986.46
1003.52
1020.44
1037.20
1053.78
1070.16
1086.31
1102.22
1117.86
1133.21
1148.26
1162.97
1177.33
1191.30
1204.87
1218.01
1230.69
1242.88
1254.56
1265.70
1276.26
1286.23
1295.57
1304.26
1312.26
1319.55
1326.10
1331.89
1336.90
1341.10
1344.49
1347.04
1348.74
1349.59
982.56
999.54
1016.37
1033.03
1049.52
1065.79
1081.85
1097.66
1113.20
1128.45
1143.39
1158.00
1172.25
1186.12
1199.58
1212.61
1225.18
1237.27
1248.84
1259.88
1270.34
1280.21
1289.46
1298.05
1305.96
1313.17
1319.65
1325.37
1330.32
1334.48
1337.82
1340.34
1342.02
1342.86
978.28
995.16
1011.89
1028.45
1044.83
1061.01
1076.95
1092.66
1108.09
1123.23
1138.06
1152.56
1166.69
1180.45
1193.80
1206.71
1219.17
1231.14
1242.60
1253.52
1263.88
1273.64
1282.78
1291.28
1299.10
1306.22
1312.62
1318.27
1323.16
1327.26
1330.56
1333.04
1334.70
1335.53
973.63
990.39
1007.01
1023.47
1039.74
1055.80
1071.64
1087.22
1102.54
1117.56
1132.27
1146.65
1160.67
1174.30
1187.52
1200.31
1212.65
1224.50
1235.84
1246.64
1256.89
1266.54
1275.57
1283.96
1291.69
1298.72
1305.03
1310.61
1315.43
1319.47
1322.73
1325.18
1326.81
1327.63
968.60
985.25
1001.76
1018.10
1034.25
1050.19
1065.90
1081.37
1096.56
1111.46
1126.04
1140.29
1154.18
1167.68
1180.78
1193.44
1205.65
1217.37
1228.58
1239.26
1249.38
1258.92
1267.84
1276.12
1283.75
1290.68
1296.91
1302.41
1307.16
1311.15
1314.35
1316.77
1318.38
1319.19
963.22
979.75
996.13
1012.34
1028.37
1044.18
1059.77
1075.10
1090.16
1104.93
1119.38
1133.50
1147.25
1160.62
1173.58
1186.11
1198.18
1209.77
1220.85
1231.40
1241.40
1250.81
1259.62
1267.79
1275.31
1282.15
1288.28
1293.70
1298.38
1302.31
1305.47
1307.84
1309.43
1310.23
957.48
973.89
990.14
1006.22
1022.11
1037.79
1053.24
1068.44
1083.36
1097.99
1112.31
1126.28
1139.89
1153.12
1165.94
1178.33
1190.26
1201.71
1212.66
1223.08
1232.95
1242.23
1250.92
1258.98
1266.39
1273.13
1279.17
1284.51
1289.12
1292.98
1296.09
1298.43
1299.99
1300.77
951.41
967.67
983.79
999.73
1015.49
1031.03
1046.34
1061.39
1076.18
1090.66
1104.83
1118.66
1132.12
1145.21
1157.88
1170.12
1181.91
1193.23
1204.03
1214.32
1224.05
1233.21
1241.77
1249.72
1257.02
1263.65
1269.61
1274.86
1279.40
1283.20
1286.26
1288.56
1290.09
1290.86
945.00
961.13
977.10
992.90
1008.51
1023.91
1039.07
1053.98
1068.61
1082.95
1096.96
1110.64
1123.96
1136.89
1149.42
1161.51
1173.16
1184.32
1194.99
1205.13
1214.73
1223.76
1232.20
1240.02
1247.21
1253.75
1259.61
1264.78
1269.24
1272.98
1275.98
1278.25
1279.76
1280.51
938.28
954.26
970.08
985.73
1001.19
1016.43
1031.44
1046.20
1060.68
1074.86
1088.73
1102.25
1115.41
1128.19
1140.57
1152.51
1164.00
1175.02
1185.55
1195.55
1205.01
1213.91
1222.22
1229.92
1237.00
1243.43
1249.20
1254.28
1258.67
1262.35
1265.30
1267.53
1269.01
1269.75
931.24
947.07
962.74
978.23
993.54
1008.63
1023.48
1038.08
1052.40
1066.43
1080.13
1093.50
1106.50
1119.13
1131.34
1143.14
1154.48
1165.35
1175.72
1185.58
1194.91
1203.67
1211.86
1219.44
1226.41
1232.73
1238.41
1243.40
1247.72
1251.33
1254.24
1256.42
1257.88
1258.61
923.91
939.58
955.09
970.43
985.57
1000.50
1015.19
1029.63
1043.79
1057.65
1071.20
1084.40
1097.25
1109.71
1121.77
1133.41
1144.59
1155.31
1165.54
1175.26
1184.44
1193.07
1201.13
1208.60
1215.45
1221.67
1227.25
1232.16
1236.40
1239.95
1242.81
1244.95
1246.39
1247.10
916.29
931.80
947.14
962.32
977.30
992.06
1006.59
1020.86
1034.86
1048.55
1061.94
1074.98
1087.66
1099.96
1111.86
1123.34
1134.37
1144.94
1155.02
1164.59
1173.64
1182.13
1190.07
1197.41
1204.15
1210.27
1215.75
1220.58
1224.75
1228.24
1231.04
1233.15
1234.56
1235.26
908.40
923.74
938.92
953.92
968.73
983.33
997.69
1011.79
1025.62
1039.15
1052.36
1065.24
1077.76
1089.90
1101.63
1112.95
1123.83
1134.24
1144.17
1153.60
1162.51
1170.87
1178.68
1185.90
1192.53
1198.55
1203.94
1208.68
1212.78
1216.20
1218.96
1221.03
1222.41
1223.10
900.25
915.41
930.42
945.25
959.89
974.31
988.50
1002.43
1016.09
1029.45
1042.50
1055.21
1067.56
1079.53
1091.11
1102.26
1112.98
1123.24
1133.03
1142.31
1151.08
1159.31
1166.99
1174.09
1180.61
1186.53
1191.82
1196.49
1200.51
1203.88
1206.58
1208.61
1209.97
1210.65
891.85
906.83
921.67
936.32
950.78
965.03
979.05
992.80
1006.29
1019.48
1032.35
1044.89
1057.07
1068.88
1080.30
1091.29
1101.86
1111.96
1121.60
1130.74
1139.37
1147.47
1155.02
1162.01
1168.41
1174.23
1179.43
1184.02
1187.97
1191.27
1193.93
1195.92
1197.26
1197.92
883.21
898.02
912.67
927.15
941.43
955.50
969.34
982.92
996.23
1009.24
1021.94
1034.31
1046.33
1057.97
1069.22
1080.06
1090.46
1100.42
1109.90
1118.90
1127.39
1135.36
1142.79
1149.66
1155.96
1161.67
1166.78
1171.29
1175.17
1178.42
1181.02
1182.98
1184.29
1184.94
874.35
888.97
903.44
917.74
931.84
945.73
959.39
972.79
985.92
998.76
1011.29
1023.49
1035.33
1046.81
1057.89
1068.57
1078.82
1088.62
1097.96
1106.81
1115.17
1123.00
1130.31
1137.07
1143.26
1148.87
1153.90
1158.32
1162.13
1165.32
1167.88
1169.81
1171.09
1171.73
865.29
879.72
894.00
908.11
922.03
935.74
949.21
962.44
975.39
988.05
1000.41
1012.43
1024.11
1035.41
1046.34
1056.85
1066.94
1076.59
1085.78
1094.50
1102.72
1110.43
1117.61
1124.25
1130.34
1135.86
1140.79
1145.14
1148.88
1152.01
1154.53
1156.42
1157.68
1158.31
856.03
870.27
884.36
898.29
912.02
925.54
938.83
951.88
964.65
977.13
989.31
1001.16
1012.67
1023.81
1034.56
1044.92
1054.86
1064.36
1073.40
1081.97
1090.06
1097.64
1104.70
1111.23
1117.22
1122.64
1127.49
1131.76
1135.43
1138.51
1140.98
1142.83
1144.07
1144.69
846.59
860.64
874.54
888.27
901.82
915.15
928.26
941.12
953.71
966.02
978.02
989.70
1001.03
1012.00
1022.60
1032.79
1042.58
1051.92
1060.82
1069.26
1077.21
1084.67
1091.61
1098.03
1103.91
1109.24
1114.00
1118.20
1121.81
1124.83
1127.25
1129.07
1130.29
1130.90
836.98
850.84
864.55
878.09
891.44
904.59
917.51
930.19
942.60
954.72
966.55
978.05
989.22
1000.02
1010.45
1020.49
1030.12
1039.32
1048.07
1056.37
1064.19
1071.52
1078.35
1084.66
1090.44
1095.67
1100.35
1104.47
1108.02
1110.99
1113.37
1115.16
1116.35
1116.95
827.23
840.89
854.40
867.75
880.91
893.87
906.60
919.09
931.32
943.27
954.92
966.25
977.24
987.88
998.15
1008.03
1017.50
1026.55
1035.17
1043.33
1051.02
1058.23
1064.94
1071.14
1076.82
1081.96
1086.56
1090.61
1094.09
1097.00
1099.34
1101.10
1102.27
1102.86
817.34
830.80
844.12
857.27
870.24
883.01
895.55
907.86
919.90
931.67
943.14
954.30
965.12
975.59
985.70
995.42
1004.75
1013.65
1022.12
1030.15
1037.71
1044.80
1051.40
1057.49
1063.07
1068.12
1072.64
1076.62
1080.04
1082.90
1085.20
1086.92
1088.08
1088.65
807.34
820.60
833.72
846.67
859.45
872.02
884.38
896.50
908.36
919.94
931.24
942.22
952.88
963.18
973.13
982.70
991.87
1000.63
1008.96
1016.85
1024.29
1031.26
1037.74
1043.73
1049.21
1054.18
1058.62
1062.52
1065.89
1068.70
1070.95
1072.65
1073.78
1074.34
797.23
810.29
823.21
835.97
848.55
860.93
873.10
885.03
896.71
908.11
919.23
930.04
940.53
950.67
960.46
969.87
978.89
987.51
995.70
1003.46
1010.77
1017.62
1023.99
1029.88
1035.27
1040.15
1044.51
1048.34
1051.65
1054.41
1056.62
1058.29
1059.40
1059.95
787.04
799.90
812.62
825.18
837.56
849.75
861.73
873.47
884.97
896.19
907.13
917.77
928.09
938.07
947.70
956.96
965.83
974.30
982.36
989.99
997.18
1003.91
1010.17
1015.96
1021.25
1026.05
1030.33
1034.10
1037.34
1040.05
1042.23
1043.86
1044.96
1045.50
776.79
789.44
801.96
814.32
826.51
838.50
850.29
861.85
873.16
884.20
894.97
905.43
915.59
925.40
934.87
943.98
952.71
961.04
968.96
976.46
983.53
990.14
996.30
1001.98
1007.19
1011.90
1016.11
1019.81
1022.99
1025.66
1027.79
1029.40
1030.47
1031.01
766.49
778.93
791.25
803.41
815.40
827.20
838.80
850.17
861.30
872.16
882.75
893.05
903.04
912.69
922.01
930.96
939.54
947.73
955.52
962.90
969.84
976.34
982.39
987.98
993.09
997.72
1001.86
1005.49
1008.62
1011.24
1013.34
1014.91
1015.97
1016.49
756.16
768.40
780.51
792.47
804.26
815.87
827.28
838.46
849.41
860.10
870.51
880.64
890.46
899.96
909.11
917.92
926.36
934.41
942.07
949.32
956.14
962.53
968.48
973.97
978.99
983.54
987.60
991.17
994.25
996.82
998.88
1000.43
1001.46
1001.98
745.81
757.85
769.75
781.51
793.11
804.53
815.75
826.74
837.51
848.02
858.26
868.22
877.88
887.21
896.22
904.88
913.17
921.09
928.62
935.74
942.45
948.73
954.57
959.97
964.90
969.37
973.36
976.87
979.89
982.42
984.44
985.96
986.98
987.48
735.48
747.31
759.01
770.57
781.97
793.20
804.22
815.04
825.62
835.96
846.03
855.82
865.31
874.49
883.35
891.86
900.01
907.79
915.19
922.19
928.79
934.96
940.70
946.00
950.85
955.24
959.16
962.61
965.58
968.06
970.05
971.54
972.54
973.04
725.17
736.80
748.30
759.66
770.86
781.90
792.74
803.37
813.77
823.93
833.83
843.45
852.79
861.81
870.51
878.88
886.89
894.54
901.82
908.70
915.18
921.24
926.89
932.09
936.86
941.17
945.03
948.41
951.33
953.76
955.72
957.19
958.17
958.66
714.92
726.33
737.63
748.80
759.81
770.65
781.30
791.75
801.97
811.96
821.69
831.15
840.33
849.20
857.75
865.97
873.85
881.37
888.51
895.28
901.65
907.61
913.15
918.27
922.95
927.19
930.98
934.30
937.17
939.56
941.48
942.92
943.89
944.37
704.73
715.94
727.04
738.01
748.83
759.48
769.94
780.21
790.26
800.07
809.64
818.93
827.95
836.67
845.08
853.16
860.90
868.29
875.31
881.96
888.22
894.07
899.52
904.55
909.15
913.32
917.04
920.31
923.12
925.47
927.36
928.78
929.72
930.19
694.64
705.64
716.54
727.31
737.94
748.40
758.69
768.77
778.65
788.29
797.69
806.83
815.69
824.25
832.52
840.46
848.07
855.33
862.23
868.76
874.91
880.67
886.03
890.97
895.49
899.58
903.24
906.45
909.21
911.53
913.38
914.77
915.70
916.16
684.66
695.46
706.16
716.74
727.18
737.45
747.55
757.46
767.16
776.64
785.87
794.85
803.56
811.98
820.10
827.90
835.38
842.52
849.30
855.72
861.77
867.42
872.69
877.54
881.99
886.01
889.60
892.76
895.47
897.75
899.57
900.94
901.85
902.30
674.81
685.42
695.92
706.31
716.55
726.65
736.57
746.30
755.83
765.14
774.22
783.04
791.60
799.87
807.85
815.52
822.87
829.88
836.55
842.86
848.80
854.36
859.53
864.31
868.67
872.62
876.16
879.26
881.93
884.16
885.95
887.30
888.19
888.64
665.12
675.53
685.84
696.04
706.10
716.01
725.76
735.32
744.68
753.83
762.74
771.41
779.82
787.95
795.79
803.33
810.56
817.45
824.00
830.20
836.04
841.51
846.59
851.28
855.58
859.46
862.93
865.98
868.61
870.80
872.56
873.88
874.76
875.20
655.62
665.83
675.96
685.96
695.84
705.58
715.15
724.54
733.74
742.72
751.48
760.00
768.26
776.25
783.96
791.37
798.47
805.25
811.69
817.78
823.52
828.90
833.89
838.51
842.73
846.54
849.96
852.95
855.53
857.69
859.42
860.72
861.59
862.02
646.32
656.34
666.28
676.10
685.80
695.36
704.76
713.99
723.02
731.85
740.46
748.83
756.95
764.80
772.38
779.66
786.64
793.30
799.64
805.63
811.27
816.56
821.47
826.00
830.15
833.91
837.26
840.21
842.75
844.87
846.57
847.84
848.70
849.12
637.25
647.09
656.84
666.48
676.01
685.40
694.63
703.69
712.57
721.24
729.70
737.93
745.91
753.63
761.08
768.24
775.10
781.65
787.88
793.77
799.32
804.51
809.35
813.80
817.88
821.58
824.88
827.78
830.27
832.36
834.03
835.28
836.12
836.54
628.44
638.09
647.66
657.13
666.48
675.70
684.78
693.68
702.40
710.93
719.24
727.33
735.17
742.76
750.09
757.13
763.87
770.32
776.44
782.24
787.69
792.80
797.56
801.94
805.96
809.59
812.83
815.69
818.14
820.19
821.84
823.07
823.90
824.31
619.90
629.37
638.77
648.07
657.26
666.32
675.23
683.98
692.55
700.93
709.10
717.05
724.77
732.23
739.43
746.36
753.00
759.33
765.36
771.06
776.43
781.46
786.13
790.45
794.40
797.97
801.16
803.97
806.39
808.40
810.02
811.24
812.05
812.46
611.66
620.97
630.19
639.33
648.35
657.25
666.01
674.61
683.04
691.28
699.32
707.14
714.72
722.07
729.15
735.97
742.50
748.73
754.66
760.27
765.55
770.50
775.10
779.35
783.24
786.76
789.90
792.66
795.04
797.03
798.62
799.82
800.62
801.02
603.75
612.89
621.96
630.93
639.80
648.55
657.16
665.62
673.90
682.01
689.91
697.61
705.07
712.30
719.27
725.98
732.40
738.54
744.38
749.90
755.10
759.98
764.51
768.69
772.52
775.98
779.08
781.80
784.14
786.10
787.67
788.85
789.63
790.03
596.20
605.17
614.08
622.90
631.62
640.23
648.69
657.01
665.17
673.14
680.92
688.49
695.84
702.95
709.82
716.42
722.75
728.79
734.54
739.98
745.11
749.91
754.37
758.49
762.26
765.68
768.73
771.41
773.71
775.64
777.19
778.35
779.13
779.51
589.01
597.84
606.60
615.27
623.85
632.31
640.64
648.83
656.86
664.71
672.37
679.82
687.06
694.07
700.83
707.33
713.57
719.52
725.19
730.55
735.60
740.33
744.73
748.79
752.51
755.87
758.88
761.52
763.80
765.70
767.22
768.37
769.13
769.52
582.23
590.91
599.52
608.06
616.50
624.83
633.04
641.10
649.00
656.73
664.28
671.63
678.76
685.66
692.33
698.74
704.89
710.76
716.34
721.63
726.61
731.28
735.62
739.62
743.29
746.61
749.57
752.18
754.42
756.30
757.80
758.93
759.68
760.06
575.86
584.41
592.89
601.29
609.61
617.81
625.90
633.84
641.63
649.25
656.69
663.94
670.97
677.78
684.35
690.68
696.74
702.53
708.04
713.26
718.17
722.78
727.06
731.01
734.63
737.90
740.83
743.40
745.62
747.47
748.95
750.07
750.81
751.19
569.94
578.36
586.71
595.00
603.19
611.28
619.25
627.08
634.77
642.29
649.63
656.77
663.71
670.43
676.92
683.16
689.15
694.87
700.31
705.46
710.31
714.86
719.09
722.99
726.57
729.80
732.69
735.23
737.42
739.25
740.72
741.82
742.55
742.92
564.49
572.78
581.02
589.19
597.27
605.26
613.12
620.85
628.44
635.86
643.11
650.17
657.02
663.66
670.07
676.24
682.15
687.80
693.18
698.27
703.06
707.56
711.74
715.60
719.13
722.33
725.19
727.70
729.86
731.67
733.12
734.21
734.93
735.30
563.65
571.96
580.20
588.38
596.48
604.47
612.34
620.08
627.68
635.12
642.38
649.45
656.31
662.96
669.39
675.57
681.49
687.16
692.54
697.64
702.45
706.95
711.14
715.01
718.55
721.76
724.62
727.14
729.31
731.12
732.57
733.67
734.40
734.76
569.13
577.55
585.92
594.21
602.42
610.52
618.50
626.34
634.04
641.57
648.92
656.08
663.04
669.77
676.27
682.53
688.53
694.26
699.71
704.87
709.74
714.29
718.53
722.45
726.03
729.27
732.17
734.72
736.91
738.74
740.21
741.32
742.06
742.42
575.07
583.62
592.12
600.53
608.86
617.08
625.17
633.13
640.93
648.57
656.02
663.28
670.32
677.15
683.74
690.07
696.15
701.96
707.48
712.71
717.63
722.25
726.54
730.50
734.13
737.41
740.35
742.93
745.15
747.00
748.49
749.61
750.36
750.73
581.46
590.15
598.78
607.33
615.78
624.12
632.34
640.42
648.33
656.08
663.64
671.00
678.15
685.07
691.75
698.18
704.34
710.22
715.82
721.12
726.11
730.79
735.14
739.16
742.83
746.16
749.13
751.75
753.99
755.88
757.38
758.52
759.27
759.65
588.27
597.11
605.88
614.56
623.16
631.63
639.98
648.18
656.22
664.09
671.76
679.24
686.49
693.51
700.29
706.81
713.06
719.03
724.71
730.08
735.15
739.89
744.30
748.37
752.10
755.47
758.49
761.14
763.42
765.32
766.85
768.00
768.77
769.15
595.48
604.47
613.39
622.23
630.96
639.58
648.06
656.40
664.57
672.56
680.36
687.94
695.31
702.44
709.32
715.94
722.28
728.34
734.11
739.56
744.70
749.51
753.99
758.12
761.90
765.32
768.38
771.07
773.38
775.32
776.87
778.03
778.81
779.20
603.06
612.21
621.29
630.28
639.17
647.93
656.56
665.04
673.34
681.46
689.39
697.10
704.58
711.82
718.81
725.54
731.98
738.13
743.99
749.53
754.74
759.63
764.17
768.37
772.20
775.68
778.78
781.51
783.86
785.82
787.40
788.58
789.37
789.76
611.00
620.32
629.56
638.71
647.76
656.67
665.45
674.07
682.52
690.78
698.83
706.67
714.28
721.64
728.74
735.57
742.12
748.37
754.32
759.94
765.24
770.20
774.82
779.08
782.98
786.51
789.66
792.43
794.82
796.81
798.41
799.61
800.41
800.81
619.26
628.76
638.17
647.49
656.70
665.77
674.70
683.47
692.07
700.47
708.66
716.63
724.36
731.85
739.07
746.01
752.67
759.02
765.06
770.78
776.17
781.21
785.90
790.23
794.19
797.77
800.98
803.79
806.21
808.24
809.86
811.08
811.90
812.30
627.83
637.50
647.09
656.58
665.96
675.20
684.29
693.21
701.96
710.50
718.84
726.95
734.81
742.42
749.77
756.83
763.59
770.05
776.20
782.01
787.48
792.61
797.38
801.78
805.80
809.45
812.70
815.56
818.02
820.08
821.73
822.97
823.80
824.21
636.68
646.53
656.30
665.97
675.52
684.93
694.18
703.27
712.17
720.86
729.34
737.59
745.60
753.34
760.81
767.99
774.87
781.44
787.69
793.60
799.16
804.37
809.22
813.69
817.79
821.49
824.80
827.71
830.21
832.30
833.98
835.24
836.08
836.51
645.78
655.82
665.78
675.63
685.35
694.93
704.35
713.60
722.66
731.51
740.15
748.54
756.68
764.56
772.16
779.46
786.46
793.14
799.50
805.51
811.17
816.47
821.40
825.95
830.11
833.88
837.24
840.20
842.75
844.87
846.58
847.86
848.72
849.15
655.11
665.35
675.49
685.52
695.43
705.18
714.78
724.20
733.42
742.43
751.21
759.76
768.04
776.06
783.79
791.22
798.34
805.14
811.60
817.72
823.48
828.87
833.88
838.51
842.74
846.57
850.00
853.01
855.60
857.76
859.49
860.80
861.67
862.10
664.65
675.08
685.42
695.64
705.72
715.66
725.43
735.02
744.41
753.58
762.52
771.22
779.65
787.81
795.67
803.23
810.48
817.40
823.97
830.19
836.05
841.54
846.64
851.34
855.65
859.55
863.03
866.09
868.73
870.93
872.69
874.02
874.91
875.35
674.37
685.00
695.53
705.94
716.21
726.33
736.28
746.05
755.60
764.94
774.04
782.89
791.47
799.77
807.78
815.47
822.85
829.88
836.57
842.90
848.87
854.45
859.64
864.43
868.81
872.77
876.32
879.43
882.11
884.35
886.15
887.50
888.40
888.85
684.24
695.08
705.80
716.41
726.87
737.18
747.31
757.25
766.98
776.48
785.74
794.75
803.49
811.93
820.08
827.91
835.41
842.57
849.38
855.82
861.89
867.57
872.85
877.72
882.18
886.22
889.82
892.99
895.72
898.00
899.83
901.20
902.12
902.57
694.26
705.29
716.22
727.02
737.68
748.17
758.48
768.60
778.51
788.18
797.61
806.77
815.66
824.26
832.55
840.52
848.15
855.44
862.37
868.92
875.09
880.87
886.25
891.21
895.74
899.85
903.52
906.75
909.52
911.84
913.70
915.10
916.03
916.50
704.39
715.63
726.76
737.75
748.60
759.28
769.78
780.08
790.16
800.01
809.60
818.93
827.97
836.72
845.16
853.27
861.04
868.45
875.50
882.17
888.45
894.33
899.80
904.85
909.47
913.65
917.38
920.67
923.49
925.85
927.75
929.17
930.12
930.59
714.61
726.05
737.38
748.58
759.62
770.50
781.18
791.66
801.92
811.94
821.70
831.20
840.40
849.30
857.89
866.14
874.04
881.59
888.76
895.55
901.94
907.93
913.49
918.63
923.33
927.58
931.39
934.73
937.60
940.00
941.93
943.38
944.35
944.83
724.90
736.55
748.08
759.48
770.72
781.79
792.66
803.32
813.76
823.96
833.89
843.55
852.91
861.97
870.70
879.10
887.14
894.82
902.12
909.03
915.53
921.62
927.29
932.51
937.30
941.63
945.50
948.90
951.83
954.27
956.23
957.71
958.69
959.18
735.24
747.10
758.83
770.43
781.87
793.13
804.19
815.04
825.66
836.03
846.14
855.96
865.49
874.70
883.59
892.13
900.31
908.12
915.55
922.58
929.20
935.40
941.16
946.48
951.35
955.76
959.70
963.16
966.14
968.63
970.63
972.13
973.13
973.63
745.60
757.67
769.61
781.41
793.05
804.50
815.75
826.79
837.59
848.14
858.42
868.41
878.10
887.47
896.51
905.20
913.53
921.48
929.03
936.19
942.92
949.23
955.09
960.51
965.47
969.95
973.96
977.49
980.52
983.05
985.09
986.62
987.64
988.15
755.98
768.25
780.40
792.40
804.23
815.88
827.33
838.55
849.53
860.26
870.71
880.88
890.73
900.27
909.46
918.30
926.77
934.85
942.54
949.82
956.67
963.09
969.06
974.57
979.62
984.18
988.27
991.85
994.94
997.52
999.59
1001.15
1002.19
1002.70
766.34
778.83
791.18
803.38
815.41
827.25
838.89
850.30
861.47
872.37
883.00
893.34
903.36
913.05
922.40
931.39
940.01
948.23
956.05
963.46
970.43
976.96
983.04
988.65
993.78
998.43
1002.59
1006.24
1009.38
1012.01
1014.12
1015.70
1016.76
1017.29
776.68
789.37
801.93
814.33
826.56
838.59
850.42
862.02
873.37
884.46
895.26
905.77
915.96
925.82
935.32
944.47
953.23
961.59
969.55
977.08
984.18
990.82
997.01
1002.71
1007.94
1012.67
1016.90
1020.62
1023.82
1026.50
1028.64
1030.25
1031.33
1031.87
786.97
799.86
812.62
825.22
837.65
849.88
861.90
873.69
885.22
896.49
907.48
918.15
928.51
938.53
948.20
957.50
966.41
974.91
983.01
990.67
997.89
1004.65
1010.94
1016.75
1022.07
1026.89
1031.19
1034.98
1038.23
1040.96
1043.14
1044.79
1045.88
1046.43
797.19
810.29
823.25
836.05
848.68
861.10
873.31
885.29
897.01
908.46
919.62
930.47
941.00
951.18
961.01
970.46
979.52
988.17
996.40
1004.20
1011.54
1018.42
1024.82
1030.74
1036.15
1041.05
1045.43
1049.29
1052.60
1055.38
1057.61
1059.28
1060.39
1060.95
807.32
820.63
833.79
846.79
859.61
872.23
884.63
896.80
908.70
920.33
931.67
942.70
953.40
963.75
973.74
983.34
992.55
1001.35
1009.72
1017.65
1025.12
1032.12
1038.63
1044.65
1050.16
1055.15
1059.61
1063.53
1066.91
1069.74
1072.00
1073.71
1074.84
1075.41
817.36
830.87
844.23
857.43
870.44
883.26
895.85
908.20
920.29
932.10
943.62
954.82
965.69
976.21
986.36
996.12
1005.49
1014.43
1022.94
1031.00
1038.60
1045.72
1052.35
1058.47
1064.08
1069.16
1073.70
1077.70
1081.14
1084.01
1086.32
1088.05
1089.21
1089.79
827.28
840.98
854.55
867.94
881.15
894.16
906.94
919.48
931.75
943.75
955.44
966.82
977.86
988.54
998.86
1008.78
1018.30
1027.39
1036.04
1044.24
1051.97
1059.21
1065.96
1072.19
1077.89
1083.06
1087.69
1091.75
1095.26
1098.18
1100.54
1102.30
1103.48
1104.07
837.06
850.97
864.72
878.32
891.72
904.91
917.88
930.61
943.07
955.24
967.12
978.67
989.88
1000.73
1011.21
1021.29
1030.97
1040.21
1049.01
1057.34
1065.20
1072.57
1079.43
1085.77
1091.58
1096.84
1101.55
1105.69
1109.25
1112.24
1114.63
1116.43
1117.63
1118.23
846.70
860.80
874.75
888.53
902.13
915.51
928.67
941.58
954.23
966.58
978.63
990.36
1001.74
1012.77
1023.41
1033.65
1043.48
1052.87
1061.81
1070.29
1078.28
1085.78
1092.76
1099.21
1105.12
1110.47
1115.27
1119.48
1123.11
1126.15
1128.59
1130.42
1131.64
1132.26
856.17
870.46
884.61
898.58
912.37
925.94
939.28
952.38
965.20
977.74
989.97
1001.87
1013.43
1024.62
1035.42
1045.83
1055.81
1065.36
1074.45
1083.06
1091.19
1098.81
1105.91
1112.48
1118.49
1123.94
1128.82
1133.11
1136.81
1139.91
1142.39
1144.26
1145.50
1146.12
865.46
879.94
894.28
908.44
922.41
936.17
949.70
962.98
975.99
988.70
1001.11
1013.19
1024.91
1036.27
1047.25
1057.81
1067.95
1077.65
1086.89
1095.65
1103.91
1111.66
1118.88
1125.56
1131.68
1137.23
1142.20
1146.57
1150.33
1153.49
1156.01
1157.92
1159.19
1159.82
874.55
889.23
903.75
918.10
932.25
946.20
959.91
973.37
986.56
999.45
1012.04
1024.29
1036.19
1047.72
1058.85
1069.58
1079.88
1089.73
1099.12
1108.02
1116.42
1124.30
1131.65
1138.44
1144.67
1150.32
1155.38
1159.83
1163.66
1166.87
1169.45
1171.38
1172.68
1173.32
883.44
898.30
913.00
927.54
941.88
956.00
969.90
983.54
996.90
1009.97
1022.73
1035.16
1047.23
1058.93
1070.23
1081.12
1091.58
1101.59
1111.12
1120.17
1128.71
1136.72
1144.19
1151.10
1157.44
1163.19
1168.34
1172.87
1176.77
1180.04
1182.66
1184.64
1185.95
1186.61
892.10
907.14
922.03
936.74
951.26
965.57
979.64
993.46
1007.00
1020.25
1033.18
1045.78
1058.02
1069.89
1081.36
1092.41
1103.03
1113.19
1122.88
1132.07
1140.75
1148.89
1156.49
1163.52
1169.97
1175.82
1181.06
1185.67
1189.65
1192.98
1195.65
1197.66
1199.00
1199.67
900.53
915.75
930.81
945.70
960.40
974.88
989.13
1003.12
1016.84
1030.26
1043.37
1056.14
1068.55
1080.58
1092.22
1103.43
1114.21
1124.53
1134.37
1143.70
1152.52
1160.80
1168.53
1175.68
1182.24
1188.19
1193.53
1198.22
1202.27
1205.66
1208.38
1210.43
1211.80
1212.48
908.71
924.10
939.34
954.40
969.27
983.93
998.35
1012.51
1026.40
1040.00
1053.27
1066.21
1078.79
1090.99
1102.79
1114.17
1125.11
1135.58
1145.57
1155.06
1164.02
1172.43
1180.29
1187.56
1194.23
1200.29
1205.72
1210.50
1214.62
1218.07
1220.85
1222.93
1224.32
1225.02
916.62
932.19
947.59
962.83
977.87
992.69
1007.28
1021.62
1035.68
1049.44
1062.89
1075.99
1088.74
1101.11
1113.07
1124.61
1135.70
1146.33
1156.47
1166.11
1175.21
1183.76
1191.74
1199.14
1205.93
1212.09
1217.61
1222.48
1226.67
1230.19
1233.01
1235.14
1236.56
1237.27
924.27
939.99
955.56
970.96
986.17
1001.16
1015.92
1030.42
1044.65
1058.58
1072.19
1085.46
1098.37
1110.90
1123.03
1134.73
1145.98
1156.76
1167.06
1176.83
1186.08
1194.77
1202.88
1210.40
1217.30
1223.57
1229.19
1234.14
1238.41
1241.99
1244.87
1247.03
1248.48
1249.20
931.62
947.51
963.24
978.80
994.17
1009.32
1024.24
1038.90
1053.29
1067.39
1081.16
1094.60
1107.67
1120.36
1132.65
1144.51
1155.92
1166.85
1177.30
1187.22
1196.61
1205.43
1213.68
1221.32
1228.34
1234.71
1240.43
1245.47
1249.82
1253.46
1256.39
1258.59
1260.06
1260.80
938.68
954.72
970.60
986.32
1001.84
1017.16
1032.23
1047.06
1061.61
1075.86
1089.79
1103.39
1116.62
1129.47
1141.92
1153.93
1165.50
1176.59
1187.18
1197.25
1206.78
1215.74
1224.11
1231.88
1239.01
1245.49
1251.30
1256.43
1260.86
1264.56
1267.55
1269.79
1271.29
1272.04
945.42
961.61
977.65
993.52
1009.19
1024.66
1039.89
1054.86
1069.57
1083.98
1098.07
1111.82
1125.21
1138.22
1150.81
1162.98
1174.70
1185.94
1196.68
1206.89
1216.56
1225.66
1234.16
1242.05
1249.30
1255.89
1261.80
1267.01
1271.51
1275.29
1278.32
1280.60
1282.13
1282.89
951.85
968.18
984.36
1000.37
1016.19
1031.81
1047.19
1062.31
1077.17
1091.73
1105.97
1119.87
1133.41
1146.57
1159.32
1171.64
1183.51
1194.90
1205.78
1216.14
1225.95
1235.18
1243.81
1251.81
1259.18
1265.87
1271.88
1277.18
1281.76
1285.60
1288.69
1291.01
1292.56
1293.34
957.94
974.41
990.73
1006.88
1022.84
1038.59
1054.12
1069.39
1084.39
1099.09
1113.48
1127.53
1141.22
1154.53
1167.43
1179.90
1191.91
1203.44
1214.47
1224.96
1234.91
1244.27
1253.02
1261.15
1268.63
1275.43
1281.53
1286.92
1291.57
1295.48
1298.62
1300.98
1302.56
1303.35
963.69
980.29
996.74
1013.03
1029.12
1045.01
1060.67
1076.08
1091.21
1106.06
1120.59
1134.78
1148.62
1162.07
1175.11
1187.72
1199.87
1211.55
1222.71
1233.35
1243.42
1252.91
1261.79
1270.04
1277.62
1284.53
1290.73
1296.20
1300.93
1304.90
1308.09
1310.49
1312.09
1312.89
969.09
985.82
1002.39
1018.80
1035.02
1051.04
1066.83
1082.37
1097.64
1112.62
1127.28
1141.61
1155.58
1169.17
1182.35
1195.10
1207.39
1219.20
1230.50
1241.26
1251.47
1261.08
1270.09
1278.45
1286.14
1293.15
1299.44
1304.99
1309.80
1313.83
1317.07
1319.51
1321.14
1321.95
974.13
990.97
1007.66
1024.19
1040.53
1056.67
1072.58
1088.25
1103.64
1118.75
1133.54
1148.00
1162.10
1175.82
1189.13
1202.01
1214.44
1226.38
1237.81
1248.70
1259.03
1268.77
1277.88
1286.36
1294.16
1301.26
1307.64
1313.28
1318.15
1322.24
1325.53
1328.01
1329.67
1330.50
978.81
995.75
1012.55
1029.19
1045.64
1061.90
1077.92
1093.70
1109.22
1124.44
1139.36
1153.94
1168.17
1182.01
1195.45
1208.45
1221.00
1233.06
1244.62
1255.63
1266.08
1275.93
1285.16
1293.74
1301.64
1308.84
1315.31
1321.03
1325.97
1330.12
1333.45
1335.97
1337.65
1338.49
983.10
1000.14
1017.05
1033.79
1050.35
1066.70
1082.84
1098.73
1114.35
1129.69
1144.72
1159.41
1173.75
1187.71
1201.27
1214.39
1227.06
1239.24
1250.91
1262.04
1272.60
1282.56
1291.90
1300.58
1308.58
1315.87
1322.42
1328.21
1333.22
1337.42
1340.81
1343.36
1345.06
1345.91
987.01
1004.14
1021.14
1037.97
1054.63
1071.08
1087.31
1103.30
1119.03
1134.47
1149.61
1164.41
1178.86
1192.93
1206.59
1219.82
1232.60
1244.89
1256.67
1267.91
1278.57
1288.64
1298.07
1306.85
1314.94
1322.31
1328.94
1334.80
1339.87
1344.13
1347.56
1350.14
1351.87
1352.73
990.52
1007.74
1024.82
1041.74
1058.48
1075.03
1091.35
1107.43
1123.25
1138.78
1154.01
1168.91
1183.46
1197.63
1211.39
1224.73
1237.60
1250.00
1261.87
1273.21
1283.97
1294.13
1303.66
1312.53
1320.70
1328.15
1334.85
1340.78
1345.91
1350.21
1353.68
1356.30
1358.04
1358.92
993.64
1010.93
1028.09
1045.09
1061.90
1078.53
1094.93
1111.09
1126.99
1142.61
1157.93
1172.92
1187.55
1201.81
1215.66
1229.09
1242.06
1254.54
1266.51
1277.94
1288.79
1299.04
1308.65
1317.59
1325.84
1333.36
1340.13
1346.12
1351.30
1355.65
1359.16
1361.80
1363.56
1364.45
996.36
1013.71
1030.93
1048.00
1064.88
1081.57
1098.05
1114.28
1130.26
1145.95
1161.34
1176.41
1191.12
1205.46
1219.39
1232.90
1245.95
1258.51
1270.56
1282.07
1293.00
1303.32
1313.01
1322.03
1330.34
1337.93
1344.76
1350.80
1356.02
1360.42
1363.95
1366.62
1368.40
1369.29
998.66
1016.07
1033.35
1050.47
1067.42
1084.16
1100.70
1116.99
1133.03
1148.79
1164.25
1179.38
1194.16
1208.56
1222.56
1236.14
1249.26
1261.89
1274.01
1285.59
1296.59
1306.98
1316.73
1325.81
1334.18
1341.83
1348.70
1354.79
1360.06
1364.49
1368.05
1370.74
1372.54
1373.44
1000.55
1018.01
1035.33
1052.50
1069.49
1086.29
1102.87
1119.22
1135.31
1151.12
1166.63
1181.82
1196.65
1211.11
1225.17
1238.81
1251.98
1264.68
1276.85
1288.49
1299.54
1309.99
1319.79
1328.93
1337.35
1345.04
1351.96
1358.09
1363.39
1367.85
1371.44
1374.14
1375.96
1376.86
1002.03
1019.52
1036.88
1054.08
1071.11
1087.95
1104.57
1120.96
1137.09
1152.94
1168.49
1183.72
1198.60
1213.11
1227.21
1240.89
1254.11
1266.85
1279.07
1290.75
1301.85
1312.34
1322.19
1331.36
1339.83
1347.55
1354.51
1360.67
1366.00
1370.48
1374.09
1376.81
1378.63
1379.54
1003.08
1020.60
1037.99
1055.22
1072.27
1089.14
1105.79
1122.20
1138.36
1154.25
1169.83
1185.09
1200.00
1214.53
1228.67
1242.38
1255.64
1268.41
1280.67
1292.38
1303.51
1314.03
1323.91
1333.11
1341.61
1349.36
1356.34
1362.52
1367.87
1372.36
1375.99
1378.72
1380.55
1381.46
1003.72
1021.25
1038.65
1055.90
1072.97
1089.85
1106.52
1122.95
1139.13
1155.03
1170.63
1185.91
1200.84
1215.39
1229.55
1243.28
1256.56
1269.35
1281.62
1293.35
1304.51
1315.05
1324.95
1334.17
1342.68
1350.44
1357.44
1363.63
1368.99
1373.50
1377.13
1379.87
1381.70
1382.62
1003.93
1021.47
1038.87
1056.12
1073.20
1090.09
1106.76
1123.20
1139.38
1155.29
1170.90
1186.18
1201.11
1215.68
1229.84
1243.58
1256.86
1269.66
1281.94
1293.68
1304.84
1315.39
1325.29
1334.52
1343.03
1350.81
1357.81
1364.00
1369.37
1373.88
1377.51
1380.25
1382.09
1383.00
1003.71
1021.25
1038.65
1055.90
1072.97
1089.85
1106.52
1122.95
1139.13
1155.03
1170.63
1185.90
1200.83
1215.39
1229.55
1243.28
1256.55
1269.34
1281.62
1293.35
1304.50
1315.05
1324.94
1334.16
1342.67
1350.44
1357.44
1363.63
1368.99
1373.50
1377.13
1379.87
1381.70
1382.62
1003.08
1020.60
1037.98
1055.21
1072.27
1089.13
1105.78
1122.20
1138.36
1154.24
1169.82
1185.08
1199.99
1214.53
1228.67
1242.38
1255.63
1268.40
1280.66
1292.37
1303.51
1314.03
1323.91
1333.11
1341.60
1349.35
1356.33
1362.51
1367.86
1372.36
1375.98
1378.71
1380.54
1381.46
1002.02
1019.52
1036.87
1054.08
1071.11
1087.95
1104.57
1120.95
1137.08
1152.94
1168.49
1183.72
1198.59
1213.10
1227.20
1240.88
1254.11
1266.84
1279.07
1290.75
1301.85
1312.34
1322.18
1331.36
1339.82
1347.55
1354.50
1360.66
1365.99
1370.47
1374.08
1376.80
1378.62
1379.53
1000.55
1018.00
1035.33
1052.49
1069.49
1086.28
1102.87
1119.21
1135.30
1151.12
1166.62
1181.81
1196.64
1211.10
1225.16
1238.80
1251.97
1264.67
1276.84
1288.48
1299.53
1309.98
1319.78
1328.92
1337.34
1345.03
1351.95
1358.07
1363.38
1367.84
1371.43
1374.13
1375.94
1376.85
998.65
1016.07
1033.34
1050.46
1067.41
1084.16
1100.69
1116.99
1133.02
1148.78
1164.24
1179.37
1194.15
1208.55
1222.55
1236.13
1249.25
1261.88
1274.00
1285.58
1296.57
1306.96
1316.72
1325.79
1334.17
1341.81
1348.69
1354.78
1360.05
1364.47
1368.04
1370.73
1372.53
1373.42
996.35
1013.70
1030.92
1047.99
1064.87
1081.56
1098.04
1114.27
1130.25
1145.94
1161.33
1176.39
1191.11
1205.44
1219.38
1232.88
1245.93
1258.50
1270.55
1282.05
1292.98
1303.31
1312.99
1322.01
1330.33
1337.91
1344.74
1350.78
1356.01
1360.40
1363.94
1366.60
1368.39
1369.28
993.63
1010.92
1028.08
1045.07
1061.89
1078.51
1094.92
1111.08
1126.98
1142.60
1157.92
1172.90
1187.54
1201.79
1215.65
1229.07
1242.04
1254.52
1266.49
1277.92
1288.77
1299.02
1308.63
1317.57
1325.82
1333.34
1340.11
1346.10
1351.28
1355.63
1359.14
1361.78
1363.54
1364.43
990.51
1007.73
1024.81
1041.73
1058.47
1075.01
1091.33
1107.41
1123.23
1138.77
1154.00
1168.90
1183.44
1197.61
1211.37
1224.71
1237.58
1249.98
1261.86
1273.19
1283.95
1294.11
1303.64
1312.51
1320.68
1328.13
1334.83
1340.76
1345.88
1350.19
1353.66
1356.27
1358.02
1358.89
986.99
1004.13
1021.12
1037.96
1054.61
1071.07
1087.30
1103.29
1119.01
1134.46
1149.59
1164.39
1178.84
1192.91
1206.57
1219.80
1232.58
1244.87
1256.65
1267.88
1278.55
1288.62
1298.05
1306.83
1314.91
1322.29
1328.92
1334.78
1339.85
1344.10
1347.53
1350.11
1351.84
1352.70
983.08
1000.13
1017.03
1033.77
1050.33
1066.68
1082.82
1098.71
1114.33
1129.67
1144.70
1159.39
1173.73
1187.69
1201.25
1214.37
1227.04
1239.22
1250.89
1262.02
1272.58
1282.54
1291.87
1300.55
1308.55
1315.84
1322.39
1328.18
1333.19
1337.39
1340.78
1343.33
1345.03
1345.88
978.79
995.73
1012.53
1029.17
1045.63
1061.88
1077.90
1093.68
1109.20
1124.42
1139.34
1153.92
1168.14
1181.99
1195.42
1208.43
1220.98
1233.04
1244.59
1255.61
1266.05
1275.91
1285.13
1293.71
1301.61
1308.81
1315.28
1321.00
1325.94
1330.09
1333.42
1335.94
1337.62
1338.46
974.12
990.95
1007.64
1024.17
1040.51
1056.65
1072.56
1088.22
1103.62
1118.73
1133.52
1147.98
1162.08
1175.80
1189.11
1201.99
1214.41
1226.35
1237.78
1248.67
1259.00
1268.74
1277.85
1286.33
1294.13
1301.23
1307.61
1313.25
1318.12
1322.21
1325.50
1327.98
1329.64
1330.46
969.08
985.80
1002.37
1018.78
1035.00
1051.02
1066.80
1082.34
1097.61
1112.59
1127.26
1141.59
1155.56
1169.14
1182.32
1195.07
1207.36
1219.17
1230.47
1241.23
1251.44
1261.05
1270.05
1278.41
1286.11
1293.11
1299.40
1304.96
1309.76
1313.79
1317.03
1319.47
1321.10
1321.92
963.67
980.27
996.72
1013.00
1029.10
1044.99
1060.64
1076.05
1091.19
1106.03
1120.56
1134.76
1148.59
1162.04
1175.08
1187.69
1199.84
1211.52
1222.68
1233.31
1243.39
1252.88
1261.76
1270.00
1277.59
1284.49
1290.69
1296.16
1300.89
1304.86
1308.05
1310.45
1312.06
1312.86
957.92
974.39
990.71
1006.86
1022.82
1038.57
1054.09
1069.36
1084.36
1099.06
1113.45
1127.50
1141.19
1154.50
1167.40
1179.86
1191.88
1203.41
1214.43
1224.93
1234.87
1244.23
1252.99
1261.12
1268.59
1275.39
1281.50
1286.88
1291.54
1295.44
1298.58
1300.94
1302.52
1303.31
951.82
968.16
984.34
1000.35
1016.17
1031.78
1047.16
1062.28
1077.14
1091.70
1105.94
1119.84
1133.38
1146.54
1159.29
1171.61
1183.48
1194.86
1205.75
1216.10
1225.91
1235.14
1243.77
1251.78
1259.14
1265.83
1271.84
1277.14
1281.72
1285.56
1288.64
1290.97
1292.52
1293.29
945.40
961.59
977.62
993.49
1009.16
1024.63
1039.86
1054.84
1069.54
1083.95
1098.04
1111.79
1125.18
1138.18
1150.78
1162.95
1174.67
1185.90
1196.64
1206.86
1216.52
1225.62
1234.12
1242.01
1249.26
1255.84
1261.76
1266.97
1271.47
1275.24
1278.28
1280.56
1282.09
1282.85
938.65
954.69
970.58
986.29
1001.82
1017.13
1032.20
1047.03
1061.58
1075.83
1089.76
1103.36
1116.59
1129.44
1141.88
1153.90
1165.46
1176.55
1187.14
1197.21
1206.74
1215.70
1224.07
1231.83
1238.97
1245.45
1251.26
1256.39
1260.81
1264.52
1267.50
1269.74
1271.24
1271.99
931.59
947.48
963.21
978.77
994.14
1009.29
1024.21
1038.87
1053.26
1067.35
1081.13
1094.56
1107.64
1120.33
1132.61
1144.47
1155.88
1166.81
1177.26
1187.18
1196.57
1205.39
1213.64
1221.28
1228.29
1234.67
1240.38
1245.42
1249.77
1253.41
1256.34
1258.55
1260.02
1260.75
924.24
939.96
955.53
970.93
986.14
1001.13
1015.89
1030.39
1044.61
1058.54
1072.15
1085.42
1098.33
1110.86
1122.99
1134.69
1145.94
1156.72
1167.01
1176.79
1186.04
1194.72
1202.84
1210.35
1217.26
1223.52
1229.14
1234.10
1238.37
1241.95
1244.82
1246.99
1248.43
1249.15
916.59
932.16
947.56
962.80
977.83
992.66
1007.25
1021.58
1035.64
1049.41
1062.85
1075.96
1088.70
1101.07
1113.03
1124.57
1135.66
1146.29
1156.43
1166.06
1175.16
1183.72
1191.70
1199.09
1205.88
1212.04
1217.56
1222.43
1226.63
1230.14
1232.97
1235.09
1236.51
1237.22
908.68
924.07
939.31
954.37
969.24
983.89
998.31
1012.48
1026.37
1039.96
1053.24
1066.17
1078.75
1090.95
1102.75
1114.13
1125.07
1135.54
1145.53
1155.01
1163.97
1172.39
1180.24
1187.51
1194.19
1200.24
1205.67
1210.45
1214.57
1218.02
1220.80
1222.88
1224.27
1224.97
900.50
915.72
930.78
945.67
960.36
974.85
989.09
1003.09
1016.80
1030.22
1043.33
1056.10
1068.51
1080.54
1092.17
1103.39
1114.17
1124.48
1134.32
1143.66
1152.48
1160.76
1168.48
1175.63
1182.19
1188.14
1193.48
1198.17
1202.22
1205.61
1208.33
1210.38
1211.75
1212.43
892.07
907.11
922.00
936.71
951.23
965.53
979.60
993.42
1006.96
1020.21
1033.14
1045.74
1057.98
1069.84
1081.31
1092.37
1102.98
1113.14
1122.83
1132.02
1140.70
1148.85
1156.44
1163.47
1169.92
1175.77
1181.01
1185.62
1189.60
1192.92
1195.60
1197.61
1198.95
1199.62
883.40
898.26
912.97
927.50
941.84
955.96
969.86
983.50
996.86
1009.93
1022.69
1035.11
1047.18
1058.88
1070.18
1081.07
1091.53
1101.54
1111.07
1120.12
1128.66
1136.67
1144.14
1151.05
1157.39
1163.14
1168.28
1172.81
1176.72
1179.99
1182.61
1184.58
1185.90
1186.56
874.52
889.19
903.71
918.06
932.22
946.16
959.87
973.33
986.52
999.41
1011.99
1024.24
1036.14
1047.67
1058.81
1069.53
1079.83
1089.69
1099.07
1107.97
1116.37
1124.25
1131.60
1138.39
1144.62
1150.27
1155.32
1159.77
1163.61
1166.81
1169.39
1171.33
1172.62
1173.27
865.42
879.91
894.24
908.40
922.37
936.13
949.66
962.94
975.94
988.66
1001.06
1013.14
1024.87
1036.23
1047.20
1057.76
1067.90
1077.60
1086.84
1095.60
1103.86
1111.61
1118.83
1125.51
1131.63
1137.18
1142.14
1146.51
1150.28
1153.43
1155.96
1157.86
1159.13
1159.76
856.13
870.42
884.57
898.54
912.32
925.90
939.24
952.34
965.16
977.70
989.92
1001.83
1013.38
1024.57
1035.38
1045.78
1055.76
1065.31
1074.40
1083.01
1091.14
1098.76
1105.86
1112.42
1118.44
1123.89
1128.77
1133.06
1136.76
1139.85
1142.33
1144.20
1145.44
1146.07
846.66
860.76
874.71
888.49
902.09
915.47
928.63
941.54
954.18
966.54
978.59
990.31
1001.70
1012.72
1023.36
1033.60
1043.43
1052.82
1061.76
1070.24
1078.23
1085.72
1092.70
1099.15
1105.06
1110.42
1115.21
1119.42
1123.05
1126.09
1128.53
1130.36
1131.59
1132.20
837.02
850.93
864.68
878.27
891.68
904.87
917.84
930.56
943.02
955.20
967.07
978.62
989.83
1000.68
1011.16
1021.24
1030.91
1040.16
1048.95
1057.29
1065.15
1072.51
1079.37
1085.71
1091.52
1096.78
1101.49
1105.63
1109.20
1112.18
1114.57
1116.37
1117.57
1118.17
827.24
840.94
854.50
867.90
881.11
894.11
906.89
919.43
931.70
943.70
955.39
966.77
977.81
988.49
998.80
1008.73
1018.24
1027.33
1035.99
1044.19
1051.91
1059.15
1065.90
1072.13
1077.83
1083.00
1087.63
1091.69
1095.20
1098.12
1100.47
1102.24
1103.42
1104.01
817.32
830.83
844.19
857.38
870.40
883.21
895.80
908.15
920.24
932.05
943.57
954.77
965.64
976.16
986.30
996.07
1005.43
1014.38
1022.89
1030.95
1038.54
1045.66
1052.29
1058.41
1064.02
1069.10
1073.64
1077.64
1081.07
1083.95
1086.26
1087.99
1089.15
1089.73
807.28
820.59
833.75
846.75
859.57
872.19
884.59
896.75
908.65
920.28
931.62
942.65
953.34
963.70
973.68
983.29
992.50
1001.30
1009.67
1017.59
1025.06
1032.06
1038.57
1044.59
1050.10
1055.09
1059.55
1063.47
1066.85
1069.67
1071.94
1073.64
1074.78
1075.35
797.15
810.25
823.21
836.01
848.63
861.06
873.26
885.24
896.96
908.41
919.57
930.42
940.95
951.13
960.96
970.41
979.46
988.12
996.35
1004.14
1011.48
1018.36
1024.76
1030.67
1036.09
1040.99
1045.37
1049.22
1052.54
1055.32
1057.54
1059.21
1060.33
1060.89
786.92
799.82
812.58
825.18
837.60
849.83
861.85
873.64
885.17
896.44
907.42
918.10
928.46
938.48
948.14
957.44
966.35
974.86
982.95
990.61
997.83
1004.59
1010.88
1016.69
1022.01
1026.82
1031.13
1034.91
1038.17
1040.89
1043.08
1044.72
1045.82
1046.37
776.64
789.33
801.88
814.28
826.51
838.54
850.37
861.97
873.32
884.41
895.21
905.72
915.90
925.76
935.27
944.41
953.17
961.54
969.49
977.02
984.12
990.76
996.94
1002.65
1007.88
1012.61
1016.84
1020.55
1023.75
1026.43
1028.58
1030.19
1031.27
1031.80
766.30
778.78
791.13
803.33
815.36
827.20
838.84
850.25
861.41
872.32
882.95
893.28
903.30
913.00
922.35
931.33
939.95
948.17
955.99
963.40
970.37
976.90
982.98
988.58
993.72
998.37
1002.52
1006.17
1009.32
1011.94
1014.05
1015.64
1016.69
1017.22
755.93
768.21
780.36
792.35
804.19
815.83
827.28
838.50
849.48
860.21
870.66
880.82
890.68
900.21
909.40
918.24
926.71
934.79
942.48
949.76
956.61
963.03
969.00
974.51
979.55
984.12
988.20
991.79
994.87
997.46
999.53
1001.08
1002.12
1002.64
745.56
757.63
769.57
781.36
793.00
804.45
815.70
826.74
837.54
848.08
858.36
868.35
878.04
887.42
896.45
905.14
913.47
921.41
928.97
936.12
942.86
949.16
955.03
960.45
965.40
969.89
973.90
977.42
980.45
982.99
985.02
986.55
987.57
988.08
735.19
747.05
758.79
770.38
781.82
793.08
804.14
814.99
825.60
835.97
846.08
855.90
865.43
874.64
883.53
892.07
900.25
908.06
915.49
922.52
929.14
935.33
941.10
946.42
951.29
955.69
959.63
963.09
966.07
968.56
970.56
972.06
973.06
973.56
724.85
736.50
748.04
759.43
770.67
781.73
792.61
803.27
813.71
823.90
833.83
843.49
852.85
861.91
870.64
879.04
887.08
894.76
902.06
908.96
915.47
921.56
927.22
932.45
937.23
941.56
945.43
948.83
951.76
954.20
956.17
957.64
958.62
959.11
714.56
726.01
737.34
748.53
759.57
770.45
781.13
791.61
801.87
811.88
821.65
831.14
840.34
849.24
857.82
866.07
873.98
881.52
888.70
895.49
901.88
907.86
913.42
918.56
923.26
927.52
931.32
934.66
937.53
939.94
941.86
943.31
944.28
944.76
704.34
715.58
726.71
737.70
748.55
759.23
769.73
780.03
790.11
799.95
809.54
818.87
827.92
836.66
845.10
853.21
860.97
868.39
875.44
882.11
888.39
894.27
899.74
904.78
909.40
913.58
917.31
920.60
923.42
925.78
927.68
929.10
930.05
930.52
694.21
705.25
716.17
726.97
737.63
748.12
758.43
768.55
778.45
788.12
797.55
806.71
815.60
824.20
832.49
840.45
848.09
855.37
862.30
868.86
875.03
880.80
886.18
891.14
895.68
899.78
903.45
906.68
909.45
911.77
913.63
915.03
915.96
916.43
684.20
695.03
705.75
716.36
726.82
737.13
747.26
757.19
766.92
776.42
785.69
794.69
803.42
811.87
820.02
827.85
835.35
842.51
849.32
855.76
861.82
867.50
872.78
877.65
882.11
886.15
889.75
892.92
895.65
897.93
899.75
901.13
902.04
902.50
674.32
684.95
695.48
705.89
716.16
726.28
736.23
745.99
755.55
764.88
773.98
782.83
791.41
799.71
807.71
815.41
822.78
829.82
836.51
842.84
848.80
854.38
859.57
864.36
868.74
872.70
876.25
879.36
882.04
884.28
886.08
887.42
888.33
888.78
664.60
675.03
685.36
695.58
705.67
715.61
725.38
734.96
744.35
753.52
762.46
771.16
779.59
787.74
795.61
803.17
810.41
817.33
823.90
830.13
835.98
841.47
846.57
851.27
855.58
859.48
862.96
866.02
868.65
870.86
872.62
873.95
874.83
875.27
655.06
665.30
675.44
685.47
695.37
705.13
714.72
724.14
733.36
742.37
751.15
759.70
767.98
775.99
783.72
791.16
798.28
805.07
811.54
817.65
823.41
828.80
833.81
838.44
842.67
846.50
849.93
852.93
855.52
857.69
859.42
860.73
861.60
862.03
645.73
655.77
665.73
675.57
685.30
694.88
704.30
713.55
722.60
731.46
740.09
748.48
756.62
764.50
772.09
779.40
786.40
793.08
799.43
805.44
811.10
816.40
821.33
825.88
830.04
833.81
837.17
840.13
842.67
844.80
846.51
847.79
848.64
849.07
636.63
646.48
656.25
665.92
675.46
684.87
694.13
703.21
712.11
720.80
729.28
737.53
745.53
753.27
760.74
767.92
774.80
781.37
787.62
793.53
799.09
804.30
809.15
813.62
817.71
821.42
824.73
827.64
830.14
832.23
833.91
835.17
836.01
836.43
627.78
637.45
647.04
656.53
665.90
675.14
684.23
693.16
701.90
710.44
718.78
726.88
734.75
742.36
749.70
756.76
763.53
769.99
776.13
781.94
787.41
792.54
797.30
801.70
805.73
809.37
812.63
815.49
817.95
820.01
821.66
822.90
823.73
824.14
619.21
628.71
638.12
647.44
656.64
665.72
674.65
683.41
692.01
700.40
708.60
716.57
724.30
731.78
739.00
745.95
752.60
758.95
764.99
770.71
776.10
781.14
785.83
790.15
794.11
797.70
800.90
803.72
806.14
808.16
809.79
811.01
811.82
812.23
610.95
620.27
629.51
638.66
647.70
656.62
665.39
674.01
682.46
690.71
698.77
706.61
714.21
721.57
728.67
735.50
742.05
748.30
754.25
759.87
765.17
770.13
774.75
779.01
782.90
786.43
789.58
792.36
794.74
796.73
798.33
799.53
800.33
800.73
603.01
612.16
621.24
630.23
639.12
647.88
656.50
664.98
673.28
681.40
689.32
697.03
704.52
711.76
718.75
725.47
731.91
738.06
743.92
749.45
754.67
759.55
764.10
768.29
772.13
775.60
778.71
781.44
783.78
785.75
787.32
788.50
789.29
789.69
595.43
604.42
613.34
622.17
630.91
639.52
648.00
656.34
664.51
672.50
680.29
687.88
695.24
702.37
709.25
715.87
722.21
728.27
734.04
739.49
744.63
749.44
753.91
758.05
761.83
765.25
768.31
770.99
773.31
775.24
776.79
777.96
778.73
779.12
588.22
597.05
605.82
614.51
623.10
631.58
639.92
648.12
656.16
664.03
671.70
679.17
686.42
693.45
700.22
706.74
712.99
718.96
724.64
730.01
735.07
739.82
744.23
748.30
752.02
755.40
758.41
761.06
763.34
765.25
766.78
767.92
768.69
769.07
581.41
590.10
598.72
607.27
615.72
624.07
632.28
640.36
648.27
656.02
663.58
670.94
678.09
685.00
691.68
698.11
704.27
710.15
715.75
721.05
726.04
730.72
735.07
739.08
742.76
746.08
749.06
751.67
753.92
755.80
757.31
758.44
759.19
759.57
575.02
583.57
592.06
600.48
608.80
617.02
625.11
633.07
640.87
648.50
655.96
663.21
670.26
677.08
683.67
690.00
696.08
701.89
707.41
712.64
717.56
722.17
726.47
730.43
734.05
737.34
740.27
742.85
745.07
746.93
748.41
749.53
750.28
750.65
569.08
577.50
585.86
594.16
602.36
610.46
618.44
626.28
633.98
641.51
648.86
656.02
662.97
669.70
676.20
682.46
688.46
694.19
699.64
704.80
709.66
714.22
718.46
722.37
725.95
729.19
732.09
734.64
736.83
738.66
740.13
741.24
741.98
742.35
563.60
571.90
580.15
588.33
596.42
604.41
612.28
620.02
627.62
635.05
642.31
649.38
656.25
662.90
669.32
675.50
681.42
687.08
692.47
697.57
702.38
706.88
711.07
714.94
718.48
721.68
724.55
727.06
729.23
731.04
732.50
733.59
734.32
734.68
