566.29
574.57
582.80
590.96
599.03
606.99
614.84
622.55
630.12
637.52
644.75
651.79
658.62
665.24
671.62
677.77
683.66
689.29
694.65
699.72
704.50
708.97
713.14
716.98
720.50
723.68
726.53
729.03
731.18
732.98
734.43
735.51
736.23
736.60
571.71
580.11
588.45
596.72
604.90
612.97
620.92
628.73
636.39
643.89
651.21
658.33
665.25
671.95
678.41
684.63
690.60
696.29
701.71
706.84
711.68
716.20
720.41
724.30
727.86
731.08
733.96
736.49
738.67
740.49
741.95
743.04
743.78
744.14
577.58
586.11
594.58
602.97
611.26
619.45
627.51
635.43
643.20
650.80
658.21
665.43
672.44
679.22
685.77
692.07
698.11
703.88
709.37
714.56
719.46
724.04
728.30
732.24
735.84
739.10
742.01
744.58
746.78
748.62
750.10
751.21
751.95
752.32
583.90
592.56
601.16
609.68
618.10
626.41
634.59
642.63
650.51
658.21
665.73
673.05
680.16
687.04
693.68
700.06
706.18
712.03
717.59
722.86
727.81
732.46
736.78
740.76
744.41
747.72
750.67
753.26
755.49
757.36
758.86
759.98
760.73
761.11
590.64
599.44
608.18
616.83
625.39
633.83
642.13
650.29
658.29
666.11
673.75
681.18
688.38
695.36
702.10
708.57
714.78
720.71
726.35
731.69
736.72
741.42
745.80
749.84
753.54
756.89
759.88
762.51
764.77
766.67
768.18
769.32
770.08
770.46
597.77
606.72
615.61
624.41
633.10
641.68
650.12
658.41
666.53
674.48
682.23
689.77
697.09
704.17
711.00
717.58
723.88
729.90
735.62
741.03
746.13
750.91
755.35
759.45
763.20
766.60
769.63
772.30
774.59
776.51
778.05
779.21
779.98
780.36
605.27
614.39
623.42
632.37
641.21
649.93
658.51
666.94
675.19
683.27
691.14
698.80
706.24
713.43
720.37
727.04
733.44
739.55
745.36
750.86
756.03
760.88
765.39
769.55
773.36
776.80
779.88
782.59
784.92
786.86
788.42
789.60
790.38
790.77
613.12
622.40
631.60
640.71
649.70
658.57
667.29
675.86
684.26
692.46
700.46
708.25
715.80
723.11
730.16
736.94
743.44
749.65
755.54
761.13
766.38
771.31
775.88
780.11
783.97
787.47
790.60
793.35
795.71
797.69
799.27
800.46
801.26
801.66
621.30
630.75
640.11
649.38
658.54
667.56
676.43
685.15
693.69
702.03
710.17
718.08
725.76
733.19
740.35
747.24
753.85
760.15
766.14
771.82
777.16
782.16
786.81
791.10
795.02
798.58
801.75
804.54
806.95
808.95
810.56
811.77
812.58
812.98
629.78
639.40
648.94
658.37
667.69
676.87
685.91
694.77
703.46
711.94
720.22
728.27
736.07
743.63
750.91
757.92
764.63
771.03
777.13
782.89
788.32
793.40
798.12
802.48
806.47
810.09
813.31
816.15
818.59
820.63
822.26
823.49
824.31
824.72
638.53
648.33
658.05
667.66
677.14
686.49
695.68
704.71
713.54
722.17
730.59
738.78
746.72
754.40
761.81
768.93
775.75
782.27
788.46
794.32
799.83
805.00
809.80
814.24
818.29
821.96
825.24
828.12
830.60
832.67
834.34
835.59
836.42
836.83
647.54
657.53
667.42
677.20
686.86
696.38
705.74
714.92
723.91
732.70
741.26
749.59
757.66
765.48
773.01
780.25
787.19
793.82
800.11
806.07
811.68
816.93
821.81
826.32
830.44
834.18
837.51
840.44
842.96
845.07
846.76
848.03
848.87
849.30
656.77
666.95
677.03
686.99
696.83
706.52
716.04
725.39
734.54
743.48
752.19
760.66
768.88
776.83
784.49
791.86
798.92
805.65
812.06
818.12
823.82
829.16
834.13
838.71
842.90
846.70
850.09
853.06
855.63
857.77
859.49
860.78
861.64
862.07
666.21
676.58
686.84
696.99
707.01
716.87
726.57
736.08
745.40
754.49
763.36
771.98
780.34
788.43
796.22
803.72
810.90
817.75
824.26
830.42
836.23
841.66
846.71
851.37
855.63
859.49
862.94
865.97
868.58
870.76
872.50
873.82
874.69
875.13
675.83
686.39
696.85
707.18
717.38
727.43
737.30
746.98
756.46
765.72
774.74
783.51
792.02
800.24
808.17
815.80
823.10
830.07
836.70
842.97
848.87
854.39
859.53
864.27
868.61
872.54
876.04
879.12
881.78
883.99
885.77
887.11
888.00
888.44
685.61
696.37
707.02
717.54
727.92
738.15
748.20
758.05
767.70
777.12
786.30
795.23
803.88
812.25
820.32
828.08
835.51
842.60
849.34
855.72
861.72
867.34
872.57
877.39
881.80
885.80
889.36
892.50
895.20
897.45
899.26
900.62
901.53
901.98
695.52
706.48
717.32
728.04
738.61
749.02
759.25
769.28
779.09
788.68
798.02
807.10
815.91
824.42
832.63
840.52
848.08
855.30
862.15
868.64
874.75
880.47
885.79
890.69
895.18
899.25
902.88
906.07
908.81
911.10
912.94
914.33
915.25
915.71
705.55
716.71
727.75
738.66
749.42
760.01
770.42
780.62
790.61
800.37
809.87
819.11
828.07
836.73
845.09
853.11
860.80
868.14
875.12
881.72
887.94
893.75
899.16
904.16
908.72
912.86
916.55
919.80
922.59
924.92
926.80
928.20
929.14
929.61
715.67
727.03
738.26
749.37
760.32
771.10
781.69
792.07
802.24
812.16
821.83
831.23
840.35
849.16
857.66
865.82
873.65
881.11
888.21
894.92
901.25
907.16
912.67
917.75
922.40
926.60
930.36
933.66
936.51
938.88
940.79
942.22
943.17
943.65
725.86
737.42
748.85
760.15
771.30
782.26
793.04
803.60
813.94
824.04
833.88
843.44
852.71
861.67
870.31
878.62
886.58
894.18
901.40
908.23
914.66
920.68
926.28
931.45
936.18
940.46
944.28
947.64
950.54
952.95
954.89
956.35
957.32
957.81
736.09
747.86
759.49
770.99
782.32
793.48
804.44
815.19
825.70
835.97
845.98
855.70
865.13
874.25
883.04
891.49
899.58
907.31
914.65
921.61
928.15
934.28
939.97
945.23
950.04
954.40
958.29
961.71
964.66
967.12
969.09
970.57
971.56
972.06
746.36
758.32
770.16
781.85
793.38
804.73
815.88
826.80
837.50
847.94
858.12
868.00
877.59
886.87
895.81
904.40
912.63
920.49
927.96
935.03
941.69
947.92
953.72
959.07
963.97
968.40
972.36
975.84
978.84
981.34
983.35
984.86
985.87
986.37
756.63
768.80
780.84
792.73
804.45
815.99
827.32
838.43
849.31
859.92
870.27
880.32
890.07
899.50
908.59
917.33
925.71
933.70
941.30
948.49
955.26
961.60
967.50
972.95
977.93
982.44
986.47
990.01
993.06
995.61
997.65
999.19
1000.22
1000.73
766.90
779.27
791.51
803.59
815.51
827.24
838.76
850.05
861.11
871.90
882.41
892.64
902.55
912.14
921.38
930.27
938.78
946.91
954.64
961.95
968.84
975.29
981.29
986.83
991.90
996.49
1000.59
1004.20
1007.30
1009.90
1011.98
1013.54
1014.58
1015.11
777.13
789.70
802.14
814.43
826.54
838.45
850.16
861.64
872.87
883.84
894.53
904.92
915.00
924.74
934.14
943.18
951.84
960.10
967.96
975.40
982.41
988.97
995.07
1000.71
1005.87
1010.54
1014.71
1018.38
1021.54
1024.18
1026.30
1027.89
1028.95
1029.48
787.32
800.09
812.73
825.21
837.51
849.62
861.52
873.18
884.59
895.74
906.60
917.16
927.40
937.31
946.86
956.04
964.85
973.25
981.24
988.81
995.94
1002.61
1008.82
1014.56
1019.81
1024.56
1028.80
1032.54
1035.75
1038.44
1040.60
1042.22
1043.30
1043.84
797.44
810.41
823.25
835.93
848.42
860.72
872.80
884.65
896.25
907.57
918.60
929.33
939.74
949.80
959.51
968.85
977.80
986.34
994.47
1002.16
1009.41
1016.20
1022.52
1028.35
1033.69
1038.53
1042.85
1046.65
1049.92
1052.66
1054.85
1056.50
1057.60
1058.15
807.48
820.65
833.69
846.56
859.25
871.73
884.00
896.03
907.81
919.31
930.52
941.42
951.99
962.21
972.08
981.57
990.66
999.35
1007.61
1015.44
1022.81
1029.71
1036.14
1042.07
1047.50
1052.43
1056.82
1060.69
1064.02
1066.81
1069.04
1070.72
1071.84
1072.40
817.41
830.79
844.02
857.08
869.96
882.64
895.10
907.31
919.27
930.94
942.33
953.39
964.13
974.52
984.54
994.19
1003.43
1012.26
1020.66
1028.61
1036.11
1043.13
1049.66
1055.70
1061.23
1066.23
1070.71
1074.65
1078.04
1080.87
1083.14
1084.85
1085.99
1086.56
827.24
840.81
854.23
867.49
880.56
893.42
906.06
918.46
930.60
942.45
954.01
965.25
976.15
986.70
996.89
1006.68
1016.07
1025.05
1033.58
1041.67
1049.29
1056.43
1063.08
1069.22
1074.84
1079.94
1084.49
1088.50
1091.95
1094.83
1097.14
1098.88
1100.05
1100.62
836.92
850.69
864.31
877.75
891.01
904.07
916.89
929.47
941.79
953.82
965.55
976.96
988.03
998.74
1009.09
1019.04
1028.58
1037.70
1046.37
1054.59
1062.34
1069.60
1076.36
1082.61
1088.33
1093.51
1098.14
1102.22
1105.73
1108.67
1111.02
1112.79
1113.98
1114.57
846.47
860.42
874.23
887.87
901.31
914.55
927.56
940.32
952.81
965.02
976.93
988.51
999.75
1010.62
1021.13
1031.23
1040.92
1050.19
1059.00
1067.36
1075.23
1082.62
1089.49
1095.84
1101.66
1106.94
1111.65
1115.80
1119.37
1122.36
1124.76
1126.56
1127.77
1128.37
855.84
869.99
883.99
897.81
911.44
924.86
938.05
950.99
963.67
976.05
988.13
999.88
1011.28
1022.33
1032.99
1043.25
1053.09
1062.50
1071.46
1079.95
1087.96
1095.46
1102.45
1108.91
1114.83
1120.20
1124.99
1129.22
1132.85
1135.89
1138.34
1140.17
1141.40
1142.01
865.04
879.38
893.56
907.57
921.38
934.99
948.36
961.48
974.33
986.88
999.13
1011.05
1022.63
1033.83
1044.65
1055.07
1065.07
1074.63
1083.73
1092.35
1100.49
1108.12
1115.22
1121.79
1127.81
1133.27
1138.15
1142.45
1146.15
1149.25
1151.73
1153.60
1154.85
1155.47
874.05
888.57
902.93
917.12
931.12
944.90
958.45
971.75
984.77
997.51
1009.93
1022.02
1033.76
1045.13
1056.11
1066.68
1076.83
1086.54
1095.78
1104.54
1112.81
1120.56
1127.79
1134.47
1140.59
1146.14
1151.11
1155.48
1159.25
1162.40
1164.93
1166.83
1168.10
1168.73
882.85
897.55
912.10
926.47
940.64
954.60
968.33
981.80
995.00
1007.90
1020.49
1032.75
1044.65
1056.19
1067.33
1078.06
1088.36
1098.22
1107.60
1116.50
1124.90
1132.78
1140.13
1146.92
1153.15
1158.79
1163.85
1168.30
1172.13
1175.34
1177.91
1179.85
1181.14
1181.78
891.43
906.31
921.03
935.58
949.93
964.06
977.96
991.61
1004.98
1018.05
1030.81
1043.24
1055.31
1067.00
1078.30
1089.19
1099.65
1109.65
1119.18
1128.22
1136.75
1144.76
1152.22
1159.13
1165.46
1171.20
1176.34
1180.87
1184.77
1188.03
1190.65
1192.62
1193.94
1194.60
899.78
914.83
929.72
944.44
958.96
973.27
987.34
1001.16
1014.70
1027.94
1040.87
1053.46
1065.69
1077.55
1089.01
1100.06
1110.66
1120.81
1130.49
1139.67
1148.34
1156.47
1164.06
1171.07
1177.51
1183.35
1188.58
1193.18
1197.15
1200.47
1203.14
1205.14
1206.48
1207.15
907.88
923.10
938.16
953.05
967.74
982.22
996.46
1010.44
1024.15
1037.56
1050.65
1063.40
1075.80
1087.82
1099.44
1110.64
1121.40
1131.70
1141.51
1150.83
1159.63
1167.90
1175.60
1182.74
1189.28
1195.22
1200.53
1205.22
1209.25
1212.63
1215.35
1217.39
1218.75
1219.43
915.71
931.10
946.33
961.38
976.24
990.88
1005.29
1019.44
1033.31
1046.88
1060.14
1073.05
1085.61
1097.79
1109.56
1120.92
1131.83
1142.27
1152.24
1161.70
1170.63
1179.02
1186.85
1194.10
1200.75
1206.78
1212.19
1216.95
1221.06
1224.49
1227.26
1229.33
1230.72
1231.41
923.28
938.83
954.22
969.43
984.45
999.26
1013.82
1028.13
1042.17
1055.90
1069.32
1082.39
1095.11
1107.44
1119.37
1130.88
1141.94
1152.53
1162.64
1172.24
1181.30
1189.82
1197.77
1205.14
1211.89
1218.03
1223.52
1228.36
1232.54
1236.04
1238.85
1240.96
1242.37
1243.07
930.56
946.26
961.81
977.18
992.36
1007.32
1022.05
1036.51
1050.71
1064.60
1078.17
1091.40
1104.27
1116.76
1128.85
1140.50
1151.71
1162.45
1172.70
1182.43
1191.64
1200.28
1208.35
1215.83
1222.69
1228.93
1234.51
1239.43
1243.68
1247.24
1250.09
1252.24
1253.68
1254.39
937.55
953.40
969.10
984.63
999.95
1015.07
1029.95
1044.57
1058.91
1072.96
1086.69
1100.07
1113.09
1125.73
1137.97
1149.77
1161.13
1172.01
1182.40
1192.27
1201.61
1210.38
1218.57
1226.16
1233.13
1239.46
1245.14
1250.14
1254.46
1258.07
1260.98
1263.16
1264.62
1265.35
944.23
960.23
976.07
991.74
1007.22
1022.48
1037.51
1052.28
1066.77
1080.97
1094.84
1108.38
1121.55
1134.34
1146.72
1158.67
1170.17
1181.20
1191.72
1201.73
1211.19
1220.09
1228.40
1236.11
1243.19
1249.61
1255.38
1260.46
1264.85
1268.52
1271.47
1273.70
1275.18
1275.92
950.59
966.73
982.71
998.52
1014.14
1029.55
1044.72
1059.63
1074.27
1088.61
1102.63
1116.31
1129.63
1142.57
1155.09
1167.19
1178.83
1189.99
1200.65
1210.79
1220.38
1229.40
1237.83
1245.65
1252.83
1259.36
1265.21
1270.37
1274.82
1278.56
1281.56
1283.82
1285.32
1286.08
956.62
972.89
989.01
1004.96
1020.71
1036.25
1051.56
1066.62
1081.39
1095.88
1110.04
1123.86
1137.32
1150.39
1163.06
1175.29
1187.07
1198.37
1209.16
1219.43
1229.15
1238.29
1246.83
1254.76
1262.04
1268.67
1274.60
1279.84
1284.37
1288.16
1291.20
1293.50
1295.03
1295.80
962.31
978.71
994.96
1011.04
1026.92
1042.59
1058.03
1073.22
1088.13
1102.75
1117.04
1131.00
1144.60
1157.80
1170.60
1182.97
1194.88
1206.31
1217.23
1227.63
1237.47
1246.73
1255.39
1263.42
1270.81
1277.52
1283.54
1288.86
1293.45
1297.30
1300.39
1302.72
1304.28
1305.05
967.66
984.18
1000.55
1016.74
1032.75
1048.55
1064.11
1079.43
1094.47
1109.21
1123.64
1137.72
1151.45
1164.79
1177.72
1190.21
1202.25
1213.81
1224.85
1235.37
1245.33
1254.70
1263.47
1271.61
1279.09
1285.90
1292.00
1297.39
1302.05
1305.95
1309.09
1311.45
1313.03
1313.82
972.65
989.28
1005.76
1022.07
1038.20
1054.11
1069.80
1085.23
1100.39
1115.25
1129.80
1144.01
1157.86
1171.32
1184.38
1196.99
1209.16
1220.83
1232.00
1242.63
1252.70
1262.19
1271.06
1279.30
1286.88
1293.77
1299.96
1305.42
1310.14
1314.10
1317.28
1319.67
1321.28
1322.07
977.27
994.01
1010.60
1027.02
1043.25
1059.27
1075.07
1090.61
1105.88
1120.86
1135.53
1149.85
1163.82
1177.40
1190.57
1203.30
1215.58
1227.37
1238.65
1249.40
1259.58
1269.17
1278.14
1286.48
1294.14
1301.12
1307.39
1312.92
1317.70
1321.70
1324.93
1327.36
1328.98
1329.79
981.52
998.35
1015.04
1031.56
1047.89
1064.02
1079.92
1095.57
1110.94
1126.03
1140.80
1155.24
1169.31
1183.00
1196.28
1209.13
1221.51
1233.41
1244.80
1255.65
1265.93
1275.62
1284.69
1293.11
1300.87
1307.92
1314.26
1319.86
1324.69
1328.75
1332.02
1334.47
1336.12
1336.94
985.39
1002.31
1019.09
1035.70
1052.12
1068.34
1084.34
1100.08
1115.56
1130.74
1145.61
1160.15
1174.32
1188.11
1201.49
1214.44
1226.93
1238.93
1250.42
1261.36
1271.74
1281.52
1290.68
1299.19
1307.02
1314.16
1320.56
1326.22
1331.11
1335.22
1338.52
1341.00
1342.67
1343.50
988.87
1005.87
1022.73
1039.42
1055.93
1072.24
1088.32
1104.15
1119.71
1134.99
1149.95
1164.57
1178.84
1192.73
1206.20
1219.24
1231.82
1243.91
1255.49
1266.53
1276.99
1286.86
1296.10
1304.69
1312.60
1319.80
1326.27
1331.98
1336.92
1341.07
1344.41
1346.92
1348.60
1349.44
991.95
1009.03
1025.96
1042.73
1059.31
1075.69
1091.85
1107.76
1123.40
1138.76
1153.80
1168.51
1182.86
1196.82
1210.38
1223.51
1236.17
1248.35
1260.01
1271.13
1281.67
1291.62
1300.93
1309.59
1317.57
1324.83
1331.36
1337.12
1342.11
1346.29
1349.66
1352.20
1353.90
1354.74
994.64
1011.78
1028.77
1045.60
1062.25
1078.70
1094.92
1110.90
1126.62
1142.04
1157.16
1171.94
1186.36
1200.40
1214.03
1227.23
1239.97
1252.22
1263.95
1275.14
1285.76
1295.77
1305.16
1313.88
1321.91
1329.23
1335.81
1341.62
1346.65
1350.87
1354.26
1356.82
1358.53
1359.39
996.92
1014.11
1031.16
1048.05
1064.75
1081.26
1097.54
1113.58
1129.35
1144.84
1160.01
1174.85
1189.34
1203.44
1217.14
1230.40
1243.20
1255.52
1267.32
1278.57
1289.24
1299.32
1308.75
1317.53
1325.62
1332.98
1339.61
1345.46
1350.52
1354.77
1358.19
1360.77
1362.49
1363.35
998.79
1016.03
1033.12
1050.05
1066.81
1083.36
1099.69
1115.77
1131.59
1147.13
1162.36
1177.25
1191.79
1205.94
1219.69
1233.01
1245.86
1258.23
1270.08
1281.38
1292.11
1302.23
1311.72
1320.54
1328.67
1336.08
1342.74
1348.62
1353.71
1357.99
1361.43
1364.02
1365.76
1366.62
1000.25
1017.52
1034.65
1051.62
1068.41
1084.99
1101.36
1117.48
1133.35
1148.92
1164.19
1179.12
1193.70
1207.90
1221.69
1235.05
1247.94
1260.35
1272.24
1283.58
1294.35
1304.51
1314.04
1322.89
1331.06
1338.50
1345.18
1351.10
1356.21
1360.51
1363.96
1366.57
1368.31
1369.18
1001.30
1018.59
1035.74
1052.74
1069.55
1086.17
1102.56
1118.71
1134.60
1150.20
1165.50
1180.46
1195.07
1209.30
1223.12
1236.50
1249.43
1261.87
1273.79
1285.16
1295.96
1306.15
1315.70
1324.58
1332.77
1340.23
1346.94
1352.87
1358.00
1362.31
1365.78
1368.40
1370.14
1371.01
1001.92
1019.23
1036.40
1053.41
1070.24
1086.87
1103.28
1119.45
1135.35
1150.97
1166.28
1181.27
1195.89
1210.14
1223.97
1237.38
1250.32
1262.78
1274.72
1286.11
1296.92
1307.13
1316.70
1325.60
1333.80
1341.27
1348.00
1353.94
1359.08
1363.40
1366.87
1369.49
1371.24
1372.12
1002.13
1019.45
1036.62
1053.63
1070.47
1087.10
1103.52
1119.69
1135.60
1151.23
1166.55
1181.53
1196.16
1210.42
1224.26
1237.67
1250.62
1263.08
1275.03
1286.42
1297.24
1307.45
1317.03
1325.93
1334.14
1341.62
1348.35
1354.30
1359.44
1363.76
1367.24
1369.86
1371.61
1372.49
1001.92
1019.23
1036.40
1053.41
1070.24
1086.87
1103.28
1119.45
1135.35
1150.97
1166.28
1181.26
1195.89
1210.13
1223.97
1237.38
1250.32
1262.78
1274.72
1286.11
1296.92
1307.13
1316.69
1325.59
1333.79
1341.27
1347.99
1353.94
1359.08
1363.40
1366.87
1369.49
1371.24
1372.12
1001.29
1018.59
1035.74
1052.73
1069.55
1086.16
1102.56
1118.71
1134.60
1150.20
1165.49
1180.46
1195.06
1209.29
1223.11
1236.50
1249.43
1261.86
1273.78
1285.16
1295.95
1306.14
1315.69
1324.58
1332.76
1340.22
1346.93
1352.87
1358.00
1362.31
1365.78
1368.39
1370.14
1371.01
1000.25
1017.52
1034.65
1051.61
1068.40
1084.99
1101.36
1117.48
1133.34
1148.91
1164.18
1179.12
1193.69
1207.89
1221.68
1235.04
1247.93
1260.34
1272.23
1283.58
1294.34
1304.50
1314.03
1322.89
1331.05
1338.49
1345.18
1351.09
1356.20
1360.50
1363.96
1366.56
1368.30
1369.17
998.79
1016.02
1033.11
1050.05
1066.80
1083.35
1099.68
1115.76
1131.59
1147.12
1162.35
1177.24
1191.78
1205.94
1219.68
1233.00
1245.86
1258.22
1270.07
1281.37
1292.10
1302.22
1311.71
1320.53
1328.66
1336.07
1342.73
1348.61
1353.70
1357.98
1361.42
1364.01
1365.74
1366.61
996.91
1014.10
1031.15
1048.04
1064.75
1081.25
1097.53
1113.57
1129.34
1144.83
1160.00
1174.84
1189.33
1203.43
1217.13
1230.39
1243.19
1255.51
1267.30
1278.55
1289.23
1299.30
1308.74
1317.52
1325.60
1332.97
1339.59
1345.45
1350.51
1354.76
1358.18
1360.76
1362.48
1363.34
994.63
1011.77
1028.76
1045.59
1062.24
1078.69
1094.91
1110.89
1126.61
1142.03
1157.14
1171.92
1186.35
1200.39
1214.02
1227.22
1239.96
1252.21
1263.94
1275.13
1285.74
1295.76
1305.14
1313.86
1321.90
1329.21
1335.79
1341.61
1346.63
1350.85
1354.25
1356.81
1358.52
1359.37
991.94
1009.02
1025.95
1042.72
1059.30
1075.68
1091.84
1107.75
1123.39
1138.74
1153.79
1168.49
1182.84
1196.81
1210.37
1223.49
1236.16
1248.33
1259.99
1271.11
1281.66
1291.60
1300.91
1309.57
1317.55
1324.81
1331.34
1337.10
1342.09
1346.28
1349.64
1352.18
1353.88
1354.72
988.86
1005.86
1022.72
1039.41
1055.92
1072.22
1088.30
1104.13
1119.70
1134.97
1149.93
1164.56
1178.83
1192.71
1206.18
1219.22
1231.80
1243.90
1255.47
1266.51
1276.97
1286.84
1296.08
1304.67
1312.58
1319.78
1326.25
1331.96
1336.90
1341.05
1344.38
1346.90
1348.58
1349.42
985.37
1002.30
1019.07
1035.68
1052.11
1068.33
1084.32
1100.06
1115.54
1130.72
1145.59
1160.13
1174.30
1188.09
1201.48
1214.42
1226.91
1238.91
1250.40
1261.34
1271.72
1281.50
1290.66
1299.17
1307.00
1314.13
1320.54
1326.20
1331.09
1335.19
1338.49
1340.98
1342.64
1343.47
981.51
998.34
1015.02
1031.54
1047.88
1064.00
1079.90
1095.55
1110.93
1126.01
1140.78
1155.22
1169.29
1182.98
1196.26
1209.10
1221.49
1233.39
1244.78
1255.62
1265.91
1275.60
1284.66
1293.09
1300.84
1307.90
1314.24
1319.83
1324.67
1328.73
1331.99
1334.45
1336.09
1336.91
977.25
993.99
1010.58
1027.00
1043.23
1059.25
1075.05
1090.59
1105.86
1120.84
1135.51
1149.83
1163.80
1177.38
1190.55
1203.28
1215.56
1227.35
1238.63
1249.37
1259.55
1269.14
1278.12
1286.45
1294.12
1301.09
1307.36
1312.89
1317.67
1321.68
1324.90
1327.33
1328.95
1329.76
972.63
989.26
1005.74
1022.05
1038.18
1054.09
1069.77
1085.21
1100.37
1115.23
1129.78
1143.99
1157.84
1171.30
1184.35
1196.97
1209.13
1220.81
1231.97
1242.60
1252.68
1262.16
1271.03
1279.27
1286.85
1293.74
1299.93
1305.39
1310.11
1314.07
1317.25
1319.64
1321.24
1322.04
967.64
984.16
1000.53
1016.72
1032.73
1048.53
1064.09
1079.40
1094.44
1109.18
1123.61
1137.70
1151.42
1164.76
1177.69
1190.18
1202.22
1213.78
1224.82
1235.34
1245.30
1254.67
1263.44
1271.58
1279.06
1285.86
1291.97
1297.36
1302.02
1305.92
1309.06
1311.42
1313.00
1313.79
962.29
978.69
994.94
1011.01
1026.90
1042.57
1058.01
1073.19
1088.10
1102.72
1117.02
1130.97
1144.57
1157.78
1170.57
1182.94
1194.85
1206.28
1217.20
1227.60
1237.44
1246.70
1255.35
1263.39
1270.77
1277.49
1283.51
1288.82
1293.41
1297.26
1300.36
1302.68
1304.24
1305.02
956.60
972.87
988.99
1004.93
1020.69
1036.23
1051.54
1066.59
1081.37
1095.85
1110.01
1123.83
1137.29
1150.36
1163.03
1175.26
1187.04
1198.33
1209.13
1219.39
1229.11
1238.25
1246.80
1254.72
1262.01
1268.63
1274.57
1279.81
1284.33
1288.12
1291.17
1293.46
1294.99
1295.76
950.56
966.70
982.69
998.50
1014.12
1029.52
1044.69
1059.60
1074.24
1088.58
1102.60
1116.28
1129.60
1142.53
1155.06
1167.15
1178.79
1189.95
1200.62
1210.75
1220.35
1229.37
1237.80
1245.61
1252.79
1259.32
1265.17
1270.33
1274.78
1278.52
1281.52
1283.78
1285.28
1286.04
944.20
960.20
976.05
991.72
1007.19
1022.45
1037.48
1052.25
1066.74
1080.94
1094.81
1108.35
1121.52
1134.31
1146.69
1158.64
1170.14
1181.16
1191.69
1201.69
1211.16
1220.05
1228.37
1236.07
1243.15
1249.57
1255.34
1260.42
1264.80
1268.48
1271.43
1273.65
1275.14
1275.88
937.52
953.38
969.07
984.60
999.93
1015.04
1029.92
1044.54
1058.88
1072.93
1086.65
1100.04
1113.06
1125.70
1137.93
1149.74
1161.09
1171.98
1182.36
1192.23
1201.57
1210.34
1218.53
1226.12
1233.09
1239.42
1245.10
1250.10
1254.41
1258.03
1260.93
1263.12
1264.58
1265.31
930.53
946.24
961.78
977.16
992.33
1007.29
1022.02
1036.48
1050.67
1064.56
1078.14
1091.37
1104.24
1116.73
1128.81
1140.47
1151.67
1162.41
1172.66
1182.39
1191.59
1200.24
1208.31
1215.79
1222.65
1228.88
1234.47
1239.39
1243.64
1247.19
1250.05
1252.20
1253.63
1254.35
923.25
938.80
954.19
969.40
984.42
999.22
1013.79
1028.10
1042.13
1055.87
1069.28
1082.36
1095.07
1107.40
1119.33
1130.84
1141.90
1152.49
1162.60
1172.19
1181.26
1189.78
1197.73
1205.09
1211.85
1217.98
1223.48
1228.32
1232.49
1235.99
1238.80
1240.91
1242.32
1243.03
915.68
931.07
946.30
961.35
976.21
990.85
1005.25
1019.40
1033.27
1046.85
1060.10
1073.02
1085.57
1097.75
1109.52
1120.88
1131.79
1142.23
1152.19
1161.65
1170.59
1178.98
1186.80
1194.05
1200.70
1206.74
1212.14
1216.90
1221.01
1224.45
1227.21
1229.28
1230.67
1231.36
907.84
923.06
938.13
953.02
967.71
982.18
996.42
1010.41
1024.11
1037.52
1050.61
1063.37
1075.76
1087.78
1099.40
1110.59
1121.35
1131.65
1141.47
1150.79
1159.59
1167.85
1175.56
1182.69
1189.23
1195.17
1200.49
1205.17
1209.20
1212.58
1215.30
1217.34
1218.70
1219.38
899.75
914.80
929.69
944.41
958.93
973.24
987.31
1001.12
1014.66
1027.90
1040.83
1053.42
1065.65
1077.51
1088.97
1100.01
1110.62
1120.77
1130.44
1139.62
1148.29
1156.42
1164.01
1171.03
1177.46
1183.30
1188.53
1193.13
1197.10
1200.42
1203.09
1205.09
1206.43
1207.10
891.40
906.27
921.00
935.54
949.89
964.02
977.92
991.57
1004.94
1018.01
1030.77
1043.19
1055.26
1066.96
1078.26
1089.15
1099.60
1109.60
1119.13
1128.17
1136.70
1144.71
1152.17
1159.08
1165.41
1171.15
1176.29
1180.82
1184.72
1187.98
1190.60
1192.57
1193.89
1194.54
882.82
897.52
912.06
926.43
940.60
954.56
968.29
981.76
994.96
1007.86
1020.45
1032.71
1044.61
1056.14
1067.28
1078.02
1088.32
1098.17
1107.55
1116.46
1124.86
1132.73
1140.08
1146.87
1153.10
1158.74
1163.80
1168.24
1172.07
1175.28
1177.86
1179.79
1181.08
1181.73
874.02
888.53
902.90
917.09
931.08
944.86
958.41
971.71
984.73
997.46
1009.88
1021.97
1033.71
1045.08
1056.06
1066.64
1076.78
1086.49
1095.73
1104.49
1112.76
1120.51
1127.74
1134.42
1140.54
1146.09
1151.06
1155.43
1159.19
1162.35
1164.88
1166.78
1168.05
1168.68
865.01
879.34
893.52
907.53
921.34
934.95
948.32
961.43
974.28
986.84
999.09
1011.01
1022.58
1033.79
1044.61
1055.02
1065.02
1074.58
1083.68
1092.30
1100.44
1108.06
1115.17
1121.74
1127.76
1133.22
1138.10
1142.39
1146.10
1149.19
1151.68
1153.54
1154.79
1155.41
855.81
869.95
883.95
897.77
911.40
924.82
938.01
950.95
963.62
976.01
988.08
999.83
1011.24
1022.28
1032.94
1043.20
1053.04
1062.45
1071.41
1079.90
1087.90
1095.41
1102.40
1108.86
1114.78
1120.14
1124.94
1129.16
1132.80
1135.84
1138.28
1140.11
1141.34
1141.95
846.43
860.39
874.19
887.83
901.27
914.51
927.52
940.28
952.77
964.98
976.88
988.46
999.70
1010.58
1021.08
1031.18
1040.87
1050.14
1058.95
1067.30
1075.18
1082.56
1089.43
1095.79
1101.61
1106.88
1111.59
1115.74
1119.31
1122.30
1124.70
1126.50
1127.71
1128.31
836.89
850.65
864.27
877.71
890.97
904.02
916.85
929.43
941.74
953.77
965.50
976.91
987.98
998.69
1009.04
1018.98
1028.53
1037.64
1046.32
1054.54
1062.28
1069.54
1076.30
1082.55
1088.27
1093.45
1098.09
1102.16
1105.67
1108.61
1110.96
1112.73
1113.92
1114.51
827.20
840.77
854.19
867.45
880.51
893.38
906.02
918.42
930.55
942.40
953.96
965.20
976.10
986.65
996.83
1006.63
1016.02
1024.99
1033.53
1041.61
1049.23
1056.37
1063.02
1069.16
1074.78
1079.88
1084.43
1088.44
1091.89
1094.77
1097.08
1098.82
1099.98
1100.56
817.37
830.75
843.98
857.04
869.92
882.60
895.05
907.26
919.22
930.89
942.28
953.34
964.08
974.47
984.49
994.13
1003.37
1012.20
1020.60
1028.55
1036.05
1043.07
1049.61
1055.64
1061.17
1066.18
1070.65
1074.59
1077.97
1080.81
1083.08
1084.79
1085.93
1086.50
807.43
820.61
833.64
846.51
859.20
871.69
883.96
895.99
907.76
919.26
930.47
941.36
951.94
962.16
972.03
981.51
990.61
999.29
1007.56
1015.38
1022.75
1029.65
1036.08
1042.01
1047.44
1052.36
1056.76
1060.63
1063.96
1066.74
1068.98
1070.66
1071.77
1072.33
797.40
810.37
823.21
835.88
848.38
860.68
872.76
884.60
896.20
907.52
918.55
929.28
939.68
949.75
959.46
968.79
977.74
986.28
994.41
1002.10
1009.35
1016.14
1022.46
1028.29
1033.63
1038.46
1042.79
1046.59
1049.86
1052.59
1054.79
1056.44
1057.54
1058.08
787.27
800.05
812.69
825.17
837.47
849.58
861.47
873.13
884.54
895.69
906.55
917.11
927.35
937.25
946.80
955.99
964.79
973.19
981.19
988.75
995.88
1002.55
1008.76
1014.50
1019.74
1024.49
1028.74
1032.48
1035.69
1038.38
1040.53
1042.15
1043.23
1043.77
777.09
789.66
802.10
814.38
826.49
838.41
850.11
861.59
872.82
883.79
894.48
904.87
914.94
924.69
934.09
943.12
951.78
960.04
967.90
975.34
982.35
988.91
995.01
1000.65
1005.81
1010.48
1014.65
1018.32
1021.48
1024.12
1026.23
1027.83
1028.89
1029.42
766.85
779.22
791.46
803.55
815.46
827.19
838.71
850.00
861.05
871.85
882.36
892.58
902.49
912.08
921.32
930.21
938.72
946.85
954.58
961.89
968.78
975.23
981.23
986.77
991.84
996.43
1000.53
1004.14
1007.24
1009.83
1011.91
1013.48
1014.52
1015.04
756.59
768.76
780.79
792.68
804.40
815.94
827.27
838.38
849.25
859.87
870.21
880.27
890.02
899.45
908.54
917.28
925.65
933.64
941.24
948.43
955.20
961.54
967.44
972.88
977.87
982.38
986.40
989.95
993.00
995.54
997.59
999.12
1000.15
1000.66
746.31
758.28
770.12
781.81
793.33
804.68
815.82
826.75
837.45
847.89
858.06
867.95
877.54
886.81
895.75
904.34
912.57
920.43
927.90
934.97
941.63
947.86
953.66
959.01
963.90
968.34
972.30
975.78
978.77
981.28
983.28
984.79
985.80
986.30
736.05
747.81
759.45
770.94
782.27
793.43
804.39
815.13
825.65
835.92
845.92
855.64
865.07
874.19
882.98
891.43
899.52
907.25
914.59
921.54
928.08
934.21
939.91
945.17
949.98
954.33
958.22
961.64
964.59
967.05
969.02
970.50
971.49
971.99
725.81
737.37
748.81
760.10
771.24
782.21
792.99
803.55
813.89
823.98
833.82
843.38
852.65
861.61
870.25
878.56
886.52
894.11
901.33
908.16
914.59
920.62
926.21
931.38
936.11
940.39
944.22
947.58
950.47
952.89
954.82
956.28
957.25
957.74
715.62
726.98
738.22
749.32
760.27
771.05
781.64
792.02
802.18
812.11
821.78
831.17
840.29
849.10
857.59
865.76
873.58
881.05
888.14
894.86
901.18
907.10
912.60
917.68
922.33
926.53
930.29
933.60
936.44
938.81
940.72
942.15
943.10
943.58
705.50
716.66
727.70
738.61
749.37
759.96
770.36
780.57
790.56
800.31
809.82
819.06
828.01
836.67
845.03
853.05
860.74
868.08
875.06
881.66
887.87
893.69
899.09
904.09
908.65
912.79
916.48
919.73
922.52
924.85
926.73
928.13
929.07
929.54
695.48
706.43
717.27
727.99
738.56
748.97
759.19
769.22
779.04
788.62
797.96
807.04
815.85
824.36
832.57
840.46
848.02
855.23
862.09
868.58
874.68
880.40
885.72
890.62
895.11
899.18
902.80
905.99
908.74
911.03
912.87
914.26
915.18
915.64
685.56
696.32
706.97
717.49
727.87
738.10
748.14
758.00
767.64
777.06
786.24
795.17
803.82
812.19
820.26
828.01
835.44
842.53
849.27
855.65
861.65
867.27
872.50
877.32
881.73
885.73
889.29
892.43
895.12
897.38
899.19
900.55
901.45
901.91
675.78
686.34
696.80
707.13
717.33
727.37
737.24
746.92
756.40
765.66
774.68
783.45
791.96
800.18
808.11
815.73
823.04
830.01
836.63
842.90
848.80
854.32
859.46
864.20
868.54
872.46
875.97
879.05
881.70
883.92
885.70
887.03
887.92
888.37
666.16
676.53
686.79
696.94
706.96
716.82
726.51
736.03
745.34
754.44
763.30
771.92
780.28
788.36
796.16
803.65
810.83
817.68
824.19
830.36
836.16
841.59
846.64
851.30
855.56
859.42
862.87
865.90
868.50
870.68
872.43
873.74
874.62
875.06
656.72
666.90
676.98
686.94
696.77
706.46
715.99
725.33
734.48
743.42
752.13
760.60
768.82
776.76
784.43
791.79
798.85
805.59
811.99
818.05
823.75
829.09
834.05
838.64
842.83
846.62
850.01
852.99
855.55
857.70
859.41
860.71
861.57
862.00
647.49
657.47
667.37
677.15
686.81
696.32
705.68
714.86
723.85
732.64
741.20
749.52
757.60
765.41
772.94
780.19
787.13
793.75
800.04
806.00
811.61
816.86
821.74
826.25
830.37
834.10
837.44
840.37
842.89
844.99
846.68
847.95
848.80
849.22
638.48
648.28
658.00
667.60
677.09
686.43
695.63
704.65
713.48
722.11
730.53
738.72
746.65
754.33
761.74
768.86
775.69
782.20
788.39
794.25
799.76
804.93
809.73
814.16
818.22
821.89
825.17
828.05
830.53
832.60
834.26
835.51
836.34
836.76
629.73
639.35
648.89
658.32
667.64
676.82
685.85
694.71
703.40
711.88
720.16
728.20
736.01
743.56
750.85
757.85
764.56
770.97
777.06
782.82
788.25
793.33
798.05
802.41
806.40
810.01
813.24
816.07
818.51
820.55
822.19
823.41
824.23
824.64
621.25
630.70
640.06
649.33
658.48
667.50
676.38
685.09
693.63
701.97
710.10
718.02
725.69
733.12
740.29
747.18
753.78
760.08
766.07
771.74
777.08
782.08
786.73
791.03
794.95
798.50
801.68
804.47
806.87
808.88
810.49
811.70
812.50
812.91
613.07
622.35
631.55
640.65
649.65
658.51
667.24
675.80
684.20
692.40
700.40
708.19
715.74
723.05
730.10
736.88
743.37
749.58
755.47
761.06
766.31
771.23
775.81
780.04
783.90
787.40
790.52
793.27
795.64
797.61
799.20
800.39
801.18
801.58
605.22
614.33
623.37
632.32
641.16
649.88
658.45
666.88
675.13
683.21
691.08
698.74
706.17
713.36
720.30
726.98
733.37
739.48
745.29
750.78
755.96
760.81
765.31
769.47
773.28
776.73
779.81
782.51
784.84
786.79
788.35
789.52
790.30
790.69
597.72
606.67
615.56
624.35
633.05
641.62
650.06
658.35
666.47
674.41
682.16
689.70
697.02
704.10
710.94
717.51
723.81
729.83
735.55
740.96
746.06
750.83
755.28
759.38
763.13
766.52
769.56
772.22
774.52
776.43
777.97
779.13
779.90
780.29
590.59
599.39
608.13
616.78
625.33
633.77
642.07
650.23
658.23
666.05
673.68
681.11
688.32
695.30
702.03
708.51
714.71
720.64
726.28
731.62
736.64
741.35
745.73
749.77
753.47
756.82
759.81
762.44
764.70
766.59
768.11
769.25
770.01
770.39
583.85
592.51
601.11
609.62
618.04
626.35
634.53
642.57
650.44
658.15
665.67
672.99
680.09
686.97
693.61
699.99
706.11
711.96
717.52
722.78
727.74
732.38
736.70
740.69
744.34
747.64
750.59
753.18
755.42
757.28
758.78
759.90
760.65
761.03
577.53
586.06
594.52
602.91
611.20
619.39
627.45
635.37
643.14
650.73
658.15
665.36
672.37
679.16
685.70
692.00
698.04
703.81
709.30
714.49
719.38
723.97
728.23
732.16
735.76
739.02
741.94
744.50
746.70
748.54
750.02
751.13
751.87
752.24
571.66
580.06
588.40
596.66
604.84
612.91
620.86
628.67
636.33
643.83
651.14
658.27
665.18
671.88
678.34
684.56
690.53
696.22
701.64
706.77
711.60
716.13
720.34
724.23
727.78
731.00
733.88
736.41
738.59
740.41
741.87
742.96
743.70
744.06
566.24
574.52
582.75
590.90
598.97
606.94
614.78
622.49
630.06
637.46
644.69
651.72
658.55
665.17
671.55
677.70
683.59
689.22
694.58
699.65
704.42
708.90
713.06
716.90
720.42
723.60
726.45
728.95
731.10
732.90
734.35
735.43
736.15
736.52
565.41
573.71
581.94
590.11
598.18
606.16
614.01
621.74
629.31
636.73
643.96
651.01
657.86
664.48
670.88
677.04
682.95
688.59
693.95
699.03
703.82
708.30
712.48
716.33
719.85
723.05
725.90
728.40
730.56
732.37
733.81
734.90
735.63
735.99
570.85
579.26
587.61
595.89
604.07
612.15
620.11
627.94
635.61
643.12
650.45
657.59
664.52
671.23
677.70
683.94
689.91
695.62
701.05
706.19
711.03
715.57
719.79
723.69
727.25
730.48
733.37
735.90
738.09
739.91
741.37
742.47
743.21
743.57
576.75
585.29
593.76
602.16
610.46
618.66
626.73
634.67
642.45
650.06
657.49
664.72
671.74
678.54
685.10
691.41
697.46
703.24
708.74
713.95
718.85
723.45
727.72
731.67
735.28
738.54
741.46
744.03
746.24
748.09
749.57
750.68
751.42
751.80
583.09
591.76
600.37
608.90
617.33
625.65
633.84
641.89
649.79
657.51
665.04
672.38
679.49
686.39
693.04
699.44
705.57
711.43
717.01
722.28
727.25
731.91
736.24
740.23
743.89
747.20
750.16
752.76
755.00
756.87
758.37
759.50
760.25
760.62
589.85
598.67
607.42
616.08
624.65
633.10
641.42
649.59
657.61
665.44
673.09
680.53
687.76
694.75
701.50
707.99
714.21
720.16
725.81
731.16
736.20
740.92
745.31
749.36
753.07
756.42
759.42
762.06
764.33
766.22
767.74
768.89
769.65
770.03
597.01
605.98
614.87
623.68
632.39
640.98
649.44
657.74
665.88
673.84
681.61
689.16
696.50
703.60
710.45
717.04
723.35
729.38
735.12
740.55
745.66
750.45
754.90
759.01
762.77
766.18
769.22
771.89
774.19
776.12
777.66
778.82
779.59
779.98
604.54
613.67
622.72
631.68
640.54
649.27
657.87
666.31
674.58
682.67
690.56
698.24
705.69
712.90
719.86
726.55
732.96
739.08
744.90
750.42
755.61
760.47
764.99
769.16
772.98
776.43
779.52
782.23
784.57
786.52
788.09
789.26
790.05
790.44
612.42
621.71
630.93
640.05
649.06
657.94
666.68
675.27
683.68
691.90
699.92
707.73
715.30
722.62
729.69
736.49
743.00
749.22
755.14
760.74
766.01
770.94
775.53
779.77
783.65
787.15
790.29
793.05
795.42
797.40
798.99
800.18
800.98
801.38
620.63
630.09
639.47
648.76
657.93
666.97
675.86
684.59
693.15
701.51
709.67
717.60
725.30
732.74
739.93
746.84
753.46
759.78
765.79
771.47
776.83
781.84
786.51
790.81
794.75
798.31
801.50
804.30
806.70
808.72
810.33
811.55
812.36
812.76
629.13
638.77
648.33
657.78
667.12
676.32
685.37
694.26
702.96
711.47
719.76
727.83
735.66
743.23
750.53
757.56
764.29
770.71
776.82
782.60
788.04
793.14
797.88
802.25
806.25
809.87
813.11
815.95
818.40
820.45
822.09
823.32
824.14
824.55
637.92
647.74
657.47
667.10
676.60
685.97
695.19
704.23
713.09
721.74
730.18
738.39
746.35
754.05
761.48
768.62
775.46
781.99
788.20
794.08
799.61
804.79
809.61
814.06
818.13
821.81
825.10
827.99
830.47
832.55
834.22
835.47
836.31
836.73
646.96
656.96
666.88
676.68
686.36
695.90
705.28
714.48
723.50
732.31
740.89
749.24
757.34
765.17
772.73
779.99
786.95
793.59
799.91
805.89
811.51
816.78
821.68
826.20
830.33
834.08
837.42
840.36
842.89
845.00
846.70
847.97
848.82
849.25
656.22
666.42
676.52
686.51
696.36
706.08
715.62
724.99
734.17
743.13
751.87
760.36
768.60
776.57
784.26
791.65
798.73
805.48
811.91
817.99
823.71
829.06
834.05
838.64
842.85
846.66
850.06
853.05
855.62
857.77
859.49
860.79
861.65
862.08
665.69
676.08
686.37
696.54
706.58
716.47
726.19
735.73
745.07
754.19
763.08
771.73
780.11
788.22
796.04
803.56
810.76
817.63
824.17
830.35
836.17
841.62
846.69
851.36
855.64
859.51
862.97
866.01
868.63
870.81
872.57
873.89
874.76
875.20
675.35
685.93
696.41
706.77
717.00
727.07
736.96
746.67
756.18
765.46
774.51
783.31
791.84
800.09
808.04
815.69
823.02
830.01
836.66
842.95
848.87
854.41
859.57
864.33
868.68
872.62
876.14
879.23
881.89
884.11
885.90
887.24
888.13
888.58
685.16
695.94
706.62
717.17
727.58
737.83
747.90
757.79
767.46
776.91
786.12
795.07
803.75
812.15
820.24
828.02
835.48
842.59
849.35
855.75
861.78
867.42
872.66
877.50
881.93
885.94
889.52
892.66
895.37
897.63
899.45
900.81
901.72
902.18
695.11
706.09
716.96
727.70
738.30
748.74
758.99
769.05
778.90
788.52
797.89
807.00
815.83
824.37
832.61
840.52
848.11
855.35
862.23
868.74
874.87
880.60
885.94
890.87
895.37
899.45
903.09
906.29
909.05
911.35
913.20
914.59
915.51
915.97
705.17
716.35
727.42
738.36
749.15
759.77
770.21
780.45
790.47
800.25
809.79
819.05
828.04
836.73
845.11
853.17
860.88
868.25
875.25
881.87
888.11
893.95
899.38
904.39
908.97
913.12
916.83
920.09
922.89
925.23
927.11
928.52
929.47
929.94
715.32
726.70
737.97
749.11
760.09
770.90
781.52
791.94
802.14
812.09
821.79
831.22
840.37
849.21
857.73
865.93
873.78
881.27
888.39
895.13
901.48
907.42
912.94
918.04
922.71
926.93
930.70
934.02
936.87
939.26
941.17
942.61
943.57
944.04
725.54
737.13
748.60
759.93
771.11
782.11
792.91
803.51
813.88
824.01
833.88
843.48
852.78
861.77
870.45
878.78
886.77
894.39
901.64
908.49
914.95
921.00
926.62
931.81
936.55
940.85
944.69
948.06
950.97
953.39
955.34
956.80
957.78
958.27
735.81
747.61
759.28
770.81
782.17
793.37
804.36
815.14
825.69
835.99
846.03
855.79
865.25
874.40
883.22
891.70
899.83
907.58
914.95
921.93
928.50
934.65
940.37
945.65
950.48
954.85
958.76
962.20
965.15
967.62
969.60
971.09
972.08
972.58
746.11
758.11
769.98
781.71
793.27
804.66
815.84
826.80
837.53
848.01
858.22
868.14
877.76
887.07
896.04
904.67
912.93
920.82
928.32
935.42
942.10
948.36
954.18
959.55
964.47
968.92
972.90
976.39
979.40
981.91
983.93
985.45
986.46
986.96
756.42
768.62
780.70
792.62
804.38
815.96
827.33
838.47
849.38
860.04
870.42
880.51
890.29
899.76
908.88
917.66
926.06
934.09
941.71
948.93
955.73
962.10
968.02
973.49
978.49
983.02
987.07
990.63
993.69
996.25
998.30
999.84
1000.87
1001.39
766.72
779.12
791.40
803.53
815.48
827.24
838.80
850.14
861.23
872.06
882.61
892.87
902.82
912.44
921.72
930.64
939.19
947.35
955.11
962.46
969.37
975.85
981.88
987.44
992.53
997.14
1001.26
1004.88
1008.00
1010.60
1012.69
1014.26
1015.31
1015.83
776.98
789.60
802.07
814.40
826.55
838.50
850.25
861.77
873.04
884.05
894.78
905.21
915.32
925.10
934.54
943.61
952.30
960.60
968.49
975.96
983.00
989.59
995.72
1001.38
1006.56
1011.25
1015.44
1019.13
1022.30
1024.95
1027.08
1028.68
1029.74
1030.28
787.20
800.02
812.70
825.22
837.56
849.71
861.65
873.35
884.81
895.99
906.89
917.49
927.77
937.72
947.31
956.53
965.37
973.81
981.83
989.43
996.59
1003.29
1009.53
1015.29
1020.56
1025.33
1029.60
1033.35
1036.58
1039.28
1041.44
1043.07
1044.16
1044.70
797.36
810.38
823.25
835.97
848.51
860.85
872.98
884.87
896.50
907.87
918.94
929.71
940.16
950.26
960.01
969.39
978.37
986.95
995.11
1002.84
1010.12
1016.94
1023.28
1029.15
1034.51
1039.37
1043.71
1047.53
1050.81
1053.56
1055.77
1057.42
1058.53
1059.08
807.43
820.65
833.72
846.64
859.37
871.90
884.22
896.29
908.11
919.65
930.90
941.85
952.46
962.73
972.63
982.16
991.29
1000.02
1008.32
1016.17
1023.58
1030.51
1036.97
1042.93
1048.39
1053.33
1057.75
1061.64
1064.98
1067.78
1070.03
1071.71
1072.84
1073.40
817.40
830.82
844.09
857.20
870.13
882.85
895.35
907.61
919.61
931.33
942.76
953.87
964.65
975.08
985.15
994.83
1004.12
1012.98
1021.42
1029.41
1036.94
1043.99
1050.56
1056.62
1062.18
1067.21
1071.71
1075.66
1079.07
1081.92
1084.20
1085.92
1087.06
1087.64
827.25
840.87
854.34
867.64
880.76
893.67
906.36
918.80
930.98
942.88
954.49
965.77
976.72
987.32
997.54
1007.38
1016.81
1025.83
1034.40
1042.53
1050.18
1057.36
1064.04
1070.21
1075.86
1080.98
1085.55
1089.58
1093.05
1095.95
1098.27
1100.02
1101.19
1101.77
836.97
850.79
864.45
877.94
891.25
904.35
917.22
929.85
942.22
954.29
966.07
977.53
988.65
999.41
1009.80
1019.79
1029.37
1038.53
1047.25
1055.51
1063.29
1070.59
1077.38
1083.66
1089.41
1094.62
1099.28
1103.38
1106.90
1109.86
1112.22
1114.00
1115.19
1115.79
846.55
860.55
874.41
888.09
901.59
914.87
927.93
940.74
953.29
965.54
977.50
989.13
1000.41
1011.34
1021.89
1032.04
1041.78
1051.08
1059.94
1068.33
1076.25
1083.67
1090.58
1096.96
1102.81
1108.11
1112.85
1117.03
1120.62
1123.62
1126.03
1127.85
1129.06
1129.66
855.95
870.15
884.20
898.07
911.75
925.22
938.47
951.46
964.18
976.62
988.74
1000.54
1012.00
1023.09
1033.80
1044.11
1054.00
1063.46
1072.46
1080.99
1089.03
1096.58
1103.60
1110.10
1116.05
1121.44
1126.27
1130.51
1134.17
1137.23
1139.69
1141.53
1142.76
1143.38
865.18
879.57
893.80
907.86
921.73
935.38
948.81
961.98
974.88
987.49
999.79
1011.77
1023.39
1034.65
1045.52
1055.99
1066.03
1075.63
1084.78
1093.45
1101.63
1109.30
1116.44
1123.05
1129.10
1134.59
1139.50
1143.82
1147.54
1150.66
1153.16
1155.04
1156.29
1156.92
874.22
888.79
903.21
917.45
931.50
945.34
958.94
972.29
985.37
998.16
1010.63
1022.77
1034.57
1045.99
1057.02
1067.65
1077.85
1087.60
1096.89
1105.70
1114.01
1121.81
1129.07
1135.79
1141.95
1147.53
1152.53
1156.93
1160.72
1163.89
1166.43
1168.35
1169.62
1170.26
883.05
897.80
912.40
926.83
941.05
955.07
968.85
982.38
995.63
1008.59
1021.24
1033.55
1045.51
1057.10
1068.30
1079.08
1089.44
1099.34
1108.78
1117.73
1126.17
1134.10
1141.48
1148.31
1154.58
1160.26
1165.34
1169.82
1173.67
1176.90
1179.49
1181.44
1182.74
1183.39
891.66
906.59
921.37
935.97
950.37
964.57
978.52
992.23
1005.65
1018.79
1031.60
1044.08
1056.21
1067.96
1079.32
1090.26
1100.77
1110.83
1120.41
1129.50
1138.08
1146.14
1153.65
1160.59
1166.96
1172.74
1177.91
1182.47
1186.39
1189.68
1192.32
1194.30
1195.62
1196.28
900.03
915.14
930.09
944.86
959.45
973.81
987.94
1001.82
1015.41
1028.72
1041.70
1054.35
1066.65
1078.56
1090.08
1101.18
1111.85
1122.05
1131.78
1141.01
1149.73
1157.91
1165.55
1172.61
1179.09
1184.96
1190.22
1194.86
1198.85
1202.20
1204.88
1206.90
1208.25
1208.92
908.16
923.43
938.56
953.50
968.25
982.79
997.09
1011.13
1024.90
1038.37
1051.53
1064.34
1076.80
1088.88
1100.56
1111.82
1122.63
1132.99
1142.87
1152.24
1161.09
1169.41
1177.16
1184.34
1190.93
1196.90
1202.26
1206.97
1211.04
1214.44
1217.17
1219.23
1220.60
1221.29
916.02
931.46
946.75
961.87
976.79
991.49
1005.96
1020.17
1034.10
1047.74
1061.06
1074.04
1086.66
1098.90
1110.73
1122.15
1133.12
1143.63
1153.65
1163.16
1172.15
1180.60
1188.48
1195.78
1202.47
1208.55
1213.99
1218.79
1222.92
1226.39
1229.17
1231.26
1232.66
1233.36
923.61
939.22
954.67
969.95
985.03
999.89
1014.52
1028.90
1043.00
1056.79
1070.28
1083.42
1096.20
1108.60
1120.59
1132.16
1143.29
1153.94
1164.11
1173.77
1182.89
1191.47
1199.47
1206.89
1213.69
1219.87
1225.41
1230.28
1234.49
1238.02
1240.85
1242.98
1244.40
1245.11
930.92
946.68
962.29
977.73
992.97
1007.99
1022.78
1037.31
1051.57
1065.53
1079.17
1092.47
1105.41
1117.96
1130.11
1141.84
1153.11
1163.92
1174.23
1184.03
1193.29
1202.00
1210.12
1217.66
1224.57
1230.85
1236.48
1241.44
1245.72
1249.30
1252.18
1254.35
1255.80
1256.52
937.93
953.84
969.61
985.19
1000.59
1015.77
1030.71
1045.40
1059.81
1073.93
1087.72
1101.18
1114.27
1126.98
1139.29
1151.16
1162.58
1173.54
1183.99
1193.93
1203.33
1212.16
1220.41
1228.06
1235.09
1241.47
1247.19
1252.23
1256.58
1260.23
1263.16
1265.36
1266.83
1267.57
944.63
960.69
976.60
992.34
1007.88
1023.21
1038.30
1053.14
1067.71
1081.97
1095.92
1109.53
1122.77
1135.63
1148.09
1160.11
1171.68
1182.78
1193.37
1203.45
1212.98
1221.94
1230.32
1238.08
1245.22
1251.70
1257.51
1262.63
1267.06
1270.77
1273.74
1275.99
1277.48
1278.23
951.01
967.21
983.27
999.14
1014.83
1030.30
1045.54
1060.53
1075.24
1089.65
1103.75
1117.50
1130.89
1143.90
1156.50
1168.67
1180.39
1191.62
1202.36
1212.57
1222.23
1231.32
1239.82
1247.70
1254.94
1261.52
1267.42
1272.63
1277.12
1280.89
1283.92
1286.20
1287.72
1288.48
957.06
973.40
989.59
1005.60
1021.43
1037.04
1052.42
1067.54
1082.39
1096.95
1111.19
1125.09
1138.62
1151.77
1164.51
1176.82
1188.68
1200.05
1210.93
1221.27
1231.06
1240.28
1248.89
1256.88
1264.23
1270.91
1276.90
1282.19
1286.76
1290.58
1293.66
1295.98
1297.52
1298.30
962.78
979.24
995.56
1011.70
1027.66
1043.40
1058.91
1074.17
1089.16
1103.85
1118.23
1132.26
1145.94
1159.23
1172.11
1184.55
1196.54
1208.05
1219.06
1229.53
1239.45
1248.78
1257.51
1265.62
1273.07
1279.84
1285.93
1291.29
1295.93
1299.81
1302.94
1305.29
1306.86
1307.65
968.14
984.73
1001.16
1017.43
1033.51
1049.38
1065.02
1080.41
1095.53
1110.35
1124.85
1139.02
1152.83
1166.25
1179.26
1191.84
1203.96
1215.60
1226.73
1237.33
1247.37
1256.82
1265.67
1273.88
1281.43
1288.30
1294.47
1299.91
1304.61
1308.56
1311.73
1314.12
1315.71
1316.51
973.15
989.85
1006.40
1022.78
1038.98
1054.97
1070.73
1086.24
1101.47
1116.42
1131.05
1145.34
1159.27
1172.82
1185.96
1198.67
1210.91
1222.68
1233.93
1244.65
1254.81
1264.37
1273.33
1281.64
1289.29
1296.25
1302.50
1308.02
1312.79
1316.79
1320.01
1322.43
1324.05
1324.86
977.79
994.59
1011.25
1027.74
1044.05
1060.15
1076.02
1091.64
1107.00
1122.06
1136.81
1151.22
1165.27
1178.94
1192.19
1205.02
1217.39
1229.27
1240.64
1251.47
1261.74
1271.41
1280.47
1288.88
1296.63
1303.68
1310.01
1315.60
1320.43
1324.48
1327.75
1330.20
1331.84
1332.66
982.05
998.95
1015.71
1032.31
1048.71
1064.92
1080.89
1096.62
1112.08
1127.25
1142.11
1156.63
1170.79
1184.57
1197.94
1210.88
1223.36
1235.35
1246.83
1257.77
1268.14
1277.92
1287.08
1295.59
1303.42
1310.55
1316.96
1322.62
1327.51
1331.61
1334.92
1337.41
1339.07
1339.90
985.93
1002.93
1019.78
1036.46
1052.96
1069.26
1085.33
1101.16
1116.72
1131.99
1146.95
1161.57
1175.83
1189.72
1203.19
1216.23
1228.82
1240.91
1252.49
1263.54
1274.01
1283.88
1293.13
1301.73
1309.64
1316.85
1323.33
1329.06
1334.00
1338.16
1341.50
1344.02
1345.70
1346.54
989.42
1006.50
1023.43
1040.20
1056.79
1073.17
1089.33
1105.25
1120.89
1136.26
1151.31
1166.02
1180.38
1194.36
1207.93
1221.07
1233.74
1245.94
1257.61
1268.75
1279.31
1289.27
1298.61
1307.28
1315.28
1322.56
1329.10
1334.89
1339.89
1344.09
1347.46
1350.01
1351.71
1352.56
992.52
1009.67
1026.67
1043.52
1060.18
1076.64
1092.88
1108.87
1124.60
1140.04
1155.18
1169.98
1184.42
1198.49
1212.14
1225.37
1238.13
1250.41
1262.17
1273.39
1284.03
1294.08
1303.49
1312.24
1320.30
1327.65
1334.25
1340.09
1345.14
1349.38
1352.79
1355.36
1357.08
1357.94
995.22
1012.43
1029.50
1046.41
1063.13
1079.66
1095.97
1112.03
1127.83
1143.35
1158.55
1173.43
1187.95
1202.08
1215.82
1229.12
1241.96
1254.31
1266.15
1277.44
1288.16
1298.27
1307.75
1316.57
1324.70
1332.10
1338.76
1344.65
1349.74
1354.01
1357.45
1360.05
1361.78
1362.65
997.50
1014.77
1031.89
1048.86
1065.64
1082.23
1098.60
1114.72
1130.58
1146.16
1161.42
1176.36
1190.95
1205.15
1218.95
1232.31
1245.22
1257.64
1269.54
1280.90
1291.68
1301.85
1311.39
1320.27
1328.45
1335.90
1342.61
1348.54
1353.66
1357.97
1361.44
1364.05
1365.80
1366.67
999.38
1016.69
1033.86
1050.87
1067.71
1084.34
1100.75
1116.93
1132.84
1148.46
1163.78
1178.77
1193.41
1207.67
1221.52
1234.94
1247.90
1260.37
1272.33
1283.74
1294.57
1304.80
1314.39
1323.31
1331.54
1339.03
1345.78
1351.74
1356.90
1361.23
1364.72
1367.35
1369.11
1369.99
1000.85
1018.19
1035.40
1052.44
1069.31
1085.98
1102.43
1118.65
1134.60
1150.26
1165.62
1180.66
1195.33
1209.63
1223.53
1236.99
1249.99
1262.51
1274.51
1285.96
1296.84
1307.10
1316.73
1325.69
1333.95
1341.48
1348.26
1354.25
1359.43
1363.79
1367.29
1369.93
1371.70
1372.58
1001.90
1019.26
1036.50
1053.57
1070.46
1087.16
1103.64
1119.88
1135.86
1151.55
1166.94
1182.00
1196.71
1211.04
1224.97
1238.46
1251.49
1264.04
1276.07
1287.55
1298.46
1308.76
1318.41
1327.40
1335.69
1343.24
1350.04
1356.05
1361.25
1365.62
1369.14
1371.79
1373.56
1374.45
1002.52
1019.91
1037.16
1054.24
1071.15
1087.87
1104.36
1120.62
1136.61
1152.33
1167.73
1182.81
1197.54
1211.89
1225.83
1239.34
1252.40
1264.96
1277.01
1288.51
1299.43
1309.75
1319.42
1328.43
1336.73
1344.30
1351.11
1357.13
1362.34
1366.72
1370.25
1372.90
1374.68
1375.57
1002.73
1020.12
1037.37
1054.47
1071.38
1088.10
1104.60
1120.86
1136.87
1152.58
1168.00
1183.08
1197.81
1212.17
1226.12
1239.64
1252.70
1265.27
1277.32
1288.83
1299.76
1310.08
1319.76
1328.77
1337.07
1344.65
1351.46
1357.49
1362.71
1367.09
1370.61
1373.27
1375.05
1375.94
1002.52
1019.91
1037.15
1054.24
1071.15
1087.87
1104.36
1120.62
1136.61
1152.32
1167.73
1182.81
1197.54
1211.88
1225.83
1239.34
1252.39
1264.96
1277.01
1288.51
1299.43
1309.75
1319.42
1328.42
1336.72
1344.29
1351.10
1357.13
1362.34
1366.72
1370.24
1372.90
1374.68
1375.56
1001.89
1019.26
1036.49
1053.56
1070.46
1087.16
1103.64
1119.87
1135.85
1151.55
1166.94
1182.00
1196.71
1211.04
1224.96
1238.45
1251.49
1264.04
1276.07
1287.55
1298.45
1308.75
1318.41
1327.39
1335.68
1343.23
1350.03
1356.04
1361.24
1365.61
1369.13
1371.78
1373.55
1374.44
1000.84
1018.19
1035.39
1052.44
1069.31
1085.98
1102.43
1118.64
1134.59
1150.26
1165.62
1180.65
1195.33
1209.63
1223.52
1236.98
1249.99
1262.50
1274.50
1285.95
1296.83
1307.10
1316.73
1325.68
1333.94
1341.48
1348.25
1354.24
1359.42
1363.78
1367.28
1369.93
1371.69
1372.57
999.38
1016.69
1033.86
1050.87
1067.70
1084.33
1100.75
1116.92
1132.83
1148.46
1163.78
1178.77
1193.40
1207.66
1221.51
1234.93
1247.89
1260.36
1272.32
1283.73
1294.56
1304.79
1314.38
1323.30
1331.53
1339.02
1345.77
1351.73
1356.89
1361.22
1364.71
1367.34
1369.10
1369.97
997.50
1014.76
1031.89
1048.85
1065.64
1082.22
1098.59
1114.71
1130.57
1146.15
1161.41
1176.35
1190.93
1205.14
1218.93
1232.30
1245.21
1257.62
1269.53
1280.88
1291.66
1301.84
1311.38
1320.25
1328.43
1335.89
1342.59
1348.52
1353.65
1357.96
1361.42
1364.04
1365.78
1366.65
995.21
1012.42
1029.49
1046.40
1063.12
1079.65
1095.96
1112.02
1127.82
1143.34
1158.54
1173.42
1187.93
1202.07
1215.80
1229.10
1241.94
1254.30
1266.13
1277.43
1288.14
1298.26
1307.74
1316.56
1324.68
1332.09
1338.74
1344.63
1349.72
1354.00
1357.44
1360.03
1361.76
1362.63
992.51
1009.66
1026.66
1043.51
1060.17
1076.63
1092.87
1108.86
1124.59
1140.03
1155.16
1169.96
1184.41
1198.47
1212.13
1225.35
1238.11
1250.39
1262.15
1273.37
1284.01
1294.06
1303.47
1312.22
1320.28
1327.63
1334.23
1340.07
1345.12
1349.36
1352.77
1355.34
1357.06
1357.92
989.41
1006.49
1023.42
1040.19
1056.77
1073.16
1089.32
1105.23
1120.88
1136.24
1151.29
1166.01
1180.36
1194.34
1207.91
1221.05
1233.73
1245.92
1257.59
1268.73
1279.29
1289.25
1298.59
1307.26
1315.26
1322.54
1329.08
1334.86
1339.87
1344.06
1347.44
1349.99
1351.69
1352.54
985.92
1002.91
1019.76
1036.45
1052.95
1069.24
1085.32
1101.14
1116.70
1131.97
1146.93
1161.55
1175.82
1189.70
1203.17
1216.21
1228.80
1240.89
1252.47
1263.51
1273.99
1283.86
1293.11
1301.70
1309.62
1316.83
1323.31
1329.03
1333.98
1338.13
1341.47
1343.99
1345.67
1346.51
982.04
998.94
1015.70
1032.29
1048.70
1064.90
1080.88
1096.60
1112.06
1127.23
1142.09
1156.61
1170.77
1184.55
1197.92
1210.86
1223.34
1235.33
1246.81
1257.75
1268.12
1277.90
1287.05
1295.56
1303.39
1310.53
1316.93
1322.59
1327.48
1331.59
1334.89
1337.38
1339.04
1339.87
977.77
994.58
1011.23
1027.73
1044.03
1060.13
1076.00
1091.62
1106.98
1122.04
1136.79
1151.20
1165.25
1178.91
1192.17
1204.99
1217.36
1229.24
1240.61
1251.44
1261.71
1271.39
1280.44
1288.86
1296.60
1303.65
1309.98
1315.57
1320.40
1324.46
1327.72
1330.17
1331.81
1332.63
973.13
989.83
1006.38
1022.76
1038.96
1054.95
1070.71
1086.22
1101.45
1116.40
1131.03
1145.32
1159.25
1172.80
1185.94
1198.64
1210.89
1222.65
1233.90
1244.62
1254.78
1264.34
1273.30
1281.61
1289.26
1296.22
1302.47
1307.99
1312.76
1316.76
1319.98
1322.40
1324.02
1324.83
968.12
984.71
1001.14
1017.41
1033.49
1049.36
1065.00
1080.39
1095.50
1110.32
1124.83
1138.99
1152.80
1166.22
1179.23
1191.81
1203.93
1215.57
1226.70
1237.30
1247.34
1256.79
1265.64
1273.85
1281.40
1288.27
1294.43
1299.88
1304.58
1308.52
1311.70
1314.08
1315.68
1316.48
962.76
979.22
995.54
1011.68
1027.63
1043.38
1058.89
1074.15
1089.14
1103.83
1118.20
1132.24
1145.91
1159.20
1172.08
1184.52
1196.51
1208.02
1219.03
1229.50
1239.41
1248.75
1257.48
1265.58
1273.03
1279.81
1285.89
1291.26
1295.89
1299.78
1302.90
1305.26
1306.83
1307.61
957.04
973.38
989.56
1005.58
1021.40
1037.01
1052.39
1067.52
1082.37
1096.92
1111.16
1125.06
1138.59
1151.74
1164.48
1176.79
1188.65
1200.02
1210.89
1221.24
1231.03
1240.24
1248.86
1256.85
1264.19
1270.87
1276.87
1282.15
1286.72
1290.55
1293.62
1295.94
1297.49
1298.26
950.99
967.19
983.24
999.12
1014.80
1030.28
1045.52
1060.50
1075.21
1089.62
1103.72
1117.47
1130.86
1143.87
1156.47
1168.64
1180.35
1191.59
1202.32
1212.53
1222.20
1231.29
1239.78
1247.66
1254.90
1261.48
1267.38
1272.59
1277.08
1280.85
1283.88
1286.16
1287.68
1288.44
944.60
960.67
976.57
992.31
1007.85
1023.18
1038.27
1053.11
1067.68
1081.94
1095.89
1109.50
1122.74
1135.60
1148.05
1160.08
1171.65
1182.74
1193.34
1203.41
1212.94
1221.91
1230.28
1238.04
1245.18
1251.66
1257.47
1262.59
1267.02
1270.72
1273.70
1275.94
1277.44
1278.19
937.90
953.82
969.58
985.17
1000.56
1015.74
1030.68
1045.37
1059.78
1073.90
1087.69
1101.15
1114.24
1126.95
1139.25
1151.12
1162.55
1173.50
1183.95
1193.89
1203.29
1212.12
1220.37
1228.02
1235.04
1241.42
1247.14
1252.19
1256.54
1260.18
1263.11
1265.32
1266.79
1267.53
930.89
946.65
962.26
977.70
992.94
1007.96
1022.75
1037.28
1051.54
1065.50
1079.14
1092.43
1105.37
1117.93
1130.08
1141.80
1153.07
1163.88
1174.19
1183.99
1193.25
1201.95
1210.08
1217.61
1224.53
1230.81
1236.43
1241.39
1245.67
1249.26
1252.14
1254.31
1255.75
1256.47
923.58
939.19
954.64
969.92
985.00
999.86
1014.49
1028.86
1042.96
1056.76
1070.24
1083.38
1096.16
1108.56
1120.55
1132.12
1143.25
1153.90
1164.07
1173.73
1182.85
1191.43
1199.43
1206.84
1213.65
1219.82
1225.36
1230.24
1234.45
1237.97
1240.80
1242.93
1244.35
1245.06
915.99
931.43
946.72
961.84
976.75
991.46
1005.92
1020.13
1034.07
1047.70
1061.02
1074.00
1086.62
1098.86
1110.69
1122.11
1133.08
1143.58
1153.61
1163.12
1172.11
1180.55
1188.43
1195.73
1202.42
1208.50
1213.94
1218.74
1222.88
1226.34
1229.12
1231.21
1232.61
1233.31
908.13
923.40
938.52
953.47
968.22
982.76
997.06
1011.10
1024.87
1038.34
1051.49
1064.30
1076.76
1088.84
1100.52
1111.77
1122.59
1132.95
1142.82
1152.20
1161.05
1169.36
1177.12
1184.29
1190.88
1196.86
1202.21
1206.92
1210.99
1214.39
1217.12
1219.18
1220.55
1221.24
900.00
915.11
930.06
944.83
959.41
973.78
987.91
1001.78
1015.38
1028.68
1041.66
1054.31
1066.61
1078.52
1090.04
1101.14
1111.80
1122.01
1131.74
1140.97
1149.68
1157.87
1165.50
1172.56
1179.04
1184.91
1190.17
1194.81
1198.80
1202.15
1204.83
1206.85
1208.20
1208.87
891.63
906.56
921.33
935.93
950.34
964.53
978.49
992.19
1005.61
1018.75
1031.56
1044.04
1056.17
1067.92
1079.28
1090.22
1100.73
1110.78
1120.36
1129.45
1138.03
1146.09
1153.60
1160.54
1166.91
1172.69
1177.86
1182.41
1186.34
1189.62
1192.26
1194.25
1195.57
1196.23
883.02
897.77
912.37
926.79
941.02
955.03
968.81
982.34
995.59
1008.55
1021.20
1033.51
1045.47
1057.06
1068.25
1079.04
1089.39
1099.29
1108.73
1117.68
1126.12
1134.05
1141.43
1148.26
1154.53
1160.21
1165.29
1169.76
1173.62
1176.85
1179.44
1181.39
1182.69
1183.34
874.19
888.76
903.17
917.41
931.46
945.30
958.90
972.25
985.33
998.11
1010.59
1022.73
1034.52
1045.94
1056.98
1067.60
1077.80
1087.55
1096.84
1105.65
1113.96
1121.76
1129.02
1135.74
1141.90
1147.48
1152.48
1156.87
1160.66
1163.83
1166.38
1168.29
1169.57
1170.21
865.15
879.53
893.76
907.82
921.69
935.34
948.77
961.94
974.84
987.45
999.75
1011.72
1023.34
1034.60
1045.47
1055.94
1065.98
1075.58
1084.73
1093.40
1101.58
1109.24
1116.39
1123.00
1129.05
1134.54
1139.45
1143.77
1147.49
1150.60
1153.10
1154.98
1156.23
1156.86
855.92
870.11
884.16
898.03
911.71
925.18
938.42
951.42
964.14
976.57
988.70
1000.50
1011.95
1023.04
1033.75
1044.06
1053.95
1063.40
1072.41
1080.94
1088.98
1096.52
1103.55
1110.04
1115.99
1121.39
1126.21
1130.46
1134.11
1137.17
1139.63
1141.47
1142.70
1143.32
846.51
860.51
874.37
888.05
901.55
914.83
927.89
940.70
953.24
965.50
977.45
989.08
1000.36
1011.29
1021.84
1031.99
1041.72
1051.03
1059.89
1068.28
1076.20
1083.61
1090.52
1096.91
1102.76
1108.06
1112.80
1116.97
1120.56
1123.56
1125.98
1127.79
1129.00
1129.60
836.94
850.75
864.41
877.90
891.21
904.31
917.18
929.81
942.17
954.25
966.02
977.48
988.60
999.36
1009.74
1019.74
1029.32
1038.48
1047.20
1055.45
1063.24
1070.53
1077.33
1083.60
1089.35
1094.56
1099.22
1103.32
1106.84
1109.80
1112.16
1113.94
1115.13
1115.73
827.21
840.83
854.30
867.60
880.72
893.63
906.31
918.76
930.94
942.84
954.44
965.72
976.67
987.27
997.49
1007.33
1016.76
1025.77
1034.35
1042.47
1050.13
1057.30
1063.98
1070.15
1075.80
1080.92
1085.50
1089.52
1092.99
1095.89
1098.21
1099.96
1101.13
1101.71
817.36
830.78
844.05
857.16
870.08
882.80
895.30
907.56
919.56
931.28
942.71
953.82
964.60
975.03
985.10
994.78
1004.06
1012.93
1021.36
1029.35
1036.88
1043.93
1050.50
1056.57
1062.12
1067.15
1071.65
1075.60
1079.01
1081.85
1084.14
1085.86
1087.00
1087.57
807.39
820.61
833.68
846.59
859.33
871.86
884.17
896.24
908.06
919.60
930.85
941.79
952.41
962.67
972.58
982.11
991.24
999.96
1008.26
1016.12
1023.52
1030.45
1036.91
1042.87
1048.33
1053.27
1057.69
1061.58
1064.92
1067.72
1069.96
1071.65
1072.78
1073.34
797.32
810.33
823.21
835.93
848.46
860.80
872.93
884.82
896.45
907.82
918.89
929.66
940.11
950.21
959.96
969.33
978.32
986.90
995.06
1002.78
1010.06
1016.88
1023.22
1029.08
1034.45
1039.31
1043.65
1047.46
1050.75
1053.50
1055.70
1057.36
1058.47
1059.02
787.16
799.98
812.65
825.17
837.52
849.66
861.60
873.30
884.76
895.94
906.84
917.44
927.72
937.66
947.25
956.47
965.31
973.75
981.77
989.37
996.53
1003.23
1009.47
1015.23
1020.50
1025.27
1029.54
1033.29
1036.52
1039.22
1041.38
1043.01
1044.09
1044.64
776.94
789.55
802.03
814.35
826.50
838.46
850.20
861.72
872.99
884.00
894.72
905.15
915.27
925.05
934.48
943.55
952.24
960.54
968.43
975.90
982.94
989.53
995.66
1001.32
1006.50
1011.19
1015.38
1019.06
1022.23
1024.89
1027.01
1028.61
1029.68
1030.21
766.67
779.08
791.36
803.48
815.43
827.20
838.75
850.09
861.18
872.01
882.56
892.82
902.77
912.39
921.66
930.59
939.13
947.29
955.05
962.40
969.31
975.79
981.81
987.38
992.47
997.07
1001.19
1004.81
1007.93
1010.53
1012.62
1014.19
1015.24
1015.77
756.37
768.58
780.65
792.58
804.33
815.91
827.27
838.42
849.33
859.98
870.36
880.45
890.24
899.70
908.83
917.60
926.00
934.03
941.65
948.87
955.67
962.04
967.96
973.43
978.43
982.96
987.00
990.56
993.62
996.18
998.23
999.78
1000.80
1001.32
746.07
758.06
769.94
781.66
793.22
804.61
815.79
826.75
837.48
847.95
858.16
868.09
877.71
887.01
895.98
904.61
912.87
920.76
928.26
935.36
942.04
948.30
954.11
959.49
964.40
968.85
972.83
976.32
979.33
981.85
983.86
985.38
986.39
986.89
735.77
747.56
759.23
770.76
782.13
793.31
804.31
815.09
825.64
835.94
845.98
855.73
865.19
874.34
883.16
891.64
899.77
907.52
914.89
921.87
928.44
934.58
940.30
945.58
950.41
954.79
958.69
962.13
965.08
967.55
969.53
971.02
972.02
972.51
725.49
737.08
748.55
759.88
771.06
782.06
792.86
803.46
813.83
823.96
833.83
843.42
852.72
861.71
870.38
878.72
886.71
894.33
901.57
908.43
914.89
920.93
926.55
931.74
936.49
940.78
944.62
947.99
950.90
953.33
955.27
956.73
957.71
958.20
715.27
726.66
737.93
749.06
760.04
770.85
781.47
791.89
802.08
812.04
821.74
831.16
840.31
849.15
857.67
865.87
873.72
881.21
888.33
895.07
901.41
907.35
912.88
917.98
922.64
926.86
930.63
933.95
936.80
939.19
941.10
942.54
943.49
943.97
705.12
716.30
727.37
738.31
749.10
759.72
770.16
780.39
790.41
800.19
809.73
819.00
827.98
836.67
845.05
853.11
860.82
868.18
875.18
881.81
888.04
893.88
899.31
904.32
908.90
913.05
916.76
920.02
922.82
925.16
927.04
928.45
929.40
929.87
695.06
706.04
716.91
727.65
738.25
748.69
758.94
769.00
778.84
788.46
797.83
806.94
815.77
824.31
832.54
840.46
848.04
855.28
862.16
868.67
874.80
880.54
885.87
890.80
895.30
899.38
903.02
906.22
908.98
911.28
913.13
914.51
915.44
915.90
685.11
695.89
706.57
717.12
727.53
737.78
747.85
757.73
767.41
776.85
786.06
795.01
803.69
812.09
820.18
827.96
835.41
842.53
849.29
855.69
861.71
867.35
872.59
877.43
881.86
885.87
889.45
892.59
895.30
897.56
899.38
900.74
901.65
902.11
675.30
685.88
696.36
706.72
716.94
727.01
736.91
746.62
756.12
765.40
774.45
783.25
791.78
800.03
807.98
815.63
822.95
829.95
836.59
842.88
848.80
854.34
859.50
864.26
868.61
872.55
876.06
879.16
881.82
884.04
885.82
887.16
888.06
888.51
665.65
676.03
686.32
696.49
706.53
716.42
726.14
735.68
745.01
754.13
763.02
771.67
780.05
788.16
795.98
803.49
810.69
817.57
824.10
830.28
836.10
841.55
846.62
851.29
855.57
859.44
862.90
865.94
868.56
870.74
872.50
873.81
874.69
875.13
656.17
666.37
676.47
686.45
696.31
706.02
715.57
724.94
734.11
743.07
751.81
760.30
768.54
776.51
784.20
791.58
798.66
805.42
811.84
817.92
823.64
828.99
833.98
838.57
842.78
846.59
849.99
852.97
855.55
857.69
859.42
860.71
861.58
862.01
646.91
656.91
666.83
676.63
686.31
695.85
705.22
714.43
723.44
732.25
740.83
749.18
757.28
765.11
772.66
779.93
786.89
793.53
799.84
805.82
811.44
816.71
821.61
826.13
830.26
834.01
837.35
840.29
842.82
844.93
846.63
847.90
848.75
849.17
637.87
647.69
657.42
667.05
676.55
685.92
695.13
704.17
713.03
721.68
730.12
738.32
746.28
753.98
761.41
768.55
775.39
781.93
788.13
794.01
799.54
804.72
809.54
813.99
818.05
821.73
825.02
827.91
830.40
832.48
834.15
835.40
836.23
836.65
629.08
638.72
648.28
657.73
667.06
676.26
685.31
694.20
702.90
711.41
719.70
727.77
735.59
743.16
750.47
757.49
764.22
770.64
776.75
782.53
787.97
793.07
797.80
802.18
806.18
809.80
813.04
815.88
818.33
820.37
822.01
823.24
824.07
824.48
620.58
630.04
639.42
648.70
657.87
666.91
675.80
684.54
693.09
701.45
709.61
717.54
725.23
732.68
739.86
746.77
753.39
759.71
765.72
771.40
776.76
781.77
786.43
790.74
794.68
798.24
801.42
804.22
806.63
808.64
810.26
811.47
812.28
812.68
612.37
621.66
630.87
639.99
649.00
657.89
666.63
675.21
683.62
691.84
699.86
707.66
715.23
722.56
729.63
736.42
742.94
749.16
755.07
760.66
765.94
770.87
775.46
779.70
783.57
787.08
790.21
792.97
795.34
797.32
798.91
800.11
800.90
801.30
604.49
613.61
622.67
631.63
640.48
649.21
657.81
666.25
674.52
682.61
690.50
698.17
705.62
712.83
719.79
726.48
732.89
739.01
744.83
750.34
755.53
760.39
764.91
769.08
772.90
776.36
779.44
782.16
784.49
786.44
788.01
789.19
789.97
790.36
596.96
605.93
614.82
623.63
632.34
640.92
649.38
657.68
665.82
673.78
681.54
689.10
696.43
703.53
710.38
716.97
723.28
729.31
735.05
740.47
745.59
750.37
754.83
758.94
762.70
766.10
769.14
771.82
774.12
776.04
777.58
778.74
779.52
779.90
589.80
598.62
607.36
616.03
624.59
633.04
641.36
649.53
657.55
665.38
673.03
680.47
687.69
694.68
701.43
707.92
714.14
720.09
725.74
731.09
736.12
740.84
745.23
749.28
752.99
756.35
759.35
761.98
764.25
766.15
767.67
768.81
769.57
769.95
583.04
591.71
600.32
608.84
617.27
625.59
633.78
641.83
649.73
657.44
664.98
672.31
679.43
686.32
692.97
699.37
705.50
711.36
716.93
722.21
727.18
731.83
736.16
740.16
743.81
747.12
750.08
752.68
754.92
756.79
758.29
759.42
760.17
760.55
576.70
585.24
593.71
602.10
610.41
618.60
626.67
634.61
642.39
649.99
657.42
664.65
671.67
678.47
685.03
691.34
697.39
703.17
708.67
713.88
718.78
723.37
727.65
731.59
735.20
738.47
741.39
743.95
746.16
748.01
749.49
750.60
751.35
751.72
570.80
579.21
587.56
595.83
604.02
612.10
620.06
627.88
635.55
643.06
650.39
657.52
664.45
671.16
677.63
683.87
689.84
695.55
700.98
706.12
710.96
715.50
719.72
723.61
727.18
730.41
733.29
735.83
738.01
739.83
741.29
742.39
743.13
743.49
565.36
573.65
581.89
590.05
598.13
606.10
613.95
621.68
629.25
636.66
643.90
650.95
657.79
664.42
670.81
676.97
682.87
688.51
693.88
698.96
703.75
708.23
712.40
716.25
719.78
722.97
725.82
728.33
730.48
732.29
733.73
734.82
735.55
735.91
