517.03
525.44
533.85
542.24
550.59
558.89
567.11
575.23
583.23
591.11
598.82
606.37
613.74
620.89
627.82
634.52
640.96
647.13
653.02
658.60
663.88
668.83
673.45
677.72
681.64
685.19
688.37
691.17
693.58
695.59
697.21
698.43
699.24
699.65
523.45
532.04
540.63
549.20
557.72
566.18
574.56
582.84
591.00
599.03
606.89
614.58
622.08
629.36
636.42
643.23
649.79
656.07
662.05
667.74
673.11
678.14
682.84
687.18
691.17
694.78
698.01
700.85
703.30
705.35
706.99
708.23
709.06
709.47
530.41
539.20
547.98
556.73
565.44
574.08
582.64
591.09
599.42
607.60
615.62
623.46
631.10
638.53
645.72
652.66
659.34
665.74
671.83
677.62
683.09
688.22
693.00
697.42
701.47
705.14
708.43
711.33
713.82
715.90
717.58
718.83
719.67
720.09
537.89
546.88
555.87
564.82
573.73
582.56
591.30
599.94
608.44
616.80
624.98
632.99
640.78
648.36
655.69
662.77
669.58
676.10
682.31
688.21
693.78
699.01
703.88
708.38
712.51
716.25
719.60
722.55
725.09
727.21
728.91
730.19
731.05
731.48
545.85
555.07
564.27
573.43
582.55
591.58
600.52
609.35
618.04
626.58
634.94
643.11
651.08
658.81
666.29
673.52
680.46
687.11
693.45
699.47
705.15
710.48
715.44
720.03
724.24
728.06
731.47
734.47
737.06
739.22
740.96
742.27
743.14
743.57
554.28
563.73
573.15
582.54
591.87
601.12
610.27
619.30
628.18
636.91
645.46
653.81
661.94
669.84
677.49
684.86
691.95
698.74
705.21
711.35
717.14
722.58
727.65
732.33
736.62
740.52
744.00
747.06
749.70
751.90
753.67
755.01
755.90
756.34
563.15
572.83
582.49
592.11
601.67
611.14
620.50
629.74
638.83
647.76
656.50
665.04
673.35
681.42
689.23
696.76
704.01
710.94
717.55
723.81
729.73
735.28
740.45
745.23
749.61
753.58
757.13
760.26
762.95
765.20
767.01
768.37
769.27
769.73
572.41
582.35
592.25
602.11
611.90
621.60
631.19
640.64
649.95
659.08
668.02
676.75
685.25
693.50
701.48
709.18
716.58
723.66
730.41
736.82
742.86
748.52
753.80
758.69
763.16
767.21
770.84
774.03
776.77
779.07
780.92
782.30
783.23
783.69
582.06
592.25
602.41
612.51
622.54
632.48
642.30
651.98
661.50
670.85
679.99
688.92
697.61
706.05
714.21
722.08
729.64
736.88
743.78
750.32
756.49
762.28
767.67
772.65
777.22
781.36
785.07
788.32
791.13
793.48
795.36
796.78
797.72
798.19
592.05
602.50
612.92
623.28
633.56
643.74
653.79
663.71
673.45
683.02
692.38
701.51
710.40
719.03
727.37
735.42
743.14
750.54
757.59
764.27
770.58
776.49
782.00
787.10
791.76
795.99
799.77
803.10
805.97
808.36
810.29
811.73
812.70
813.18
602.36
613.09
623.77
634.38
644.92
655.34
665.64
675.79
685.77
695.56
705.13
714.48
723.57
732.39
740.92
749.15
757.05
764.61
771.81
778.65
785.09
791.13
796.76
801.97
806.73
811.06
814.92
818.32
821.25
823.70
825.66
827.14
828.13
828.62
612.97
623.96
634.91
645.79
656.58
667.26
677.81
688.20
698.41
708.43
718.23
727.79
737.09
746.11
754.83
763.24
771.32
779.05
786.41
793.39
799.98
806.16
811.91
817.23
822.10
826.52
830.46
833.94
836.93
839.43
841.44
842.95
843.96
844.46
623.83
635.11
646.33
657.48
668.53
679.47
690.27
700.90
711.36
721.60
731.63
741.40
750.91
760.14
769.06
777.66
785.92
793.82
801.34
808.48
815.21
821.52
827.40
832.84
837.82
842.33
846.37
849.92
852.97
855.53
857.58
859.12
860.15
860.67
634.93
646.49
657.99
669.41
680.73
691.93
702.98
713.86
724.56
735.04
745.29
755.29
765.02
774.45
783.57
792.36
800.81
808.88
816.57
823.87
830.75
837.20
843.21
848.76
853.85
858.46
862.59
866.21
869.34
871.95
874.05
875.63
876.68
877.20
646.24
658.08
669.86
681.55
693.14
704.60
715.91
727.05
737.99
748.71
759.20
769.42
779.37
789.01
798.34
807.32
815.95
824.20
832.07
839.52
846.55
853.14
859.29
864.96
870.16
874.88
879.09
882.80
885.99
888.66
890.81
892.42
893.49
894.03
657.73
669.85
681.91
693.88
705.74
717.47
729.04
740.43
751.62
762.59
773.31
783.76
793.92
803.78
813.31
822.50
831.31
839.75
847.78
855.40
862.59
869.33
875.60
881.40
886.72
891.53
895.84
899.63
902.89
905.62
907.82
909.46
910.56
911.11
669.36
681.78
694.12
706.37
718.51
730.50
742.33
753.98
765.42
776.63
787.59
798.27
808.66
818.73
828.47
837.85
846.87
855.49
863.70
871.48
878.82
885.71
892.12
898.05
903.48
908.40
912.81
916.68
920.01
922.80
925.04
926.73
927.85
928.41
681.13
693.83
706.46
718.99
731.40
743.66
755.76
767.66
779.36
790.81
802.01
812.92
823.54
833.83
843.78
853.37
862.57
871.38
879.77
887.72
895.23
902.26
908.81
914.87
920.42
925.45
929.95
933.91
937.32
940.17
942.46
944.18
945.33
945.90
693.00
705.99
718.90
731.71
744.39
756.93
769.29
781.46
793.40
805.10
816.54
827.69
838.53
849.05
859.21
869.00
878.41
887.40
895.97
904.10
911.76
918.95
925.65
931.84
937.51
942.65
947.25
951.29
954.78
957.69
960.03
961.79
962.96
963.55
704.94
718.22
731.42
744.51
757.47
770.27
782.90
795.33
807.53
819.48
831.16
842.55
853.62
864.35
874.73
884.73
894.34
903.53
912.28
920.58
928.41
935.75
942.59
948.92
954.71
959.97
964.67
968.80
972.36
975.34
977.73
979.53
980.73
981.33
716.93
730.50
743.98
757.36
770.59
783.67
796.56
809.25
821.71
833.91
845.83
857.46
868.76
879.72
890.32
900.53
910.34
919.72
928.66
937.13
945.13
952.63
959.62
966.08
972.01
977.37
982.18
986.40
990.04
993.09
995.53
997.37
998.60
999.21
728.96
742.81
756.58
770.23
783.74
797.09
810.25
823.20
835.91
848.36
860.53
872.40
883.94
895.12
905.94
916.36
926.37
935.95
945.08
953.74
961.90
969.57
976.71
983.31
989.36
994.84
999.75
1004.07
1007.79
1010.91
1013.41
1015.28
1016.54
1017.17
740.98
755.13
769.18
783.11
796.90
810.52
823.94
837.15
850.12
862.82
875.24
887.34
899.12
910.53
921.57
932.21
942.43
952.20
961.52
970.36
978.70
986.53
993.82
1000.57
1006.75
1012.36
1017.37
1021.79
1025.59
1028.77
1031.33
1033.25
1034.53
1035.17
752.99
767.42
781.75
795.96
810.03
823.92
837.61
851.08
864.30
877.26
889.92
902.27
914.28
925.92
937.18
948.04
958.47
968.45
977.96
986.98
995.50
1003.49
1010.94
1017.84
1024.15
1029.88
1035.01
1039.52
1043.41
1046.67
1049.28
1051.24
1052.55
1053.21
764.96
779.68
794.29
808.78
823.11
837.27
851.23
864.96
878.44
891.65
904.56
917.15
929.40
941.27
952.76
963.83
974.47
984.66
994.37
1003.58
1012.28
1020.44
1028.05
1035.09
1041.55
1047.40
1052.64
1057.26
1061.23
1064.56
1067.23
1069.24
1070.58
1071.25
776.87
791.87
806.76
821.52
836.13
850.55
864.78
878.77
892.51
905.97
919.13
931.96
944.45
956.56
968.27
979.57
990.42
1000.81
1010.72
1020.13
1029.00
1037.34
1045.11
1052.31
1058.91
1064.89
1070.25
1074.97
1079.03
1082.44
1085.17
1087.23
1088.60
1089.29
788.70
803.97
819.14
834.18
849.05
863.75
878.23
892.49
906.48
920.20
933.61
946.68
959.41
971.75
983.69
995.21
1006.29
1016.89
1027.00
1036.60
1045.67
1054.18
1062.12
1069.47
1076.21
1082.33
1087.81
1092.64
1096.80
1100.28
1103.08
1105.18
1106.59
1107.29
800.43
815.98
831.42
846.72
861.87
876.83
891.58
906.09
920.34
934.31
947.97
961.29
974.25
986.84
999.01
1010.76
1022.05
1032.86
1043.18
1052.98
1062.24
1070.93
1079.05
1086.56
1093.45
1099.71
1105.31
1110.25
1114.50
1118.07
1120.93
1123.08
1124.52
1125.24
812.03
827.85
843.57
859.14
874.55
889.78
904.79
919.56
934.07
948.29
962.19
975.76
988.97
1001.79
1014.20
1026.17
1037.68
1048.72
1059.25
1069.25
1078.70
1087.58
1095.87
1103.55
1110.60
1116.99
1122.73
1127.78
1132.14
1135.78
1138.72
1140.92
1142.40
1143.13
823.49
839.59
855.57
871.41
887.09
902.57
917.84
932.87
947.64
962.11
976.26
990.08
1003.53
1016.59
1029.23
1041.44
1053.18
1064.43
1075.17
1085.38
1095.03
1104.11
1112.58
1120.43
1127.63
1134.18
1140.05
1145.22
1149.68
1153.42
1156.42
1158.68
1160.19
1160.94
834.80
851.16
867.40
883.51
899.45
915.19
930.72
946.01
961.03
975.75
990.16
1004.22
1017.91
1031.21
1044.09
1056.53
1068.50
1079.98
1090.94
1101.36
1111.22
1120.49
1129.15
1137.17
1144.55
1151.24
1157.25
1162.55
1167.12
1170.95
1174.03
1176.34
1177.89
1178.67
845.93
862.55
879.06
895.42
911.62
927.62
943.41
958.95
974.22
989.19
1003.85
1018.16
1032.10
1045.64
1058.77
1071.44
1083.65
1095.35
1106.54
1117.18
1127.24
1136.71
1145.56
1153.77
1161.32
1168.18
1174.33
1179.76
1184.44
1188.37
1191.53
1193.90
1195.49
1196.29
856.86
873.74
890.50
907.13
923.58
939.84
955.88
971.67
987.19
1002.42
1017.33
1031.89
1046.07
1059.86
1073.23
1086.14
1098.58
1110.52
1121.94
1132.80
1143.08
1152.76
1161.81
1170.21
1177.93
1184.96
1191.26
1196.83
1201.63
1205.67
1208.91
1211.35
1212.98
1213.79
867.58
884.71
901.73
918.61
935.31
951.82
968.11
984.16
999.93
1015.41
1030.57
1045.38
1059.81
1073.85
1087.46
1100.62
1113.30
1125.48
1137.12
1148.21
1158.72
1168.61
1177.87
1186.47
1194.38
1201.58
1208.05
1213.76
1218.69
1222.83
1226.16
1228.67
1230.34
1231.18
878.07
895.45
912.72
929.85
946.80
963.56
980.10
996.40
1012.42
1028.15
1043.55
1058.61
1073.30
1087.58
1101.44
1114.85
1127.77
1140.19
1152.08
1163.40
1174.14
1184.26
1193.73
1202.54
1210.64
1218.03
1224.66
1230.52
1235.59
1239.85
1243.27
1245.85
1247.58
1248.44
888.31
905.94
923.46
940.83
958.03
975.03
991.82
1008.36
1024.63
1040.61
1056.27
1071.57
1086.51
1101.04
1115.15
1128.81
1141.98
1154.65
1166.78
1178.35
1189.32
1199.67
1209.37
1218.40
1226.71
1234.29
1241.10
1247.13
1252.34
1256.72
1260.25
1262.90
1264.68
1265.57
898.30
916.17
933.92
951.53
968.97
986.22
1003.25
1020.04
1036.56
1052.78
1068.68
1084.24
1099.43
1114.21
1128.58
1142.49
1155.91
1168.84
1181.22
1193.03
1204.26
1214.85
1224.78
1234.03
1242.56
1250.35
1257.35
1263.55
1268.92
1273.43
1277.07
1279.81
1281.65
1282.56
908.01
926.11
944.10
961.94
979.62
997.11
1014.38
1031.41
1048.17
1064.64
1080.79
1096.60
1112.04
1127.08
1141.69
1155.86
1169.55
1182.73
1195.37
1207.44
1218.92
1229.76
1239.95
1249.44
1258.20
1266.20
1273.41
1279.79
1285.33
1289.98
1293.74
1296.57
1298.47
1299.42
917.42
935.75
953.97
972.05
989.96
1007.68
1025.19
1042.46
1059.46
1076.17
1092.57
1108.62
1124.31
1139.61
1154.49
1168.91
1182.86
1196.31
1209.22
1221.56
1233.30
1244.40
1254.85
1264.59
1273.59
1281.83
1289.25
1295.84
1301.56
1306.37
1310.26
1313.19
1315.15
1316.14
926.53
945.09
963.53
981.83
999.97
1017.92
1035.66
1053.16
1070.40
1087.36
1104.00
1120.30
1136.24
1151.80
1166.93
1181.62
1195.84
1209.56
1222.74
1235.35
1247.37
1258.75
1269.47
1279.47
1288.74
1297.22
1304.89
1311.69
1317.60
1322.59
1326.62
1329.66
1331.70
1332.72
935.32
954.09
972.75
991.27
1009.63
1027.81
1045.77
1063.51
1080.98
1098.18
1115.06
1131.61
1147.81
1163.62
1179.01
1193.97
1208.46
1222.45
1235.91
1248.81
1261.12
1272.79
1283.79
1294.08
1303.62
1312.37
1320.29
1327.34
1333.47
1338.64
1342.83
1345.99
1348.12
1349.18
943.78
962.75
981.62
1000.36
1018.94
1037.33
1055.52
1073.48
1091.19
1108.61
1125.74
1142.54
1158.98
1175.05
1190.71
1205.94
1220.70
1234.98
1248.73
1261.92
1274.52
1286.49
1297.80
1308.39
1318.23
1327.27
1335.47
1342.77
1349.14
1354.52
1358.88
1362.19
1364.41
1365.52
951.88
971.06
990.14
1009.08
1027.87
1046.48
1064.88
1083.06
1100.99
1118.65
1136.02
1153.06
1169.75
1186.07
1202.00
1217.50
1232.55
1247.11
1261.15
1274.65
1287.56
1299.85
1311.47
1322.38
1332.54
1341.90
1350.40
1357.99
1364.62
1370.24
1374.80
1378.26
1380.58
1381.75
959.63
979.01
998.28
1017.42
1036.41
1055.22
1073.84
1092.24
1110.39
1128.28
1145.87
1163.15
1180.09
1196.67
1212.86
1228.64
1243.97
1258.82
1273.17
1286.98
1300.21
1312.83
1324.79
1336.05
1346.55
1356.24
1365.07
1372.98
1379.91
1385.79
1390.58
1394.22
1396.67
1397.89
967.01
986.57
1006.03
1025.36
1044.55
1063.56
1082.38
1100.99
1119.36
1137.47
1155.29
1172.81
1189.99
1206.83
1223.28
1239.33
1254.94
1270.09
1284.75
1298.88
1312.45
1325.41
1337.73
1349.35
1360.22
1370.28
1379.48
1387.74
1395.00
1401.19
1406.23
1410.08
1412.67
1413.97
974.00
993.74
1013.38
1032.90
1052.27
1071.48
1090.50
1109.30
1127.88
1146.20
1164.25
1182.00
1199.43
1216.51
1233.22
1249.54
1265.45
1280.90
1295.87
1310.33
1324.25
1337.57
1350.26
1362.27
1373.54
1384.01
1393.61
1402.27
1409.90
1416.43
1421.78
1425.87
1428.63
1430.02
980.60
1000.51
1020.32
1040.01
1059.56
1078.95
1098.16
1117.16
1135.94
1154.47
1172.74
1190.71
1208.37
1225.70
1242.68
1259.27
1275.46
1291.21
1306.51
1321.30
1335.57
1349.27
1362.36
1374.78
1386.48
1397.39
1407.43
1416.54
1424.60
1431.53
1437.23
1441.61
1444.57
1446.07
986.79
1006.86
1026.83
1046.69
1066.41
1085.98
1105.37
1124.56
1143.53
1162.26
1180.73
1198.92
1216.82
1234.39
1251.61
1268.48
1284.95
1301.01
1316.62
1331.76
1346.40
1360.49
1373.99
1386.84
1399.00
1410.39
1420.93
1430.54
1439.09
1446.49
1452.61
1457.34
1460.55
1462.18
992.57
1012.78
1032.91
1052.93
1072.81
1092.54
1112.10
1131.47
1150.62
1169.54
1188.22
1206.62
1224.73
1242.54
1260.01
1277.14
1293.89
1310.25
1326.19
1341.67
1356.68
1371.17
1385.10
1398.42
1411.07
1422.98
1434.07
1444.24
1453.37
1461.32
1467.95
1473.10
1476.62
1478.41
997.92
1018.27
1038.54
1058.71
1078.74
1098.63
1118.35
1137.88
1157.21
1176.31
1195.18
1213.78
1232.11
1250.13
1267.85
1285.23
1302.26
1318.91
1335.17
1351.00
1366.39
1381.28
1395.66
1409.46
1422.64
1435.12
1446.81
1457.62
1467.41
1476.02
1483.26
1488.95
1492.87
1494.88
1002.83
1023.32
1043.72
1064.02
1084.19
1104.23
1124.10
1143.78
1163.28
1182.55
1201.59
1220.39
1238.91
1257.16
1275.10
1292.73
1310.02
1326.97
1343.54
1359.71
1375.47
1390.78
1405.61
1419.91
1433.64
1446.73
1459.09
1470.62
1481.17
1490.57
1498.59
1504.96
1509.42
1511.71
1007.31
1027.91
1048.43
1068.86
1089.16
1109.33
1129.33
1149.17
1168.81
1188.24
1207.45
1226.42
1245.14
1263.59
1281.75
1299.61
1317.16
1334.38
1351.25
1367.76
1383.89
1399.61
1414.89
1429.71
1444.01
1457.75
1470.83
1483.16
1494.60
1504.95
1513.94
1521.22
1526.42
1529.10
1011.33
1032.04
1052.67
1073.21
1093.63
1113.92
1134.05
1154.02
1173.80
1193.38
1212.74
1231.87
1250.76
1269.40
1287.76
1305.84
1323.63
1341.11
1358.28
1375.11
1391.59
1407.71
1423.45
1438.78
1453.67
1468.07
1481.93
1495.15
1507.60
1519.09
1529.31
1537.83
1544.20
1547.42
1014.90
1035.70
1056.43
1077.07
1097.60
1117.99
1138.24
1158.32
1178.23
1197.94
1217.44
1236.72
1255.77
1274.58
1293.13
1311.41
1329.42
1347.14
1364.58
1381.71
1398.54
1415.04
1431.22
1447.05
1462.52
1477.60
1492.26
1506.43
1520.01
1532.83
1544.57
1554.72
1563.56
1567.34
1018.00
1038.89
1059.71
1080.43
1101.05
1121.54
1141.89
1162.07
1182.09
1201.91
1221.54
1240.95
1260.15
1279.10
1297.82
1316.28
1334.49
1352.44
1370.12
1387.53
1404.67
1421.53
1438.12
1454.43
1470.46
1486.21
1501.67
1516.81
1531.58
1545.88
1559.30
1570.90
1577.72
1580.93
1020.64
1041.60
1062.49
1083.29
1103.98
1124.55
1144.98
1165.26
1185.37
1205.30
1225.03
1244.56
1263.87
1282.96
1301.82
1320.45
1338.83
1356.97
1374.87
1392.53
1409.95
1427.13
1444.09
1460.84
1477.39
1493.76
1509.97
1526.05
1541.99
1557.69
1572.09
1581.51
1587.26
1590.03
1022.80
1043.82
1064.77
1085.63
1106.39
1127.03
1147.53
1167.88
1188.07
1208.08
1227.90
1247.52
1266.94
1286.14
1305.12
1323.88
1342.41
1360.72
1378.80
1396.67
1414.33
1431.79
1449.08
1466.21
1483.21
1500.13
1517.01
1533.92
1550.89
1568.05
1580.31
1588.57
1593.64
1596.09
1024.48
1045.55
1066.55
1087.46
1108.27
1128.96
1149.52
1169.93
1190.17
1210.25
1230.14
1249.84
1269.33
1288.62
1307.70
1326.57
1345.22
1363.65
1381.89
1399.92
1417.78
1435.46
1453.01
1470.45
1487.83
1505.20
1522.64
1540.26
1558.00
1574.50
1585.71
1593.23
1597.86
1600.08
1025.69
1046.79
1067.82
1088.77
1109.61
1130.34
1150.94
1171.39
1191.68
1211.80
1231.74
1251.49
1271.05
1290.40
1309.55
1328.49
1347.23
1365.76
1384.11
1402.27
1420.26
1438.11
1455.85
1473.52
1491.17
1508.87
1526.74
1544.96
1564.03
1578.73
1589.14
1596.18
1600.53
1602.60
1026.41
1047.53
1068.58
1089.55
1110.42
1131.17
1151.79
1172.27
1192.59
1212.74
1232.71
1252.49
1272.08
1291.47
1310.66
1329.65
1348.44
1367.03
1385.44
1403.68
1421.76
1439.71
1457.57
1475.38
1493.19
1511.09
1529.19
1547.68
1566.87
1581.02
1591.03
1597.81
1602.00
1603.99
1026.65
1047.78
1068.84
1089.81
1110.69
1131.45
1152.07
1172.56
1192.89
1213.05
1233.03
1252.82
1272.43
1291.83
1311.03
1330.04
1348.84
1367.46
1385.89
1404.15
1422.26
1440.25
1458.14
1476.00
1493.87
1511.83
1530.00
1548.55
1567.73
1581.73
1591.64
1598.33
1602.47
1604.44
1026.41
1047.53
1068.58
1089.55
1110.42
1131.17
1151.79
1172.26
1192.58
1212.73
1232.70
1252.49
1272.08
1291.47
1310.66
1329.65
1348.44
1367.03
1385.44
1403.67
1421.75
1439.71
1457.57
1475.37
1493.19
1511.09
1529.19
1547.67
1566.87
1581.01
1591.03
1597.81
1601.99
1603.99
1025.69
1046.78
1067.81
1088.76
1109.61
1130.34
1150.93
1171.38
1191.67
1211.80
1231.74
1251.49
1271.04
1290.40
1309.54
1328.49
1347.22
1365.76
1384.10
1402.26
1420.25
1438.10
1455.84
1473.51
1491.16
1508.86
1526.73
1544.95
1564.02
1578.72
1589.13
1596.17
1600.52
1602.60
1024.48
1045.54
1066.54
1087.45
1108.26
1128.95
1149.51
1169.92
1190.16
1210.24
1230.13
1249.83
1269.32
1288.61
1307.69
1326.55
1345.20
1363.64
1381.88
1399.91
1417.76
1435.45
1453.00
1470.43
1487.81
1505.18
1522.62
1540.24
1557.98
1574.48
1585.69
1593.21
1597.85
1600.07
1022.79
1043.81
1064.76
1085.62
1106.38
1127.02
1147.52
1167.87
1188.06
1208.07
1227.89
1247.51
1266.92
1286.13
1305.11
1323.86
1342.40
1360.70
1378.79
1396.65
1414.31
1431.77
1449.06
1466.18
1483.19
1500.10
1516.99
1533.89
1550.86
1568.02
1580.28
1588.54
1593.62
1596.07
1020.63
1041.59
1062.48
1083.28
1103.97
1124.54
1144.97
1165.25
1185.36
1205.28
1225.01
1244.54
1263.86
1282.94
1301.80
1320.43
1338.81
1356.95
1374.85
1392.51
1409.92
1427.11
1444.07
1460.82
1477.36
1493.73
1509.94
1526.01
1541.95
1557.65
1572.06
1581.48
1587.23
1590.00
1017.99
1038.88
1059.69
1080.42
1101.03
1121.52
1141.87
1162.06
1182.07
1201.90
1221.52
1240.94
1260.13
1279.08
1297.80
1316.26
1334.47
1352.42
1370.10
1387.51
1404.64
1421.50
1438.09
1454.40
1470.43
1486.17
1501.63
1516.76
1531.54
1545.83
1559.26
1570.85
1577.68
1580.89
1014.88
1035.69
1056.42
1077.06
1097.58
1117.97
1138.22
1158.30
1178.21
1197.92
1217.42
1236.70
1255.75
1274.55
1293.10
1311.38
1329.39
1347.12
1364.55
1381.68
1398.50
1415.01
1431.18
1447.01
1462.48
1477.56
1492.22
1506.38
1519.96
1532.77
1544.51
1554.66
1563.50
1567.26
1011.31
1032.02
1052.66
1073.19
1093.61
1113.90
1134.03
1153.99
1173.77
1193.35
1212.72
1231.85
1250.74
1269.37
1287.73
1305.82
1323.60
1341.08
1358.24
1375.07
1391.56
1407.68
1423.41
1438.74
1453.63
1468.03
1481.88
1495.10
1507.55
1519.03
1529.24
1537.76
1544.11
1547.31
1007.29
1027.89
1048.41
1068.84
1089.14
1109.30
1129.31
1149.14
1168.78
1188.22
1207.43
1226.40
1245.11
1263.56
1281.72
1299.58
1317.12
1334.34
1351.22
1367.72
1383.85
1399.57
1414.85
1429.67
1443.97
1457.70
1470.78
1483.11
1494.55
1504.89
1513.87
1521.15
1526.33
1529.00
1002.81
1023.30
1043.70
1064.00
1084.17
1104.20
1124.07
1143.76
1163.25
1182.52
1201.56
1220.36
1238.88
1257.13
1275.07
1292.70
1309.99
1326.93
1343.50
1359.67
1375.43
1390.74
1405.56
1419.86
1433.59
1446.68
1459.04
1470.56
1481.11
1490.51
1498.52
1504.89
1509.33
1511.62
997.90
1018.25
1038.52
1058.68
1078.71
1098.60
1118.32
1137.85
1157.18
1176.28
1195.14
1213.75
1232.07
1250.10
1267.81
1285.19
1302.22
1318.87
1335.13
1350.96
1366.34
1381.24
1395.61
1409.41
1422.58
1435.06
1446.76
1457.56
1467.35
1475.95
1483.20
1488.88
1492.80
1494.80
992.54
1012.76
1032.88
1052.90
1072.78
1092.51
1112.07
1131.44
1150.59
1169.51
1188.18
1206.58
1224.70
1242.50
1259.97
1277.10
1293.85
1310.21
1326.14
1341.63
1356.63
1371.12
1385.05
1398.37
1411.02
1422.93
1434.01
1444.18
1453.30
1461.25
1467.88
1473.03
1476.55
1478.34
986.76
1006.83
1026.80
1046.66
1066.38
1085.95
1105.34
1124.52
1143.49
1162.22
1180.69
1198.89
1216.78
1234.35
1251.57
1268.43
1284.90
1300.96
1316.57
1331.71
1346.35
1360.43
1373.93
1386.79
1398.94
1410.33
1420.87
1430.47
1439.03
1446.42
1452.54
1457.26
1460.48
1462.10
980.57
1000.48
1020.29
1039.98
1059.53
1078.92
1098.13
1117.13
1135.91
1154.44
1172.70
1190.67
1208.33
1225.66
1242.63
1259.22
1275.41
1291.16
1306.45
1321.25
1335.52
1349.22
1362.30
1374.72
1386.42
1397.32
1407.37
1416.47
1424.53
1431.46
1437.16
1441.53
1444.50
1445.99
973.97
993.71
1013.35
1032.86
1052.24
1071.44
1090.46
1109.27
1127.84
1146.16
1164.21
1181.96
1199.38
1216.46
1233.18
1249.50
1265.40
1280.85
1295.82
1310.28
1324.19
1337.51
1350.20
1362.21
1373.48
1383.94
1393.54
1402.20
1409.83
1416.36
1421.71
1425.79
1428.55
1429.94
966.98
986.54
1005.99
1025.33
1044.51
1063.52
1082.35
1100.95
1119.32
1137.42
1155.25
1172.76
1189.95
1206.78
1223.23
1239.27
1254.89
1270.04
1284.70
1298.82
1312.39
1325.35
1337.67
1349.28
1360.15
1370.22
1379.41
1387.67
1394.93
1401.11
1406.16
1410.00
1412.59
1413.90
959.60
978.97
998.24
1017.38
1036.37
1055.18
1073.80
1092.20
1110.35
1128.23
1145.83
1163.10
1180.05
1196.62
1212.81
1228.58
1243.91
1258.76
1273.11
1286.92
1300.15
1312.77
1324.72
1335.98
1346.48
1356.17
1365.00
1372.91
1379.83
1385.72
1390.50
1394.14
1396.59
1397.82
951.85
971.03
990.10
1009.04
1027.83
1046.43
1064.84
1083.02
1100.95
1118.61
1135.97
1153.01
1169.70
1186.02
1201.95
1217.44
1232.49
1247.05
1261.09
1274.59
1287.50
1299.78
1311.40
1322.32
1332.47
1341.82
1350.32
1357.91
1364.54
1370.16
1374.72
1378.18
1380.50
1381.67
943.74
962.72
981.58
1000.32
1018.89
1037.29
1055.48
1073.43
1091.14
1108.57
1125.69
1142.49
1158.93
1174.99
1190.65
1205.88
1220.64
1234.92
1248.66
1261.86
1274.46
1286.43
1297.73
1308.32
1318.16
1327.20
1335.39
1342.69
1349.06
1354.44
1358.80
1362.11
1364.32
1365.44
935.28
954.05
972.71
991.23
1009.59
1027.76
1045.73
1063.46
1080.93
1098.12
1115.01
1131.56
1147.75
1163.56
1178.95
1193.91
1208.40
1222.39
1235.85
1248.75
1261.05
1272.72
1283.72
1294.01
1303.55
1312.30
1320.21
1327.26
1333.39
1338.56
1342.74
1345.91
1348.03
1349.10
926.49
945.04
963.48
981.78
999.92
1017.87
1035.61
1053.11
1070.35
1087.30
1103.94
1120.25
1136.19
1151.74
1166.87
1181.56
1195.78
1209.49
1222.67
1235.28
1247.30
1258.68
1269.39
1279.40
1288.66
1297.14
1304.81
1311.61
1317.52
1322.51
1326.53
1329.58
1331.62
1332.64
917.38
935.71
953.93
972.00
989.91
1007.63
1025.14
1042.40
1059.40
1076.12
1092.51
1108.57
1124.26
1139.55
1154.42
1168.85
1182.80
1196.24
1209.15
1221.48
1233.22
1244.33
1254.77
1264.51
1273.51
1281.75
1289.17
1295.76
1301.47
1306.29
1310.17
1313.10
1315.07
1316.05
907.96
926.06
944.05
961.89
979.57
997.06
1014.33
1031.36
1048.12
1064.58
1080.73
1096.54
1111.97
1127.01
1141.63
1155.79
1169.48
1182.66
1195.30
1207.37
1218.85
1229.69
1239.87
1249.36
1258.12
1266.12
1273.32
1279.71
1285.24
1289.90
1293.65
1296.49
1298.38
1299.33
898.25
916.12
933.87
951.48
968.92
986.17
1003.20
1019.98
1036.50
1052.72
1068.62
1084.18
1099.36
1114.15
1128.51
1142.42
1155.85
1168.76
1181.15
1192.96
1204.18
1214.77
1224.71
1233.95
1242.48
1250.26
1257.27
1263.47
1268.83
1273.35
1276.98
1279.72
1281.56
1282.47
888.27
905.90
923.41
940.77
957.97
974.98
991.76
1008.31
1024.58
1040.55
1056.20
1071.51
1086.44
1100.98
1115.08
1128.74
1141.91
1154.58
1166.71
1178.27
1189.24
1199.60
1209.29
1218.31
1226.63
1234.20
1241.02
1247.04
1252.25
1256.63
1260.16
1262.82
1264.59
1265.48
878.02
895.41
912.67
929.79
946.75
963.51
980.04
996.34
1012.36
1028.09
1043.49
1058.55
1073.23
1087.51
1101.37
1114.77
1127.70
1140.12
1152.00
1163.32
1174.06
1184.18
1193.65
1202.45
1210.56
1217.94
1224.58
1230.44
1235.51
1239.76
1243.18
1245.76
1247.49
1248.35
867.53
884.66
901.68
918.55
935.26
951.77
968.06
984.10
999.87
1015.35
1030.50
1045.31
1059.74
1073.78
1087.39
1100.55
1113.22
1125.40
1137.05
1148.13
1158.64
1168.53
1177.79
1186.39
1194.30
1201.49
1207.96
1213.67
1218.60
1222.74
1226.07
1228.58
1230.25
1231.09
856.81
873.69
890.45
907.07
923.52
939.78
955.82
971.61
987.13
1002.36
1017.26
1031.82
1046.01
1059.79
1073.16
1086.07
1098.51
1110.45
1121.86
1132.72
1143.00
1152.68
1161.73
1170.13
1177.85
1184.87
1191.18
1196.74
1201.54
1205.57
1208.82
1211.26
1212.89
1213.70
845.88
862.50
879.00
895.36
911.56
927.56
943.34
958.88
974.15
989.13
1003.78
1018.09
1032.03
1045.57
1058.69
1071.37
1083.57
1095.27
1106.46
1117.09
1127.16
1136.63
1145.48
1153.69
1161.23
1168.09
1174.24
1179.66
1184.35
1188.28
1191.43
1193.81
1195.40
1196.19
834.75
851.11
867.35
883.45
899.39
915.13
930.66
945.94
960.96
975.68
990.09
1004.15
1017.84
1031.14
1044.02
1056.46
1068.43
1079.90
1090.86
1101.28
1111.14
1120.40
1129.06
1137.09
1144.46
1151.15
1157.16
1162.46
1167.03
1170.86
1173.93
1176.25
1177.80
1178.57
823.44
839.53
855.51
871.35
887.03
902.51
917.78
932.81
947.57
962.04
976.19
990.01
1003.46
1016.51
1029.16
1041.36
1053.10
1064.35
1075.09
1085.30
1094.95
1104.02
1112.49
1120.34
1127.54
1134.09
1139.95
1145.12
1149.58
1153.32
1156.33
1158.59
1160.09
1160.85
811.98
827.80
843.51
859.08
874.49
889.71
904.72
919.49
934.00
948.22
962.12
975.69
988.89
1001.71
1014.12
1026.09
1037.60
1048.64
1059.16
1069.16
1078.61
1087.49
1095.78
1103.46
1110.50
1116.90
1122.63
1127.68
1132.04
1135.69
1138.62
1140.83
1142.30
1143.04
800.37
815.92
831.36
846.66
861.81
876.77
891.51
906.03
920.28
934.24
947.90
961.22
974.18
986.76
998.93
1010.68
1021.97
1032.78
1043.10
1052.89
1062.15
1070.84
1078.96
1086.47
1093.36
1099.61
1105.22
1110.15
1114.41
1117.97
1120.83
1122.99
1124.43
1125.14
788.64
803.92
819.08
834.12
848.99
863.68
878.17
892.42
906.41
920.13
933.53
946.61
959.33
971.67
983.61
995.13
1006.20
1016.80
1026.91
1036.51
1045.58
1054.09
1062.03
1069.38
1076.12
1082.24
1087.72
1092.54
1096.70
1100.18
1102.98
1105.08
1106.49
1107.19
776.82
791.81
806.70
821.46
836.06
850.49
864.71
878.70
892.44
905.90
919.06
931.89
944.37
956.48
968.19
979.48
990.34
1000.73
1010.63
1020.04
1028.92
1037.25
1045.02
1052.22
1058.81
1064.80
1070.15
1074.87
1078.94
1082.34
1085.07
1087.13
1088.50
1089.19
764.91
779.62
794.23
808.71
823.05
837.20
851.16
864.89
878.37
891.58
904.49
917.07
929.32
941.19
952.68
963.75
974.39
984.57
994.28
1003.49
1012.19
1020.35
1027.96
1035.00
1041.45
1047.30
1052.55
1057.16
1061.13
1064.46
1067.13
1069.14
1070.48
1071.15
752.93
767.36
781.69
795.90
809.96
823.85
837.54
851.01
864.23
877.19
889.85
902.19
914.20
925.84
937.10
947.96
958.38
968.36
977.87
986.89
995.41
1003.40
1010.85
1017.74
1024.06
1029.79
1034.91
1039.42
1043.31
1046.57
1049.18
1051.14
1052.45
1053.11
740.92
755.07
769.12
783.04
796.83
810.45
823.87
837.08
850.05
862.75
875.16
887.27
899.04
910.45
921.49
932.12
942.34
952.12
961.43
970.27
978.61
986.43
993.73
1000.47
1006.65
1012.26
1017.27
1021.69
1025.49
1028.67
1031.23
1033.15
1034.43
1035.07
728.90
742.75
756.52
770.17
783.68
797.02
810.18
823.13
835.84
848.29
860.46
872.32
883.85
895.04
905.85
916.28
926.29
935.86
944.99
953.64
961.81
969.47
976.61
983.21
989.26
994.75
999.65
1003.97
1007.69
1010.81
1013.30
1015.18
1016.44
1017.06
716.87
730.44
743.92
757.29
770.53
783.60
796.49
809.18
821.63
833.83
845.75
857.38
868.68
879.64
890.23
900.44
910.25
919.63
928.57
937.04
945.04
952.54
959.53
965.99
971.91
977.27
982.08
986.30
989.94
992.99
995.43
997.27
998.49
999.11
704.88
718.16
731.35
744.44
757.40
770.21
782.83
795.25
807.45
819.40
831.08
842.47
853.54
864.27
874.65
884.65
894.25
903.44
912.19
920.49
928.31
935.66
942.50
948.82
954.62
959.87
964.57
968.70
972.26
975.24
977.63
979.43
980.63
981.23
692.94
705.93
718.84
731.64
744.33
756.86
769.22
781.38
793.33
805.03
816.46
827.61
838.45
848.96
859.13
868.92
878.32
887.31
895.88
904.01
911.67
918.86
925.55
931.74
937.41
942.55
947.15
951.19
954.68
957.59
959.93
961.69
962.86
963.45
681.07
693.77
706.39
718.92
731.33
743.59
755.69
767.59
779.28
790.73
801.93
812.84
823.46
833.75
843.69
853.28
862.49
871.29
879.68
887.63
895.13
902.16
908.72
914.77
920.32
925.35
929.85
933.81
937.22
940.07
942.36
944.08
945.23
945.80
669.30
681.71
694.06
706.30
718.44
730.43
742.26
753.91
765.34
776.55
787.51
798.19
808.57
818.65
828.38
837.77
846.78
855.39
863.60
871.39
878.73
885.61
892.02
897.95
903.38
908.30
912.71
916.58
919.91
922.70
924.94
926.62
927.75
928.31
657.67
669.79
681.85
693.82
705.68
717.40
728.97
740.36
751.55
762.51
773.23
783.68
793.84
803.70
813.22
822.41
831.22
839.66
847.69
855.31
862.49
869.23
875.50
881.30
886.62
891.43
895.74
899.53
902.79
905.52
907.71
909.36
910.46
911.01
646.18
658.02
669.79
681.49
693.07
704.53
715.84
726.98
737.91
748.64
759.12
769.34
779.28
788.93
798.25
807.23
815.86
824.11
831.97
839.43
846.46
853.05
859.19
864.86
870.06
874.78
878.99
882.70
885.89
888.56
890.70
892.31
893.39
893.93
634.87
646.43
657.92
669.34
680.66
691.86
702.91
713.79
724.48
734.96
745.21
755.21
764.94
774.37
783.49
792.28
800.72
808.79
816.48
823.77
830.65
837.10
843.11
848.66
853.75
858.36
862.48
866.11
869.24
871.85
873.95
875.52
876.57
877.10
623.77
635.04
646.26
657.41
668.46
679.40
690.19
700.83
711.28
721.52
731.55
741.32
750.83
760.05
768.97
777.57
785.83
793.73
801.25
808.39
815.12
821.43
827.31
832.74
837.72
842.23
846.26
849.81
852.87
855.43
857.48
859.02
860.05
860.56
612.91
623.90
634.85
645.73
656.52
667.19
677.74
688.13
698.34
708.35
718.15
727.70
737.00
746.02
754.74
763.15
771.23
778.96
786.32
793.30
799.88
806.06
811.81
817.13
822.00
826.41
830.36
833.83
836.83
839.33
841.34
842.84
843.85
844.36
602.30
613.02
623.70
634.32
644.85
655.27
665.57
675.72
685.69
695.48
705.05
714.39
723.48
732.30
740.84
749.06
756.96
764.52
771.72
778.55
784.99
791.04
796.66
801.87
806.63
810.95
814.82
818.22
821.14
823.59
825.56
827.03
828.02
828.51
591.99
602.44
612.86
623.21
633.49
643.67
653.72
663.63
673.38
682.94
692.30
701.43
710.31
718.94
727.28
735.33
743.05
750.45
757.49
764.18
770.48
776.39
781.90
787.00
791.66
795.89
799.67
803.00
805.86
808.26
810.18
811.63
812.59
813.08
582.00
592.19
602.34
612.44
622.47
632.41
642.22
651.90
661.43
670.77
679.91
688.84
697.53
705.96
714.12
721.99
729.55
736.79
743.68
750.22
756.39
762.18
767.57
772.55
777.12
781.26
784.96
788.22
791.02
793.37
795.25
796.67
797.62
798.09
572.35
582.29
592.19
602.05
611.83
621.53
631.12
640.57
649.87
659.00
667.94
676.67
685.17
693.42
701.40
709.10
716.49
723.57
730.32
736.72
742.76
748.43
753.70
758.59
763.06
767.11
770.73
773.92
776.67
778.97
780.81
782.20
783.13
783.59
563.09
572.77
582.43
592.05
601.60
611.07
620.43
629.66
638.76
647.68
656.42
664.95
673.26
681.33
689.14
696.68
703.92
710.85
717.45
723.72
729.63
735.18
740.35
745.13
749.51
753.48
757.03
760.15
762.85
765.10
766.90
768.26
769.17
769.62
554.22
563.67
573.09
582.48
591.80
601.05
610.20
619.22
628.11
636.83
645.38
653.73
661.86
669.76
677.40
684.77
691.86
698.65
705.12
711.26
717.05
722.48
727.55
732.23
736.52
740.41
743.89
746.96
749.59
751.80
753.57
754.90
755.79
756.23
545.80
555.01
564.21
573.37
582.48
591.51
600.45
609.28
617.97
626.50
634.86
643.03
650.99
658.72
666.21
673.43
680.37
687.02
693.36
699.38
705.05
710.38
715.34
719.93
724.14
727.96
731.37
734.37
736.96
739.12
740.86
742.16
743.03
743.47
537.83
546.82
555.81
564.76
573.66
582.49
591.23
599.86
608.37
616.72
624.91
632.91
640.70
648.27
655.61
662.68
669.49
676.01
682.22
688.12
693.69
698.91
703.78
708.28
712.41
716.15
719.50
722.44
724.98
727.10
728.81
730.09
730.95
731.37
530.35
539.14
547.92
556.67
565.37
574.01
582.57
591.02
599.34
607.52
615.54
623.38
631.02
638.45
645.64
652.58
659.25
665.64
671.74
677.53
682.99
688.12
692.90
697.32
701.37
705.04
708.33
711.22
713.71
715.80
717.47
718.73
719.57
719.99
523.39
531.98
540.57
549.13
557.65
566.11
574.49
582.77
590.93
598.95
606.81
614.50
621.99
629.28
636.33
643.15
649.70
655.97
661.96
667.64
673.01
678.05
682.74
687.09
691.07
694.68
697.91
700.75
703.20
705.25
706.89
708.13
708.95
709.36
516.98
525.38
533.79
542.18
550.53
558.82
567.04
575.15
583.16
591.03
598.75
606.29
613.65
620.81
627.74
634.43
640.87
647.04
652.92
658.51
663.78
668.74
673.35
677.63
681.54
685.09
688.27
691.06
693.47
695.49
697.11
698.32
699.14
699.54
