536.09
544.50
552.88
561.23
569.52
577.72
585.84
593.84
601.71
609.43
616.99
624.37
631.55
638.52
645.27
651.77
658.02
663.99
669.69
675.09
680.19
684.97
689.42
693.54
697.31
700.72
703.78
706.46
708.78
710.71
712.27
713.44
714.22
714.60
542.15
550.72
559.26
567.75
576.18
584.53
592.78
600.91
608.91
616.76
624.44
631.94
639.24
646.32
653.17
659.77
666.11
672.18
677.96
683.44
688.61
693.46
697.98
702.16
705.98
709.45
712.54
715.27
717.62
719.58
721.16
722.34
723.13
723.53
548.73
557.46
566.16
574.82
583.40
591.90
600.30
608.58
616.72
624.71
632.52
640.14
647.56
654.76
661.72
668.43
674.87
681.04
686.91
692.48
697.73
702.66
707.25
711.49
715.37
718.89
722.04
724.80
727.19
729.18
730.78
731.98
732.78
733.19
555.79
564.70
573.58
582.40
591.16
599.82
608.38
616.81
625.10
633.23
641.18
648.94
656.49
663.81
670.89
677.72
684.27
690.54
696.51
702.18
707.52
712.52
717.19
721.49
725.44
729.02
732.21
735.03
737.45
739.47
741.10
742.32
743.14
743.54
563.32
572.42
581.48
590.48
599.41
608.25
616.97
625.57
634.02
642.30
650.40
658.30
665.99
673.45
680.65
687.60
694.27
700.65
706.73
712.49
717.92
723.01
727.76
732.14
736.15
739.79
743.04
745.90
748.36
750.42
752.07
753.32
754.15
754.56
571.29
580.58
589.84
599.03
608.14
617.16
626.06
634.83
643.44
651.89
660.14
668.20
676.03
683.62
690.97
698.04
704.84
711.33
717.52
723.38
728.91
734.09
738.92
743.38
747.47
751.17
754.48
757.39
759.89
761.99
763.67
764.93
765.77
766.20
579.67
589.17
598.62
608.01
617.32
626.52
635.61
644.55
653.34
661.96
670.38
678.59
686.57
694.31
701.80
709.01
715.93
722.54
728.85
734.82
740.45
745.73
750.64
755.19
759.34
763.11
766.48
769.44
771.99
774.13
775.84
777.12
777.98
778.41
588.43
598.14
607.81
617.40
626.91
636.31
645.59
654.72
663.69
672.47
681.06
689.44
697.58
705.48
713.10
720.45
727.51
734.25
740.67
746.76
752.50
757.88
762.88
767.51
771.75
775.58
779.02
782.03
784.63
786.80
788.55
789.86
790.73
791.17
597.55
607.48
617.36
627.17
636.88
646.49
655.96
665.28
674.44
683.41
692.17
700.72
709.02
717.08
724.86
732.35
739.54
746.42
752.96
759.17
765.02
770.50
775.60
780.32
784.63
788.54
792.04
795.11
797.76
799.98
801.75
803.09
803.98
804.42
607.00
617.16
627.26
637.28
647.21
657.02
666.70
676.22
685.57
694.72
703.67
712.39
720.87
729.08
737.02
744.66
751.99
759.01
765.68
772.01
777.97
783.56
788.76
793.57
797.97
801.95
805.52
808.65
811.35
813.60
815.41
816.78
817.68
818.14
616.75
627.14
637.47
647.72
657.87
667.89
677.77
687.50
697.04
706.39
715.52
724.42
733.07
741.45
749.55
757.35
764.83
771.98
778.79
785.24
791.32
797.02
802.32
807.22
811.71
815.77
819.41
822.60
825.35
827.65
829.50
830.88
831.81
832.27
626.78
637.41
647.97
658.44
668.81
679.05
689.15
699.08
708.83
718.37
727.70
736.78
745.61
754.16
762.42
770.37
778.01
785.30
792.25
798.83
805.03
810.84
816.25
821.25
825.82
829.97
833.67
836.93
839.74
842.08
843.96
845.38
846.32
846.79
637.06
647.93
658.72
669.43
680.02
690.49
700.80
710.94
720.90
730.64
740.16
749.43
758.44
767.16
775.59
783.71
791.50
798.94
806.02
812.74
819.06
824.99
830.51
835.61
840.27
844.50
848.28
851.60
854.46
856.86
858.77
860.22
861.18
861.66
647.56
658.67
669.71
680.65
691.47
702.16
712.70
723.05
733.22
743.16
752.88
762.34
771.53
780.44
789.04
797.32
805.27
812.86
820.09
826.93
833.39
839.43
845.06
850.26
855.02
859.34
863.19
866.58
869.50
871.94
873.90
875.37
876.35
876.84
658.25
669.61
680.89
692.07
703.13
714.05
724.80
735.38
745.75
755.91
765.82
775.48
784.86
793.95
802.72
811.17
819.28
827.03
834.40
841.38
847.97
854.14
859.88
865.18
870.04
874.44
878.37
881.83
884.81
887.30
889.29
890.79
891.80
892.30
669.12
680.72
692.25
703.67
714.97
726.11
737.10
747.89
758.48
768.85
778.96
788.82
798.39
807.66
816.62
825.24
833.51
841.41
848.93
856.06
862.77
869.07
874.93
880.34
885.29
889.78
893.79
897.32
900.36
902.90
904.93
906.47
907.49
908.00
680.13
691.99
703.76
715.42
726.95
738.34
749.55
760.57
771.37
781.95
792.27
802.33
812.09
821.55
830.69
839.48
847.92
855.98
863.65
870.92
877.77
884.19
890.17
895.69
900.75
905.32
909.42
913.02
916.12
918.71
920.79
922.35
923.39
923.91
691.26
703.37
715.39
727.30
739.07
750.69
762.13
773.37
784.40
795.19
805.72
815.98
825.94
835.59
844.90
853.87
862.48
870.70
878.53
885.95
892.93
899.48
905.58
911.21
916.37
921.04
925.22
928.89
932.05
934.70
936.82
938.42
939.48
940.01
702.48
714.85
727.12
739.27
751.29
763.14
774.81
786.28
797.53
808.53
819.28
829.74
839.90
849.74
859.24
868.39
877.17
885.55
893.54
901.10
908.23
914.91
921.13
926.88
932.14
936.91
941.17
944.92
948.14
950.84
953.01
954.64
955.72
956.26
713.78
726.40
738.92
751.32
763.58
775.67
787.57
799.27
810.74
821.96
832.92
843.58
853.94
863.98
873.67
883.00
891.95
900.50
908.65
916.36
923.63
930.45
936.79
942.66
948.03
952.89
957.24
961.06
964.36
967.11
969.32
970.98
972.09
972.64
725.13
738.01
750.78
763.42
775.92
788.25
800.39
812.31
824.01
835.45
846.62
857.49
868.05
878.28
888.16
897.68
906.80
915.53
923.83
931.70
939.12
946.07
952.54
958.52
964.00
968.96
973.40
977.30
980.66
983.48
985.73
987.43
988.56
989.12
736.51
749.64
762.66
775.55
788.29
800.86
813.23
825.38
837.30
848.96
860.35
871.43
882.20
892.63
902.70
912.40
921.70
930.60
939.06
947.09
954.65
961.74
968.35
974.45
980.04
985.10
989.63
993.61
997.04
999.91
1002.22
1003.95
1005.10
1005.68
747.89
761.27
774.55
787.68
800.67
813.47
826.08
838.46
850.61
862.49
874.09
885.38
896.35
906.98
917.25
927.13
936.62
945.69
954.32
962.50
970.22
977.45
984.19
990.41
996.12
1001.28
1005.90
1009.97
1013.47
1016.40
1018.75
1020.52
1021.70
1022.29
759.26
772.89
786.41
799.80
813.02
826.07
838.91
851.52
863.89
876.00
887.81
899.32
910.50
921.33
931.79
941.86
951.53
960.78
969.58
977.92
985.79
993.17
1000.04
1006.39
1012.21
1017.48
1022.20
1026.35
1029.92
1032.91
1035.31
1037.12
1038.32
1038.92
770.59
784.48
798.24
811.87
825.34
838.62
851.70
864.54
877.14
889.47
901.50
913.22
924.61
935.64
946.30
956.57
966.42
975.84
984.82
993.32
1001.35
1008.87
1015.88
1022.36
1028.30
1033.68
1038.49
1042.73
1046.38
1049.43
1051.88
1053.73
1054.96
1055.57
781.87
796.00
810.02
823.89
837.60
851.11
864.42
877.50
890.33
902.88
915.13
927.07
938.66
949.90
960.76
971.22
981.26
990.86
1000.01
1008.68
1016.86
1024.54
1031.69
1038.30
1044.36
1049.85
1054.77
1059.09
1062.82
1065.94
1068.44
1070.32
1071.58
1072.20
793.07
807.45
821.71
835.82
849.77
863.53
877.07
890.38
903.43
916.20
928.68
940.83
952.64
964.08
975.14
985.79
996.03
1005.81
1015.14
1023.98
1032.32
1040.15
1047.45
1054.19
1060.38
1065.98
1071.00
1075.42
1079.22
1082.41
1084.97
1086.89
1088.17
1088.81
804.17
818.80
833.30
847.66
861.84
875.84
889.61
903.15
916.43
929.43
942.12
954.49
966.51
978.16
989.43
1000.28
1010.70
1020.67
1030.18
1039.19
1047.70
1055.69
1063.13
1070.02
1076.33
1082.05
1087.18
1091.69
1095.57
1098.83
1101.44
1103.40
1104.72
1105.37
815.16
830.03
844.78
859.37
873.80
888.03
902.04
915.80
929.31
942.53
955.45
968.03
980.27
992.13
1003.59
1014.65
1025.27
1035.43
1045.12
1054.31
1062.98
1071.13
1078.72
1085.75
1092.20
1098.04
1103.27
1107.88
1111.85
1115.18
1117.85
1119.86
1121.20
1121.87
826.02
841.13
856.12
870.95
885.61
900.07
914.32
928.31
942.05
955.49
968.63
981.43
993.88
1005.95
1017.63
1028.88
1039.70
1050.06
1059.93
1069.30
1078.15
1086.46
1094.21
1101.38
1107.96
1113.93
1119.28
1123.99
1128.05
1131.45
1134.18
1136.23
1137.60
1138.28
836.73
852.08
867.31
882.37
897.27
911.96
926.43
940.66
954.62
968.29
981.65
994.67
1007.34
1019.62
1031.51
1042.97
1053.99
1064.54
1074.60
1084.15
1093.18
1101.66
1109.57
1116.89
1123.61
1129.71
1135.17
1139.99
1144.14
1147.61
1150.41
1152.51
1153.91
1154.61
847.27
862.86
878.32
893.62
908.75
923.67
938.37
952.83
967.02
980.91
994.49
1007.73
1020.62
1033.12
1045.21
1056.88
1068.10
1078.85
1089.11
1098.85
1108.06
1116.71
1124.78
1132.26
1139.12
1145.36
1150.94
1155.86
1160.11
1163.67
1166.52
1168.67
1170.11
1170.83
857.64
873.46
889.15
904.68
920.03
935.19
950.12
964.80
979.21
993.33
1007.13
1020.60
1033.70
1046.42
1058.72
1070.60
1082.03
1092.98
1103.44
1113.37
1122.76
1131.59
1139.83
1147.47
1154.49
1160.86
1166.57
1171.61
1175.95
1179.59
1182.52
1184.72
1186.19
1186.93
867.80
883.85
899.77
915.53
931.11
946.49
961.65
976.55
991.19
1005.53
1019.56
1033.24
1046.57
1059.50
1072.03
1084.12
1095.76
1106.91
1117.57
1127.70
1137.28
1146.29
1154.71
1162.52
1169.69
1176.21
1182.05
1187.20
1191.65
1195.38
1198.38
1200.64
1202.14
1202.89
877.75
894.02
910.17
926.15
941.96
957.56
972.94
988.08
1002.94
1017.50
1031.75
1045.66
1059.20
1072.36
1085.10
1097.41
1109.26
1120.63
1131.49
1141.82
1151.60
1160.80
1169.40
1177.38
1184.71
1191.38
1197.36
1202.64
1207.20
1211.02
1214.09
1216.41
1217.95
1218.72
887.47
903.96
920.33
936.53
952.56
968.39
983.99
999.35
1014.43
1029.22
1043.69
1057.82
1071.59
1084.96
1097.93
1110.45
1122.52
1134.10
1145.18
1155.72
1165.69
1175.09
1183.88
1192.04
1199.54
1206.37
1212.49
1217.90
1222.57
1226.49
1229.65
1232.02
1233.61
1234.40
896.94
913.65
930.23
946.66
962.91
978.96
994.78
1010.35
1025.66
1040.67
1055.36
1069.71
1083.70
1097.30
1110.49
1123.24
1135.53
1147.33
1158.62
1169.37
1179.55
1189.15
1198.14
1206.48
1214.16
1221.15
1227.43
1232.98
1237.77
1241.80
1245.04
1247.48
1249.11
1249.92
906.15
923.08
939.87
956.51
972.98
989.24
1005.28
1021.07
1036.60
1051.83
1066.74
1081.32
1095.53
1109.36
1122.77
1135.74
1148.26
1160.28
1171.79
1182.76
1193.16
1202.97
1212.16
1220.70
1228.56
1235.73
1242.17
1247.86
1252.78
1256.92
1260.25
1262.76
1264.43
1265.27
915.09
932.23
949.23
966.08
982.76
999.23
1015.49
1031.49
1047.24
1062.69
1077.82
1092.62
1107.06
1121.11
1134.75
1147.95
1160.69
1172.94
1184.68
1195.88
1206.50
1216.52
1225.92
1234.67
1242.73
1250.07
1256.69
1262.54
1267.60
1271.85
1275.28
1277.86
1279.59
1280.45
923.74
941.08
958.29
975.35
992.23
1008.91
1025.38
1041.60
1057.56
1073.23
1088.58
1103.60
1118.27
1132.54
1146.41
1159.84
1172.82
1185.30
1197.27
1208.70
1219.55
1229.80
1239.42
1248.38
1256.64
1264.18
1270.98
1276.99
1282.20
1286.58
1290.11
1292.78
1294.56
1295.45
932.09
949.63
967.04
984.29
1001.38
1018.27
1034.94
1051.37
1067.54
1083.43
1099.00
1114.25
1129.13
1143.64
1157.74
1171.40
1184.61
1197.33
1209.54
1221.20
1232.29
1242.78
1252.63
1261.81
1270.29
1278.04
1285.03
1291.22
1296.59
1301.10
1304.75
1307.50
1309.34
1310.26
940.13
957.86
975.46
992.91
1010.19
1027.28
1044.16
1060.80
1077.18
1093.28
1109.07
1124.53
1139.64
1154.37
1168.70
1182.61
1196.05
1209.02
1221.47
1233.38
1244.71
1255.44
1265.53
1274.95
1283.66
1291.63
1298.82
1305.20
1310.74
1315.41
1319.18
1322.02
1323.93
1324.88
947.84
965.75
983.54
1001.18
1018.66
1035.94
1053.02
1069.86
1086.45
1102.75
1118.76
1134.44
1149.77
1164.74
1179.30
1193.44
1207.13
1220.34
1233.04
1245.20
1256.79
1267.77
1278.11
1287.78
1296.73
1304.94
1312.35
1318.94
1324.66
1329.49
1333.39
1336.34
1338.32
1339.31
955.21
973.30
991.27
1009.10
1026.76
1044.23
1061.50
1078.54
1095.33
1111.84
1128.06
1143.96
1159.51
1174.70
1189.50
1203.88
1217.81
1231.27
1244.23
1256.65
1268.50
1279.74
1290.35
1300.28
1309.49
1317.94
1325.60
1332.40
1338.33
1343.34
1347.39
1350.45
1352.51
1353.54
962.23
980.49
998.64
1016.64
1034.48
1052.14
1069.60
1086.83
1103.81
1120.53
1136.95
1153.07
1168.84
1184.26
1199.29
1213.90
1228.08
1241.80
1255.01
1267.70
1279.82
1291.34
1302.23
1312.43
1321.92
1330.64
1338.54
1345.59
1351.74
1356.94
1361.15
1364.35
1366.49
1367.56
968.89
987.31
1005.62
1023.80
1041.81
1059.65
1077.29
1094.71
1111.88
1128.80
1145.42
1161.75
1177.74
1193.38
1208.64
1223.49
1237.92
1251.89
1265.37
1278.33
1290.73
1302.54
1313.71
1324.21
1333.98
1342.99
1351.17
1358.49
1364.88
1370.29
1374.69
1378.02
1380.27
1381.39
975.17
993.75
1012.22
1030.56
1048.74
1066.75
1084.56
1102.16
1119.52
1136.63
1153.45
1169.98
1186.18
1202.04
1217.53
1232.63
1247.30
1261.53
1275.28
1288.51
1301.20
1313.30
1324.78
1335.59
1345.67
1354.98
1363.47
1371.07
1377.72
1383.38
1387.98
1391.48
1393.83
1395.01
981.07
999.80
1018.42
1036.91
1055.25
1073.43
1091.41
1109.18
1126.71
1144.00
1161.02
1177.75
1194.16
1210.23
1225.95
1241.28
1256.20
1270.69
1284.71
1298.22
1311.21
1323.61
1335.41
1346.53
1356.95
1366.59
1375.40
1383.31
1390.27
1396.19
1401.02
1404.71
1407.19
1408.44
986.57
1005.45
1024.21
1042.85
1061.34
1079.66
1097.80
1115.74
1133.45
1150.91
1168.11
1185.03
1201.64
1217.93
1233.87
1249.43
1264.60
1279.34
1293.63
1307.43
1320.71
1333.43
1345.55
1357.02
1367.78
1377.77
1386.94
1395.20
1402.48
1408.71
1413.81
1417.70
1420.33
1421.66
991.68
1010.68
1029.58
1048.35
1066.98
1085.45
1103.74
1121.83
1139.70
1157.34
1174.71
1191.82
1208.62
1225.11
1241.26
1257.05
1272.46
1287.46
1302.01
1316.10
1329.69
1342.73
1355.18
1367.00
1378.13
1388.50
1398.05
1406.69
1414.34
1420.92
1426.32
1430.46
1433.26
1434.68
996.37
1015.49
1034.51
1053.41
1072.18
1090.78
1109.21
1127.45
1145.47
1163.26
1180.81
1198.08
1215.07
1231.76
1248.11
1264.12
1279.76
1295.01
1309.83
1324.20
1338.09
1351.46
1364.26
1376.44
1387.96
1398.73
1408.69
1417.76
1425.82
1432.78
1438.53
1442.96
1445.98
1447.50
1000.63
1019.87
1039.00
1058.02
1076.91
1095.64
1114.20
1132.57
1150.73
1168.67
1186.37
1203.81
1220.98
1237.84
1254.40
1270.62
1286.48
1301.97
1317.05
1331.70
1345.89
1359.58
1372.73
1385.29
1397.20
1408.41
1418.82
1428.34
1436.86
1444.28
1450.44
1455.21
1458.48
1460.14
1004.48
1023.81
1043.05
1062.17
1081.17
1100.01
1118.69
1137.19
1155.48
1173.56
1191.40
1208.99
1226.32
1243.36
1260.09
1276.51
1292.59
1308.30
1323.63
1338.55
1353.04
1367.05
1380.54
1393.49
1405.82
1417.46
1428.35
1438.38
1447.42
1455.35
1461.99
1467.19
1470.77
1472.59
1007.88
1027.31
1046.64
1065.86
1084.95
1103.90
1122.68
1141.29
1159.70
1177.90
1195.87
1213.60
1231.07
1248.27
1265.18
1281.78
1298.05
1313.98
1329.55
1344.72
1359.49
1373.81
1387.65
1400.97
1413.72
1425.83
1437.22
1447.79
1457.41
1465.93
1473.15
1478.86
1482.84
1484.88
1010.85
1030.35
1049.76
1069.07
1088.24
1107.28
1126.16
1144.87
1163.38
1181.69
1199.78
1217.63
1235.24
1252.57
1269.63
1286.40
1302.85
1318.98
1334.76
1350.17
1365.20
1379.82
1393.99
1407.68
1420.84
1433.41
1445.33
1456.48
1466.73
1475.93
1483.84
1490.20
1494.69
1497.03
1013.36
1032.93
1052.42
1071.79
1091.04
1110.16
1129.12
1147.91
1166.51
1184.92
1203.11
1221.07
1238.78
1256.25
1273.44
1290.35
1306.96
1323.26
1339.23
1354.86
1370.13
1385.02
1399.49
1413.53
1427.09
1440.12
1452.56
1464.31
1475.25
1485.21
1493.95
1501.12
1506.32
1509.08
1015.43
1035.06
1054.59
1074.03
1093.34
1112.52
1131.55
1150.41
1169.09
1187.57
1205.84
1223.89
1241.71
1259.27
1276.58
1293.61
1310.36
1326.81
1342.94
1358.76
1374.24
1389.36
1404.11
1418.46
1432.38
1445.84
1458.78
1471.13
1482.78
1493.59
1503.29
1511.52
1517.70
1521.11
1017.04
1036.71
1056.29
1075.77
1095.14
1114.37
1133.45
1152.36
1171.10
1189.64
1207.98
1226.10
1243.99
1261.64
1279.03
1296.16
1313.02
1329.59
1345.86
1361.83
1377.48
1392.79
1407.77
1422.38
1436.62
1450.45
1463.84
1476.75
1489.10
1500.78
1511.58
1521.13
1528.76
1533.28
1018.19
1037.89
1057.51
1077.02
1096.42
1115.69
1134.80
1153.76
1172.54
1191.13
1209.51
1227.68
1245.63
1263.34
1280.80
1298.00
1314.93
1331.59
1347.96
1364.04
1379.81
1395.28
1410.42
1425.24
1439.71
1453.84
1467.60
1480.97
1493.93
1506.42
1518.34
1529.47
1539.24
1546.02
1018.89
1038.60
1058.24
1077.77
1097.19
1116.48
1135.62
1154.60
1173.40
1192.02
1210.43
1228.63
1246.61
1264.36
1281.86
1299.10
1316.09
1332.80
1349.23
1365.37
1381.23
1396.78
1412.03
1426.97
1441.60
1455.92
1469.91
1483.60
1496.98
1510.07
1522.91
1535.53
1547.99
1559.82
1019.12
1038.84
1058.48
1078.02
1097.45
1116.74
1135.89
1154.88
1173.69
1192.31
1210.74
1228.95
1246.94
1264.70
1282.21
1299.47
1316.47
1333.20
1349.65
1365.82
1381.70
1397.29
1412.57
1427.56
1442.24
1456.62
1470.70
1484.49
1498.02
1511.34
1524.54
1537.78
1551.30
1563.57
1018.88
1038.60
1058.24
1077.77
1097.19
1116.48
1135.62
1154.60
1173.40
1192.01
1210.43
1228.63
1246.61
1264.35
1281.85
1299.10
1316.08
1332.79
1349.23
1365.37
1381.22
1396.78
1412.03
1426.97
1441.60
1455.91
1469.91
1483.59
1496.97
1510.07
1522.90
1535.52
1547.98
1559.81
1018.19
1037.89
1057.51
1077.02
1096.42
1115.68
1134.80
1153.75
1172.53
1191.12
1209.51
1227.68
1245.62
1263.33
1280.79
1297.99
1314.93
1331.58
1347.96
1364.03
1379.81
1395.27
1410.41
1425.23
1439.70
1453.83
1467.58
1480.96
1493.91
1506.40
1518.32
1529.45
1539.21
1545.99
1017.04
1036.70
1056.29
1075.77
1095.13
1114.36
1133.44
1152.35
1171.09
1189.63
1207.97
1226.09
1243.98
1261.63
1279.02
1296.15
1313.01
1329.58
1345.85
1361.82
1377.46
1392.78
1407.75
1422.37
1436.60
1450.43
1463.82
1476.73
1489.08
1500.75
1511.55
1521.10
1528.73
1533.25
1015.42
1035.05
1054.59
1074.02
1093.34
1112.51
1131.54
1150.40
1169.08
1187.56
1205.83
1223.88
1241.70
1259.26
1276.57
1293.60
1310.34
1326.79
1342.93
1358.75
1374.22
1389.34
1404.09
1418.44
1432.36
1445.81
1458.75
1471.10
1482.76
1493.56
1503.26
1511.48
1517.66
1521.06
1013.36
1032.92
1052.41
1071.78
1091.04
1110.15
1129.11
1147.90
1166.50
1184.90
1203.09
1221.05
1238.77
1256.23
1273.42
1290.33
1306.95
1323.25
1339.22
1354.85
1370.11
1385.00
1399.47
1413.51
1427.07
1440.09
1452.53
1464.28
1475.22
1485.18
1493.91
1501.08
1506.27
1509.03
1010.84
1030.34
1049.75
1069.05
1088.23
1107.27
1126.15
1144.85
1163.37
1181.68
1199.76
1217.62
1235.22
1252.56
1269.62
1286.38
1302.83
1318.96
1334.74
1350.15
1365.18
1379.79
1393.96
1407.65
1420.81
1433.39
1445.29
1456.44
1466.70
1475.89
1483.80
1490.15
1494.64
1496.98
1007.87
1027.29
1046.62
1065.84
1084.94
1103.88
1122.67
1141.27
1159.69
1177.88
1195.86
1213.59
1231.06
1248.25
1265.16
1281.76
1298.03
1313.96
1329.52
1344.70
1359.46
1373.78
1387.62
1400.94
1413.69
1425.80
1437.18
1447.75
1457.37
1465.89
1473.11
1478.81
1482.79
1484.83
1004.46
1023.80
1043.03
1062.16
1081.15
1100.00
1118.68
1137.17
1155.46
1173.54
1191.38
1208.97
1226.30
1243.34
1260.07
1276.49
1292.56
1308.28
1323.61
1338.53
1353.01
1367.02
1380.51
1393.45
1405.78
1417.43
1428.31
1438.34
1447.38
1455.30
1461.95
1467.14
1470.72
1472.54
1000.62
1019.85
1038.99
1058.01
1076.89
1095.62
1114.18
1132.55
1150.71
1168.65
1186.35
1203.79
1220.95
1237.82
1254.37
1270.59
1286.46
1301.94
1317.02
1331.67
1345.86
1359.55
1372.70
1385.26
1397.17
1408.37
1418.78
1428.30
1436.82
1444.23
1450.39
1455.16
1458.43
1460.09
996.35
1015.47
1034.49
1053.39
1072.16
1090.76
1109.19
1127.43
1145.45
1163.24
1180.78
1198.06
1215.05
1231.73
1248.09
1264.10
1279.74
1294.98
1309.80
1324.17
1338.06
1351.42
1364.22
1376.41
1387.92
1398.69
1408.65
1417.71
1425.78
1432.74
1438.49
1442.91
1445.93
1447.45
991.66
1010.66
1029.56
1048.33
1066.96
1085.43
1103.72
1121.81
1139.68
1157.31
1174.69
1191.79
1208.60
1225.08
1241.23
1257.02
1272.43
1287.43
1301.98
1316.07
1329.65
1342.69
1355.15
1366.96
1378.09
1388.46
1398.01
1406.65
1414.30
1420.87
1426.27
1430.41
1433.21
1434.63
986.55
1005.43
1024.19
1042.83
1061.32
1079.64
1097.78
1115.71
1133.42
1150.89
1168.09
1185.00
1201.62
1217.90
1233.84
1249.40
1264.57
1279.31
1293.59
1307.40
1320.68
1333.40
1345.51
1356.98
1367.74
1377.73
1386.89
1395.15
1402.43
1408.66
1413.76
1417.65
1420.28
1421.60
981.05
999.78
1018.40
1036.89
1055.23
1073.40
1091.38
1109.15
1126.69
1143.98
1160.99
1177.72
1194.13
1210.20
1225.92
1241.25
1256.17
1270.65
1284.67
1298.19
1311.17
1323.57
1335.36
1346.49
1356.90
1366.54
1375.35
1383.27
1390.22
1396.14
1400.97
1404.65
1407.14
1408.38
975.15
993.73
1012.20
1030.54
1048.72
1066.72
1084.54
1102.13
1119.49
1136.60
1153.42
1169.95
1186.15
1202.01
1217.50
1232.59
1247.27
1261.49
1275.24
1288.47
1301.16
1313.26
1324.74
1335.54
1345.62
1354.94
1363.42
1371.02
1377.67
1383.33
1387.93
1391.43
1393.78
1394.96
968.86
987.29
1005.60
1023.77
1041.79
1059.62
1077.26
1094.68
1111.85
1128.76
1145.39
1161.71
1177.70
1193.34
1208.60
1223.46
1237.88
1251.85
1265.33
1278.29
1290.69
1302.49
1313.67
1324.16
1333.94
1342.94
1351.12
1358.44
1364.82
1370.24
1374.64
1377.97
1380.21
1381.34
962.20
980.47
998.61
1016.61
1034.45
1052.11
1069.57
1086.80
1103.78
1120.50
1136.92
1153.03
1168.81
1184.22
1199.25
1213.86
1228.04
1241.75
1254.97
1267.65
1279.77
1291.30
1302.18
1312.38
1321.87
1330.59
1338.49
1345.54
1351.69
1356.89
1361.10
1364.29
1366.43
1367.51
955.18
973.27
991.24
1009.07
1026.73
1044.20
1061.47
1078.51
1095.30
1111.81
1128.02
1143.92
1159.48
1174.66
1189.46
1203.84
1217.77
1231.23
1244.18
1256.60
1268.45
1279.70
1290.30
1300.23
1309.44
1317.89
1325.54
1332.35
1338.28
1343.28
1347.33
1350.39
1352.45
1353.48
947.81
965.72
983.51
1001.15
1018.63
1035.91
1052.98
1069.83
1086.41
1102.72
1118.72
1134.40
1149.74
1164.70
1179.26
1193.40
1207.08
1220.29
1232.99
1245.15
1256.74
1267.72
1278.06
1287.73
1296.68
1304.88
1312.30
1318.88
1324.61
1329.43
1333.33
1336.28
1338.26
1339.25
940.10
957.83
975.43
992.88
1010.16
1027.25
1044.12
1060.76
1077.14
1093.24
1109.03
1124.49
1139.60
1154.33
1168.66
1182.56
1196.01
1208.97
1221.42
1233.33
1244.66
1255.39
1265.48
1274.90
1283.61
1291.58
1298.77
1305.15
1310.69
1315.35
1319.12
1321.96
1323.87
1324.82
932.06
949.60
967.00
984.26
1001.34
1018.23
1034.90
1051.34
1067.50
1083.39
1098.96
1114.20
1129.09
1143.59
1157.69
1171.36
1184.56
1197.28
1209.49
1221.15
1232.24
1242.73
1252.57
1261.76
1270.24
1277.98
1284.97
1291.16
1296.53
1301.04
1304.69
1307.44
1309.28
1310.20
923.71
941.05
958.26
975.31
992.19
1008.88
1025.34
1041.56
1057.52
1073.19
1088.54
1103.56
1118.22
1132.50
1146.36
1159.80
1172.77
1185.25
1197.22
1208.64
1219.50
1229.75
1239.36
1248.32
1256.58
1264.13
1270.92
1276.93
1282.14
1286.52
1290.05
1292.71
1294.50
1295.39
915.06
932.19
949.20
966.05
982.72
999.19
1015.45
1031.45
1047.20
1062.65
1077.78
1092.58
1107.01
1121.06
1134.70
1147.90
1160.64
1172.89
1184.63
1195.82
1206.44
1216.47
1225.87
1234.61
1242.67
1250.02
1256.63
1262.48
1267.54
1271.79
1275.22
1277.80
1279.52
1280.39
906.12
923.04
939.84
956.48
972.94
989.20
1005.24
1021.03
1036.55
1051.79
1066.70
1081.27
1095.49
1109.31
1122.72
1135.69
1148.21
1160.23
1171.74
1182.71
1193.11
1202.91
1212.10
1220.64
1228.50
1235.67
1242.11
1247.80
1252.72
1256.86
1260.19
1262.69
1264.37
1265.21
896.90
913.62
930.20
946.62
962.87
978.91
994.74
1010.31
1025.61
1040.62
1055.31
1069.67
1083.65
1097.25
1110.44
1123.19
1135.47
1147.27
1158.56
1169.31
1179.50
1189.10
1198.08
1206.42
1214.10
1221.09
1227.37
1232.92
1237.71
1241.74
1244.97
1247.41
1249.04
1249.86
887.43
903.92
920.29
936.49
952.52
968.35
983.95
999.30
1014.39
1029.17
1043.64
1057.77
1071.54
1084.91
1097.88
1110.40
1122.47
1134.05
1145.12
1155.66
1165.64
1175.03
1183.82
1191.98
1199.48
1206.30
1212.43
1217.84
1222.51
1226.43
1229.58
1231.96
1233.54
1234.34
877.71
893.98
910.13
926.11
941.92
957.52
972.90
988.03
1002.89
1017.45
1031.70
1045.61
1059.15
1072.30
1085.05
1097.35
1109.20
1120.57
1131.43
1141.76
1151.54
1160.74
1169.34
1177.32
1184.65
1191.32
1197.30
1202.58
1207.13
1210.95
1214.03
1216.34
1217.88
1218.66
867.76
883.81
899.73
915.49
931.07
946.45
961.60
976.51
991.14
1005.48
1019.51
1033.19
1046.51
1059.45
1071.97
1084.06
1095.70
1106.86
1117.51
1127.64
1137.22
1146.23
1154.65
1162.46
1169.63
1176.14
1181.99
1187.14
1191.59
1195.32
1198.31
1200.57
1202.07
1202.83
857.60
873.42
889.10
904.64
919.99
935.14
950.07
964.75
979.16
993.28
1007.08
1020.54
1033.64
1046.36
1058.67
1070.55
1081.97
1092.92
1103.38
1113.31
1122.70
1131.53
1139.77
1147.41
1154.42
1160.80
1166.51
1171.54
1175.89
1179.53
1182.45
1184.65
1186.12
1186.86
847.23
862.82
878.28
893.58
908.70
923.63
938.33
952.78
966.97
980.86
994.44
1007.68
1020.56
1033.06
1045.16
1056.82
1068.04
1078.79
1089.05
1098.79
1107.99
1116.64
1124.72
1132.19
1139.06
1145.29
1150.88
1155.80
1160.04
1163.60
1166.46
1168.60
1170.04
1170.76
836.69
852.04
867.26
882.33
897.22
911.91
926.39
940.61
954.57
968.24
981.60
994.62
1007.28
1019.57
1031.45
1042.91
1053.93
1064.47
1074.54
1084.09
1093.11
1101.59
1109.50
1116.82
1123.54
1129.64
1135.10
1139.92
1144.07
1147.54
1150.34
1152.44
1153.84
1154.54
825.98
841.09
856.07
870.91
885.56
900.03
914.27
928.26
941.99
955.44
968.57
981.38
993.82
1005.90
1017.57
1028.82
1039.64
1049.99
1059.87
1069.24
1078.08
1086.39
1094.14
1101.31
1107.89
1113.86
1119.21
1123.92
1127.98
1131.38
1134.10
1136.16
1137.53
1138.21
815.12
829.99
844.73
859.33
873.75
887.98
901.98
915.75
929.26
942.48
955.39
967.97
980.21
992.07
1003.53
1014.59
1025.20
1035.37
1045.05
1054.24
1062.92
1071.06
1078.66
1085.68
1092.13
1097.97
1103.20
1107.81
1111.78
1115.11
1117.78
1119.79
1121.13
1121.79
804.13
818.75
833.26
847.61
861.80
875.79
889.56
903.10
916.38
929.37
942.07
954.43
966.45
978.10
989.36
1000.22
1010.64
1020.61
1030.11
1039.13
1047.64
1055.62
1063.06
1069.95
1076.26
1081.98
1087.11
1091.62
1095.50
1098.76
1101.37
1103.33
1104.64
1105.30
793.02
807.40
821.66
835.77
849.72
863.48
877.02
890.33
903.38
916.15
928.62
940.77
952.58
964.02
975.08
985.73
995.96
1005.75
1015.07
1023.91
1032.26
1040.08
1047.38
1054.12
1060.31
1065.91
1070.93
1075.35
1079.15
1082.34
1084.89
1086.81
1088.10
1088.74
781.82
795.95
809.97
823.84
837.54
851.06
864.37
877.45
890.27
902.82
915.07
927.01
938.60
949.84
960.69
971.15
981.19
990.80
999.94
1008.61
1016.80
1024.47
1031.62
1038.23
1044.29
1049.78
1054.70
1059.02
1062.75
1065.86
1068.37
1070.25
1071.50
1072.13
770.55
784.43
798.20
811.82
825.29
838.57
851.64
864.49
877.08
889.41
901.44
913.16
924.55
935.58
946.24
956.50
966.35
975.78
984.75
993.25
1001.28
1008.80
1015.81
1022.29
1028.23
1033.61
1038.42
1042.66
1046.31
1049.36
1051.81
1053.65
1054.88
1055.49
759.21
772.85
786.36
799.75
812.97
826.01
838.85
851.47
863.84
875.94
887.75
899.26
910.44
921.27
931.73
941.80
951.47
960.71
969.51
977.85
985.72
993.10
999.97
1006.32
1012.14
1017.41
1022.13
1026.28
1029.85
1032.84
1035.24
1037.04
1038.25
1038.85
747.85
761.23
774.50
787.63
800.61
813.42
826.02
838.41
850.55
862.43
874.03
885.32
896.29
906.92
917.18
927.07
936.55
945.62
954.25
962.43
970.15
977.38
984.11
990.34
996.04
1001.21
1005.83
1009.89
1013.40
1016.32
1018.67
1020.44
1021.62
1022.21
736.46
749.59
762.61
775.50
788.24
800.80
813.17
825.33
837.25
848.90
860.29
871.37
882.13
892.56
902.63
912.33
921.63
930.53
938.99
947.02
954.58
961.67
968.27
974.38
979.96
985.03
989.55
993.54
996.97
999.84
1002.14
1003.87
1005.02
1005.60
725.09
737.96
750.73
763.37
775.87
788.19
800.33
812.25
823.95
835.39
846.55
857.43
867.99
878.22
888.10
897.61
906.73
915.46
923.76
931.63
939.04
945.99
952.47
958.45
963.92
968.89
973.32
977.23
980.59
983.40
985.65
987.35
988.48
989.04
713.74
726.35
738.87
751.27
763.52
775.61
787.52
799.21
810.68
821.90
832.85
843.52
853.88
863.91
873.60
882.93
891.88
900.43
908.58
916.29
923.56
930.37
936.72
942.58
947.95
952.81
957.16
960.99
964.28
967.03
969.24
970.90
972.01
972.56
702.44
714.80
727.07
739.22
751.23
763.08
774.75
786.22
797.47
808.47
819.21
829.67
839.83
849.67
859.17
868.32
877.10
885.48
893.47
901.03
908.16
914.84
921.06
926.80
932.06
936.83
941.09
944.84
948.07
950.76
952.93
954.56
955.64
956.18
691.21
703.32
715.34
727.24
739.01
750.63
762.07
773.31
784.34
795.12
805.66
815.91
825.87
835.52
844.84
853.81
862.41
870.63
878.46
885.87
892.86
899.41
905.51
911.14
916.29
920.97
925.14
928.81
931.98
934.62
936.74
938.34
939.40
939.93
680.08
691.94
703.71
715.37
726.90
738.28
749.49
760.51
771.31
781.89
792.21
802.26
812.03
821.48
830.62
839.41
847.85
855.91
863.58
870.85
877.70
884.12
890.09
895.61
900.67
905.25
909.34
912.94
916.04
918.63
920.71
922.27
923.31
923.83
669.07
680.67
692.20
703.62
714.91
726.06
737.04
747.83
758.42
768.78
778.90
788.75
798.32
807.59
816.55
825.17
833.44
841.34
848.86
855.98
862.70
868.99
874.85
880.26
885.21
889.70
893.71
897.24
900.28
902.82
904.85
906.39
907.41
907.92
658.20
669.56
680.84
692.02
703.07
713.99
724.75
735.32
745.69
755.84
765.76
775.41
784.79
793.88
802.66
811.10
819.21
826.95
834.33
841.31
847.89
854.06
859.80
865.11
869.96
874.36
878.29
881.75
884.73
887.22
889.21
890.71
891.72
892.22
647.51
658.62
669.65
680.59
691.42
702.11
712.64
722.99
733.15
743.10
752.81
762.27
771.47
780.37
788.97
797.25
805.19
812.79
820.01
826.86
833.31
839.36
844.99
850.18
854.94
859.26
863.11
866.50
869.42
871.86
873.81
875.29
876.27
876.76
637.01
647.87
658.67
669.37
679.97
690.43
700.74
710.88
720.84
730.58
740.09
749.36
758.37
767.10
775.52
783.64
791.43
798.87
805.95
812.66
818.99
824.91
830.43
835.53
840.19
844.42
848.20
851.52
854.38
856.77
858.69
860.14
861.10
861.58
626.73
637.36
647.92
658.39
668.76
679.00
689.09
699.02
708.77
718.31
727.63
736.71
745.54
754.09
762.35
770.30
777.93
785.23
792.17
798.75
804.95
810.76
816.17
821.17
825.74
829.89
833.59
836.85
839.65
842.00
843.88
845.30
846.24
846.71
616.70
627.09
637.42
647.67
657.81
667.83
677.71
687.44
696.98
706.33
715.46
724.36
733.00
741.38
749.48
757.27
764.75
771.91
778.71
785.16
791.24
796.94
802.24
807.14
811.63
815.69
819.33
822.52
825.27
827.57
829.42
830.80
831.73
832.19
606.95
617.11
627.21
637.23
647.16
656.97
666.64
676.16
685.51
694.66
703.61
712.32
720.80
729.01
736.95
744.59
751.92
758.93
765.61
771.93
777.89
783.48
788.68
793.49
797.89
801.87
805.44
808.57
811.27
813.52
815.33
816.69
817.60
818.05
597.50
607.43
617.31
627.11
636.83
646.43
655.90
665.22
674.38
683.34
692.11
700.65
708.96
717.01
724.79
732.28
739.47
746.34
752.89
759.09
764.94
770.42
775.52
780.24
784.55
788.46
791.96
795.03
797.68
799.89
801.67
803.00
803.89
804.34
588.38
598.09
607.75
617.35
626.85
636.25
645.53
654.66
663.62
672.41
681.00
689.37
697.51
705.41
713.03
720.38
727.43
734.18
740.60
746.68
752.42
757.80
762.80
767.43
771.67
775.50
778.93
781.95
784.55
786.72
788.46
789.77
790.65
791.08
579.62
589.12
598.57
607.96
617.26
626.47
635.55
644.49
653.28
661.89
670.31
678.52
686.50
694.24
701.73
708.93
715.85
722.47
728.77
734.74
740.37
745.65
750.56
755.11
759.26
763.03
766.40
769.36
771.91
774.04
775.75
777.04
777.90
778.33
571.24
580.53
589.78
598.98
608.09
617.10
626.00
634.77
643.38
651.82
660.08
668.13
675.96
683.56
690.90
697.97
704.76
711.26
717.44
723.31
728.83
734.02
738.84
743.30
747.39
751.09
754.39
757.30
759.81
761.90
763.58
764.85
765.69
766.11
563.27
572.37
581.43
590.43
599.36
608.19
616.91
625.51
633.95
642.24
650.34
658.24
665.92
673.38
680.58
687.53
694.20
700.58
706.65
712.41
717.84
722.94
727.68
732.06
736.07
739.71
742.96
745.82
748.28
750.34
751.99
753.23
754.06
754.48
555.75
564.65
573.53
582.35
591.10
599.76
608.32
616.75
625.04
633.17
641.12
648.87
656.42
663.74
670.82
677.65
684.20
690.47
696.44
702.10
707.44
712.44
717.11
721.41
725.36
728.94
732.13
734.94
737.36
739.39
741.02
742.24
743.05
743.46
548.68
557.41
566.11
574.76
583.35
591.85
600.24
608.52
616.66
624.64
632.45
640.08
647.49
654.69
661.65
668.36
674.80
680.96
686.84
692.41
697.66
702.58
707.17
711.41
715.29
718.81
721.95
724.72
727.10
729.10
730.70
731.90
732.70
733.10
542.10
550.67
559.20
567.70
576.12
584.47
592.72
600.85
608.85
616.70
624.38
631.87
639.17
646.25
653.09
659.70
666.04
672.10
677.88
683.37
688.54
693.38
697.90
702.08
705.90
709.36
712.46
715.19
717.53
719.50
721.07
722.26
723.05
723.44
536.04
544.45
552.83
561.18
569.46
577.67
585.78
593.78
601.65
609.37
616.92
624.30
631.48
638.45
645.20
651.70
657.94
663.92
669.62
675.02
680.11
684.89
689.34
693.46
697.22
700.64
703.69
706.38
708.70
710.63
712.18
713.35
714.13
714.52
535.07
543.48
551.87
560.22
568.51
576.72
584.84
592.85
600.73
608.46
616.03
623.42
630.61
637.60
644.35
650.86
657.12
663.11
668.82
674.23
679.34
684.13
688.59
692.71
696.49
699.91
702.97
705.67
707.99
709.93
711.48
712.65
713.44
713.83
541.15
549.72
558.26
566.76
575.20
583.56
591.81
599.96
607.97
615.83
623.52
631.03
638.33
645.43
652.29
658.90
665.25
671.33
677.13
682.62
687.80
692.66
697.19
701.37
705.21
708.68
711.79
714.52
716.87
718.84
720.42
721.61
722.40
722.80
547.75
556.49
565.20
573.85
582.45
590.96
599.37
607.66
615.81
623.80
631.63
639.26
646.70
653.91
660.88
667.60
674.06
680.24
686.12
691.71
696.97
701.91
706.50
710.75
714.65
718.17
721.33
724.10
726.49
728.49
730.09
731.30
732.10
732.51
554.84
563.76
572.64
581.47
590.23
598.91
607.47
615.92
624.22
632.36
640.33
648.10
655.67
663.00
670.10
676.94
683.50
689.79
695.77
701.45
706.80
711.82
716.49
720.81
724.77
728.35
731.56
734.38
736.81
738.84
740.47
741.69
742.51
742.92
562.39
571.50
580.57
589.58
598.52
607.37
616.11
624.71
633.18
641.47
649.59
657.51
665.21
672.68
679.90
686.87
693.55
699.95
706.04
711.81
717.26
722.36
727.12
731.51
735.53
739.18
742.44
745.31
747.78
749.84
751.50
752.74
753.58
753.99
570.39
579.69
588.95
598.16
607.28
616.31
625.23
634.01
642.64
651.10
659.37
667.44
675.29
682.90
690.26
697.35
704.16
710.68
716.88
722.76
728.30
733.50
738.34
742.81
746.91
750.62
753.93
756.85
759.36
761.47
763.15
764.42
765.26
765.69
578.79
588.30
597.77
607.17
616.49
625.71
634.81
643.78
652.58
661.21
669.65
677.88
685.88
693.64
701.14
708.37
715.31
721.94
728.26
734.25
739.89
745.19
750.12
754.67
758.84
762.62
766.00
768.97
771.53
773.67
775.38
776.67
777.53
777.97
587.58
597.31
606.99
616.60
626.12
635.54
644.83
653.98
662.97
671.77
680.38
688.78
696.94
704.85
712.50
719.87
726.94
733.70
740.14
746.25
752.00
757.39
762.41
767.06
771.30
775.15
778.59
781.62
784.23
786.41
788.15
789.47
790.35
790.78
596.73
606.68
616.58
626.40
636.13
645.75
655.24
664.59
673.76
682.75
691.54
700.10
708.43
716.50
724.30
731.82
739.03
745.93
752.49
758.71
764.58
770.08
775.19
779.92
784.25
788.18
791.68
794.77
797.42
799.64
801.43
802.76
803.66
804.10
606.21
616.39
626.51
636.55
646.50
656.33
666.02
675.57
684.94
694.12
703.08
711.83
720.32
728.56
736.52
744.18
751.54
758.57
765.27
771.61
777.59
783.20
788.42
793.24
797.65
801.65
805.23
808.37
811.08
813.34
815.16
816.52
817.43
817.89
616.00
626.41
636.75
647.02
657.19
667.24
677.14
686.89
696.46
705.83
714.98
723.91
732.58
740.98
749.10
756.92
764.43
771.60
778.43
784.90
791.00
796.72
802.04
806.96
811.46
815.54
819.18
822.39
825.15
827.46
829.31
830.70
831.63
832.09
626.06
636.70
647.29
657.78
668.18
678.44
688.56
698.52
708.29
717.86
727.21
736.32
745.17
753.74
762.03
770.01
777.67
784.99
791.95
798.55
804.77
810.61
816.03
821.05
825.64
829.80
833.52
836.79
839.60
841.95
843.84
845.26
846.21
846.68
636.37
647.26
658.08
668.81
679.43
689.92
700.26
710.43
720.41
730.18
739.72
749.02
758.05
766.81
775.26
783.40
791.22
798.68
805.79
812.53
818.87
824.82
830.36
835.47
840.16
844.40
848.19
851.53
854.40
856.80
858.72
860.17
861.14
861.62
646.90
658.04
669.10
680.07
690.92
701.63
712.20
722.58
732.77
742.75
752.49
761.98
771.20
780.14
788.77
797.07
805.05
812.66
819.92
826.79
833.26
839.33
844.98
850.20
854.98
859.30
863.17
866.57
869.50
871.95
873.92
875.39
876.38
876.87
657.63
669.01
680.32
691.53
702.62
713.56
724.35
734.95
745.36
755.54
765.49
775.18
784.59
793.70
802.51
810.99
819.12
826.89
834.29
841.30
847.91
854.10
859.86
865.19
870.06
874.48
878.42
881.89
884.88
887.38
889.39
890.89
891.90
892.40
668.53
680.16
691.72
703.17
714.49
725.67
736.69
747.51
758.14
768.53
778.68
788.57
798.17
807.47
816.46
825.11
833.41
841.34
848.89
856.04
862.78
869.10
874.98
880.41
885.38
889.89
893.91
897.46
900.50
903.05
905.10
906.64
907.66
908.18
679.57
691.46
703.26
714.96
726.52
737.94
749.18
760.24
771.08
781.68
792.04
802.13
811.93
821.42
830.59
839.41
847.88
855.97
863.67
870.97
877.84
884.29
890.29
895.83
900.91
905.50
909.61
913.23
916.34
918.94
921.03
922.60
923.64
924.17
690.74
702.88
714.94
726.88
738.68
750.33
761.81
773.09
784.15
794.97
805.54
815.83
825.83
835.51
844.86
853.87
862.50
870.76
878.61
886.06
893.07
899.65
905.77
911.42
916.60
921.29
925.48
929.17
932.35
935.00
937.13
938.74
939.80
940.34
702.00
714.40
726.70
738.89
750.94
762.83
774.54
786.05
797.33
808.37
819.15
829.65
839.84
849.72
859.26
868.44
877.25
885.67
893.68
901.28
908.43
915.14
921.39
927.16
932.44
937.23
941.51
945.27
948.51
951.22
953.39
955.03
956.12
956.66
713.34
725.99
738.55
750.98
763.28
775.40
787.35
799.08
810.59
821.85
832.84
843.55
853.95
864.02
873.75
883.11
892.10
900.68
908.86
916.60
923.90
930.75
937.12
943.01
948.40
953.28
957.65
961.49
964.79
967.56
969.78
971.45
972.56
973.12
724.72
737.63
750.44
763.12
775.66
788.03
800.21
812.17
823.91
835.39
846.60
857.51
868.11
878.38
888.30
897.85
907.01
915.77
924.10
932.00
939.45
946.43
952.93
958.94
964.44
969.42
973.88
977.80
981.18
984.00
986.26
987.97
989.10
989.67
736.13
749.30
762.36
775.29
788.07
800.68
813.09
825.29
837.25
848.96
860.38
871.51
882.31
892.78
902.89
912.63
921.97
930.90
939.40
947.46
955.05
962.18
968.81
974.94
980.55
985.63
990.18
994.18
997.63
1000.51
1002.82
1004.56
1005.72
1006.30
747.55
760.97
774.29
787.47
800.49
813.34
825.99
838.42
850.61
862.53
874.17
885.51
896.52
907.19
917.50
927.42
936.95
946.05
954.72
962.94
970.69
977.95
984.72
990.97
996.70
1001.89
1006.53
1010.61
1014.13
1017.07
1019.43
1021.21
1022.39
1022.98
758.95
772.63
786.19
799.62
812.89
825.98
838.86
851.53
863.94
876.09
887.95
899.50
910.72
921.60
932.10
942.21
951.92
961.20
970.04
978.42
986.33
993.73
1000.64
1007.02
1012.86
1018.16
1022.90
1027.06
1030.65
1033.66
1036.07
1037.88
1039.09
1039.70
770.32
784.25
798.06
811.74
825.25
838.58
851.70
864.59
877.24
889.61
901.69
913.46
924.89
935.96
946.67
956.97
966.87
976.33
985.34
993.89
1001.95
1009.50
1016.55
1023.05
1029.02
1034.43
1039.26
1043.52
1047.18
1050.25
1052.71
1054.56
1055.80
1056.42
781.63
795.81
809.87
823.79
837.55
851.11
864.47
877.60
890.47
903.07
915.37
927.35
938.99
950.28
961.18
971.68
981.77
991.41
1000.60
1009.31
1017.53
1025.24
1032.42
1039.06
1045.15
1050.67
1055.61
1059.95
1063.70
1066.83
1069.34
1071.23
1072.50
1073.13
792.86
807.29
821.60
835.77
849.76
863.57
877.16
890.52
903.62
916.44
928.97
941.17
953.02
964.51
975.62
986.32
996.59
1006.42
1015.79
1024.67
1033.05
1040.92
1048.25
1055.02
1061.24
1066.87
1071.91
1076.35
1080.17
1083.37
1085.94
1087.87
1089.16
1089.81
804.00
818.68
833.23
847.64
861.88
875.92
889.75
903.34
916.67
929.72
942.46
954.88
966.95
978.65
989.96
1000.86
1011.33
1021.35
1030.89
1039.95
1048.50
1056.52
1064.00
1070.91
1077.26
1083.01
1088.16
1092.69
1096.60
1099.87
1102.49
1104.47
1105.78
1106.44
815.03
829.95
844.75
859.39
873.87
888.15
902.21
916.03
929.59
942.87
955.83
968.47
980.76
992.67
1004.18
1015.29
1025.95
1036.16
1045.89
1055.12
1063.84
1072.03
1079.66
1086.72
1093.19
1099.07
1104.33
1108.96
1112.95
1116.29
1118.97
1120.99
1122.34
1123.01
825.92
841.08
856.12
871.01
885.72
900.24
914.53
928.59
942.37
955.87
969.06
981.92
994.42
1006.55
1018.27
1029.58
1040.44
1050.84
1060.76
1070.18
1079.07
1087.42
1095.21
1102.41
1109.03
1115.03
1120.40
1125.13
1129.21
1132.63
1135.38
1137.44
1138.82
1139.51
836.66
852.07
867.34
882.47
897.42
912.17
926.69
940.98
954.99
968.72
982.13
995.21
1007.93
1020.27
1032.20
1043.72
1054.78
1065.38
1075.49
1085.09
1094.16
1102.68
1110.63
1117.99
1124.74
1130.87
1136.37
1141.21
1145.38
1148.87
1151.68
1153.79
1155.20
1155.91
847.24
862.88
878.39
893.75
908.93
923.92
938.67
953.19
967.43
981.38
995.02
1008.32
1021.26
1033.81
1045.96
1057.68
1068.96
1079.76
1090.06
1099.85
1109.10
1117.79
1125.91
1133.43
1140.33
1146.59
1152.21
1157.16
1161.42
1165.00
1167.87
1170.04
1171.48
1172.20
857.63
873.51
889.25
904.84
920.26
935.47
950.46
965.20
979.67
993.85
1007.71
1021.23
1034.39
1047.16
1059.53
1071.46
1082.94
1093.94
1104.45
1114.43
1123.87
1132.74
1141.03
1148.71
1155.76
1162.17
1167.91
1172.97
1177.34
1181.00
1183.94
1186.16
1187.64
1188.38
867.82
883.93
899.91
915.73
931.37
946.81
962.03
976.99
991.69
1006.09
1020.18
1033.92
1047.30
1060.30
1072.88
1085.03
1096.72
1107.93
1118.64
1128.82
1138.45
1147.51
1155.97
1163.82
1171.03
1177.58
1183.46
1188.64
1193.12
1196.87
1199.88
1202.15
1203.66
1204.42
877.80
894.14
910.34
926.39
942.25
957.92
973.36
988.55
1003.48
1018.10
1032.41
1046.38
1059.98
1073.20
1086.00
1098.37
1110.28
1121.70
1132.62
1143.00
1152.83
1162.08
1170.72
1178.74
1186.12
1192.82
1198.84
1204.15
1208.73
1212.58
1215.67
1218.00
1219.55
1220.33
887.55
904.11
920.53
936.80
952.89
968.78
984.45
999.86
1015.01
1029.86
1044.40
1058.59
1072.41
1085.85
1098.88
1111.47
1123.59
1135.23
1146.36
1156.95
1166.98
1176.43
1185.27
1193.47
1201.02
1207.88
1214.04
1219.49
1224.19
1228.13
1231.30
1233.69
1235.29
1236.09
897.05
913.83
930.47
946.96
963.27
979.38
995.27
1010.91
1026.27
1041.35
1056.11
1070.52
1084.58
1098.24
1111.49
1124.30
1136.65
1148.51
1159.86
1170.66
1180.90
1190.56
1199.59
1207.98
1215.71
1222.74
1229.06
1234.64
1239.46
1243.51
1246.77
1249.23
1250.87
1251.69
906.29
923.28
940.14
956.84
973.37
989.70
1005.80
1021.66
1037.25
1052.55
1067.53
1082.17
1096.45
1110.34
1123.82
1136.85
1149.43
1161.51
1173.08
1184.11
1194.57
1204.43
1213.67
1222.26
1230.18
1237.39
1243.87
1249.60
1254.55
1258.72
1262.07
1264.59
1266.28
1267.12
915.26
932.45
949.52
966.44
983.18
999.72
1016.04
1032.12
1047.93
1063.45
1078.65
1093.52
1108.02
1122.14
1135.84
1149.11
1161.91
1174.23
1186.03
1197.28
1207.97
1218.05
1227.50
1236.30
1244.41
1251.81
1258.46
1264.35
1269.45
1273.73
1277.18
1279.78
1281.52
1282.39
923.93
941.34
958.61
975.73
992.68
1009.43
1025.97
1042.26
1058.28
1074.02
1089.45
1104.54
1119.27
1133.61
1147.55
1161.05
1174.09
1186.64
1198.67
1210.16
1221.08
1231.39
1241.06
1250.08
1258.40
1265.99
1272.83
1278.89
1284.13
1288.54
1292.10
1294.78
1296.58
1297.48
932.31
949.91
967.38
984.71
1001.86
1018.82
1035.56
1052.06
1068.30
1084.26
1099.90
1115.21
1130.17
1144.75
1158.91
1172.65
1185.93
1198.72
1210.99
1222.72
1233.88
1244.43
1254.34
1263.58
1272.12
1279.92
1286.96
1293.19
1298.60
1303.15
1306.83
1309.60
1311.45
1312.38
940.37
958.16
975.83
993.35
1010.70
1027.86
1044.81
1061.52
1077.97
1094.14
1110.00
1125.54
1140.72
1155.52
1169.93
1183.90
1197.42
1210.45
1222.97
1234.95
1246.36
1257.15
1267.31
1276.79
1285.56
1293.59
1300.83
1307.26
1312.85
1317.55
1321.35
1324.22
1326.14
1327.10
948.10
966.08
983.94
1001.65
1019.19
1036.55
1053.70
1070.61
1087.27
1103.65
1119.73
1135.48
1150.89
1165.92
1180.56
1194.77
1208.54
1221.82
1234.59
1246.83
1258.49
1269.54
1279.96
1289.69
1298.71
1306.97
1314.45
1321.09
1326.86
1331.73
1335.67
1338.64
1340.64
1341.64
955.49
973.65
991.69
1009.59
1027.32
1044.87
1062.21
1079.32
1096.18
1112.77
1129.06
1145.03
1160.66
1175.93
1190.80
1205.26
1219.26
1232.80
1245.83
1258.33
1270.26
1281.58
1292.26
1302.26
1311.54
1320.06
1327.78
1334.65
1340.63
1345.68
1349.77
1352.86
1354.94
1355.98
962.53
980.86
999.08
1017.15
1035.07
1052.80
1070.33
1087.63
1104.69
1121.48
1137.98
1154.17
1170.02
1185.52
1200.62
1215.32
1229.58
1243.37
1256.67
1269.43
1281.64
1293.24
1304.20
1314.49
1324.05
1332.84
1340.82
1347.93
1354.14
1359.39
1363.65
1366.88
1369.04
1370.13
969.21
987.70
1006.08
1024.33
1042.42
1060.33
1078.04
1095.54
1112.79
1129.78
1146.48
1162.88
1178.95
1194.67
1210.01
1224.95
1239.46
1253.51
1267.07
1280.12
1292.60
1304.50
1315.76
1326.34
1336.20
1345.28
1353.54
1360.93
1367.39
1372.86
1377.31
1380.69
1382.95
1384.09
975.51
994.16
1012.70
1031.11
1049.37
1067.45
1085.34
1103.01
1120.45
1137.63
1154.54
1171.14
1187.43
1203.37
1218.94
1234.12
1248.88
1263.19
1277.03
1290.35
1303.13
1315.33
1326.89
1337.79
1347.96
1357.37
1365.94
1373.62
1380.35
1386.08
1390.74
1394.28
1396.67
1397.87
981.42
1000.22
1018.92
1037.48
1055.90
1074.15
1092.20
1110.05
1127.67
1145.03
1162.13
1178.94
1195.43
1211.59
1227.39
1242.81
1257.82
1272.39
1286.50
1300.11
1313.19
1325.70
1337.59
1348.81
1359.33
1369.07
1377.98
1385.98
1393.03
1399.03
1403.93
1407.67
1410.19
1411.46
986.94
1005.89
1024.72
1043.43
1062.00
1080.40
1098.62
1116.63
1134.42
1151.97
1169.25
1186.25
1202.94
1219.32
1235.34
1250.99
1266.25
1281.09
1295.47
1309.37
1322.75
1335.58
1347.80
1359.38
1370.25
1380.35
1389.63
1398.00
1405.38
1411.70
1416.88
1420.84
1423.52
1424.87
992.06
1011.13
1030.10
1048.95
1067.66
1086.21
1104.58
1122.74
1140.70
1158.41
1175.87
1193.06
1209.95
1226.52
1242.76
1258.65
1274.15
1289.24
1303.90
1318.09
1331.78
1344.93
1357.50
1369.44
1380.69
1391.19
1400.86
1409.63
1417.40
1424.08
1429.58
1433.80
1436.67
1438.11
996.76
1015.96
1035.05
1054.03
1072.87
1091.55
1110.06
1128.38
1146.48
1164.36
1181.98
1199.34
1216.42
1233.19
1249.64
1265.75
1281.48
1296.83
1311.76
1326.24
1340.24
1353.72
1366.65
1378.96
1390.61
1401.53
1411.63
1420.84
1429.05
1436.14
1442.02
1446.55
1449.63
1451.20
1001.04
1020.35
1039.56
1058.65
1077.62
1096.42
1115.06
1133.51
1151.76
1169.78
1187.57
1205.10
1222.35
1239.31
1255.95
1272.27
1288.23
1303.82
1319.01
1333.78
1348.09
1361.90
1375.19
1387.89
1399.95
1411.31
1421.89
1431.58
1440.28
1447.85
1454.17
1459.07
1462.44
1464.14
1004.89
1024.30
1043.61
1062.82
1081.89
1100.81
1119.57
1138.15
1156.52
1174.68
1192.61
1210.29
1227.71
1244.84
1261.67
1278.19
1294.37
1310.19
1325.63
1340.67
1355.28
1369.43
1383.07
1396.17
1408.66
1420.49
1431.57
1441.79
1451.04
1459.17
1466.01
1471.38
1475.09
1476.98
1008.31
1027.81
1047.21
1066.51
1085.68
1104.71
1123.57
1142.26
1160.76
1179.04
1197.10
1214.92
1232.48
1249.77
1266.78
1283.48
1299.86
1315.90
1331.58
1346.88
1361.78
1376.24
1390.24
1403.73
1416.66
1428.97
1440.58
1451.39
1461.26
1470.04
1477.51
1483.46
1487.61
1489.76
1011.28
1030.86
1050.35
1069.73
1088.99
1108.10
1127.06
1145.85
1164.45
1182.84
1201.02
1218.96
1236.66
1254.09
1271.25
1288.12
1304.68
1320.92
1336.82
1352.37
1367.54
1382.30
1396.64
1410.51
1423.88
1436.68
1448.84
1460.27
1470.83
1480.36
1488.61
1495.29
1500.04
1502.53
1013.80
1033.45
1053.01
1072.46
1091.79
1110.99
1130.03
1148.90
1167.59
1186.08
1204.36
1222.41
1240.22
1257.78
1275.07
1292.08
1308.81
1325.22
1341.32
1357.09
1372.50
1387.55
1402.20
1416.44
1430.22
1443.50
1456.22
1468.30
1479.62
1490.00
1499.19
1506.83
1512.43
1515.43
1015.88
1035.58
1055.19
1074.70
1094.10
1113.36
1132.47
1151.41
1170.17
1188.74
1207.10
1225.24
1243.15
1260.81
1278.22
1295.36
1312.22
1328.79
1345.06
1361.01
1376.64
1391.93
1406.86
1421.42
1435.58
1449.32
1462.58
1475.31
1487.42
1498.75
1509.08
1517.99
1524.85
1528.70
1017.49
1037.23
1056.90
1076.45
1095.90
1115.21
1134.37
1153.37
1172.19
1190.82
1209.25
1227.46
1245.44
1263.19
1280.69
1297.93
1314.89
1331.59
1347.99
1364.10
1379.90
1395.39
1410.56
1425.40
1439.89
1454.02
1467.77
1481.11
1493.99
1506.33
1517.97
1528.56
1537.40
1542.89
1018.65
1038.42
1058.11
1077.71
1097.18
1116.53
1135.73
1154.77
1173.63
1192.31
1210.78
1229.05
1247.09
1264.89
1282.46
1299.77
1316.82
1333.60
1350.10
1366.33
1382.26
1397.90
1413.25
1428.29
1443.04
1457.48
1471.63
1485.48
1499.04
1512.32
1525.33
1538.01
1550.19
1560.01
1019.34
1039.13
1058.85
1078.46
1097.96
1117.32
1136.55
1155.61
1174.50
1193.20
1211.71
1230.00
1248.08
1265.92
1283.52
1300.88
1317.98
1334.81
1351.38
1367.67
1383.69
1399.42
1414.88
1430.06
1444.96
1459.61
1474.01
1488.20
1502.24
1516.22
1530.32
1544.94
1561.63
1569.56
1019.57
1039.37
1059.09
1078.71
1098.21
1117.59
1136.82
1155.89
1174.79
1193.50
1212.01
1230.32
1248.41
1266.26
1283.88
1301.25
1318.36
1335.22
1351.80
1368.12
1384.16
1399.93
1415.42
1430.64
1445.61
1460.32
1474.81
1489.12
1503.33
1517.57
1532.09
1547.36
1564.76
1572.40
1019.34
1039.13
1058.84
1078.46
1097.96
1117.32
1136.55
1155.61
1174.50
1193.20
1211.70
1230.00
1248.07
1265.92
1283.52
1300.88
1317.97
1334.81
1351.37
1367.67
1383.68
1399.42
1414.87
1430.05
1444.96
1459.60
1474.00
1488.19
1502.23
1516.21
1530.31
1544.93
1561.62
1569.55
1018.64
1038.42
1058.11
1077.70
1097.18
1116.53
1135.73
1154.76
1173.63
1192.30
1210.78
1229.04
1247.08
1264.89
1282.45
1299.76
1316.81
1333.59
1350.10
1366.32
1382.25
1397.89
1413.24
1428.28
1443.03
1457.47
1471.61
1485.46
1499.02
1512.30
1525.30
1537.98
1550.16
1559.98
1017.49
1037.23
1056.89
1076.45
1095.89
1115.20
1134.36
1153.36
1172.18
1190.81
1209.24
1227.45
1245.44
1263.18
1280.68
1297.92
1314.89
1331.58
1347.98
1364.09
1379.89
1395.38
1410.55
1425.38
1439.87
1454.00
1467.75
1481.09
1493.97
1506.31
1517.94
1528.52
1537.36
1542.85
1015.87
1035.57
1055.18
1074.70
1094.09
1113.35
1132.46
1151.40
1170.16
1188.73
1207.09
1225.23
1243.14
1260.80
1278.21
1295.35
1312.21
1328.78
1345.04
1361.00
1376.62
1391.91
1406.84
1421.40
1435.56
1449.30
1462.56
1475.29
1487.39
1498.72
1509.04
1517.94
1524.79
1528.63
1013.80
1033.44
1053.00
1072.45
1091.78
1110.98
1130.02
1148.89
1167.58
1186.07
1204.34
1222.40
1240.21
1257.76
1275.06
1292.07
1308.79
1325.21
1341.31
1357.07
1372.48
1387.53
1402.18
1416.41
1430.19
1443.47
1456.19
1468.27
1479.58
1489.96
1499.14
1506.78
1512.37
1515.37
1011.27
1030.85
1050.33
1069.72
1088.97
1108.09
1127.05
1145.84
1164.43
1182.83
1201.00
1218.95
1236.64
1254.08
1271.23
1288.10
1304.66
1320.90
1336.80
1352.35
1367.51
1382.28
1396.62
1410.49
1423.85
1436.65
1448.81
1460.23
1470.80
1480.31
1488.56
1495.23
1499.98
1502.47
1008.30
1027.79
1047.20
1066.50
1085.67
1104.69
1123.56
1142.25
1160.74
1179.03
1197.08
1214.90
1232.46
1249.76
1266.76
1283.46
1299.84
1315.88
1331.56
1346.86
1361.75
1376.22
1390.21
1403.70
1416.63
1428.94
1440.55
1451.35
1461.22
1469.99
1477.47
1483.40
1487.56
1489.70
1004.88
1024.29
1043.60
1062.80
1081.87
1100.80
1119.55
1138.13
1156.51
1174.67
1192.59
1210.27
1227.69
1244.82
1261.65
1278.16
1294.34
1310.16
1325.61
1340.65
1355.25
1369.40
1383.04
1396.14
1408.63
1420.45
1431.53
1441.75
1451.00
1459.13
1465.97
1471.33
1475.03
1476.93
1001.03
1020.33
1039.54
1058.64
1077.60
1096.41
1115.05
1133.50
1151.74
1169.76
1187.55
1205.07
1222.33
1239.28
1255.93
1272.24
1288.21
1303.80
1318.99
1333.75
1348.06
1361.87
1375.15
1387.85
1399.92
1411.28
1421.85
1431.54
1440.23
1447.81
1454.12
1459.02
1462.38
1464.09
996.74
1015.94
1035.03
1054.01
1072.85
1091.53
1110.04
1128.36
1146.46
1164.33
1181.96
1199.32
1216.40
1233.17
1249.62
1265.72
1281.46
1296.80
1311.73
1326.21
1340.21
1353.69
1366.61
1378.93
1390.57
1401.49
1411.59
1420.79
1429.00
1436.10
1441.97
1446.50
1449.58
1451.14
992.04
1011.11
1030.08
1048.93
1067.64
1086.19
1104.55
1122.72
1140.67
1158.39
1175.85
1193.03
1209.92
1226.50
1242.74
1258.62
1274.12
1289.21
1303.87
1318.06
1331.75
1344.90
1357.47
1369.40
1380.65
1391.15
1400.82
1409.58
1417.35
1424.03
1429.53
1433.75
1436.61
1438.06
986.92
1005.87
1024.70
1043.41
1061.98
1080.38
1098.60
1116.61
1134.40
1151.94
1169.22
1186.22
1202.92
1219.29
1235.31
1250.96
1266.22
1281.05
1295.44
1309.33
1322.72
1335.54
1347.76
1359.34
1370.21
1380.31
1389.58
1397.95
1405.33
1411.66
1416.83
1420.79
1423.47
1424.82
981.40
1000.20
1018.90
1037.46
1055.88
1074.12
1092.18
1110.02
1127.64
1145.01
1162.10
1178.91
1195.40
1211.56
1227.36
1242.78
1257.79
1272.36
1286.47
1300.08
1313.15
1325.66
1337.54
1348.77
1359.28
1369.02
1377.93
1385.94
1392.98
1398.98
1403.88
1407.62
1410.14
1411.40
975.48
994.14
1012.68
1031.09
1049.34
1067.42
1085.31
1102.98
1120.42
1137.60
1154.51
1171.11
1187.40
1203.33
1218.91
1234.09
1248.84
1263.16
1276.99
1290.31
1303.09
1315.28
1326.85
1337.74
1347.92
1357.32
1365.89
1373.57
1380.30
1386.03
1390.69
1394.23
1396.61
1397.81
969.18
987.68
1006.06
1024.30
1042.39
1060.30
1078.01
1095.51
1112.76
1129.75
1146.45
1162.85
1178.92
1194.63
1209.97
1224.91
1239.42
1253.47
1267.03
1280.07
1292.56
1304.45
1315.71
1326.29
1336.15
1345.23
1353.49
1360.88
1367.33
1372.81
1377.26
1380.63
1382.90
1384.04
962.50
980.84
999.05
1017.12
1035.04
1052.77
1070.30
1087.60
1104.66
1121.45
1137.95
1154.14
1169.99
1185.48
1200.59
1215.28
1229.54
1243.33
1256.62
1269.39
1281.59
1293.19
1304.16
1314.44
1324.00
1332.79
1340.77
1347.88
1354.09
1359.34
1363.60
1366.82
1368.99
1370.07
955.46
973.62
991.66
1009.56
1027.29
1044.83
1062.17
1079.29
1096.15
1112.73
1129.02
1145.00
1160.63
1175.89
1190.76
1205.21
1219.22
1232.76
1245.79
1258.28
1270.21
1281.53
1292.21
1302.21
1311.49
1320.01
1327.73
1334.59
1340.57
1345.62
1349.71
1352.81
1354.88
1355.92
948.07
966.05
983.91
1001.62
1019.16
1036.52
1053.66
1070.57
1087.23
1103.61
1119.69
1135.44
1150.85
1165.88
1180.52
1194.73
1208.49
1221.77
1234.55
1246.78
1258.44
1269.49
1279.91
1289.64
1298.66
1306.92
1314.39
1321.03
1326.80
1331.67
1335.61
1338.59
1340.58
1341.58
940.34
958.13
975.80
993.32
1010.67
1027.83
1044.77
1061.48
1077.93
1094.10
1109.96
1125.50
1140.68
1155.48
1169.88
1183.86
1197.37
1210.41
1222.93
1234.90
1246.31
1257.10
1267.26
1276.74
1285.51
1293.53
1300.78
1307.21
1312.79
1317.49
1321.29
1324.16
1326.08
1327.04
932.28
949.88
967.35
984.67
1001.83
1018.78
1035.52
1052.02
1068.26
1084.22
1099.86
1115.17
1130.13
1144.70
1158.87
1172.60
1185.88
1198.67
1210.94
1222.67
1233.83
1244.37
1254.28
1263.53
1272.06
1279.87
1286.90
1293.14
1298.54
1303.10
1306.77
1309.54
1311.39
1312.32
923.90
941.30
958.58
975.70
992.64
1009.40
1025.93
1042.22
1058.24
1073.98
1089.40
1104.49
1119.22
1133.57
1147.50
1161.00
1174.04
1186.59
1198.62
1210.11
1221.02
1231.33
1241.01
1250.02
1258.34
1265.93
1272.77
1278.83
1284.07
1288.48
1292.04
1294.72
1296.52
1297.42
915.22
932.42
949.49
966.40
983.14
999.68
1016.00
1032.08
1047.89
1063.40
1078.61
1093.47
1107.97
1122.09
1135.79
1149.06
1161.86
1174.18
1185.98
1197.23
1207.91
1217.99
1227.45
1236.24
1244.35
1251.75
1258.40
1264.29
1269.38
1273.67
1277.12
1279.72
1281.46
1282.33
906.26
923.24
940.10
956.81
973.33
989.66
1005.76
1021.62
1037.21
1052.51
1067.49
1082.13
1096.40
1110.29
1123.77
1136.80
1149.38
1161.46
1173.03
1184.06
1194.52
1204.38
1213.62
1222.20
1230.12
1237.33
1243.81
1249.54
1254.49
1258.65
1262.00
1264.53
1266.22
1267.06
897.01
913.79
930.43
946.92
963.23
979.34
995.22
1010.86
1026.23
1041.30
1056.06
1070.48
1084.53
1098.19
1111.44
1124.25
1136.60
1148.45
1159.80
1170.61
1180.85
1190.50
1199.53
1207.92
1215.65
1222.68
1229.00
1234.58
1239.40
1243.45
1246.71
1249.16
1250.80
1251.62
887.51
904.07
920.49
936.76
952.85
968.74
984.40
999.82
1014.96
1029.81
1044.35
1058.54
1072.36
1085.80
1098.83
1111.41
1123.54
1135.18
1146.30
1156.90
1166.93
1176.37
1185.21
1193.41
1200.95
1207.82
1213.98
1219.42
1224.12
1228.07
1231.24
1233.63
1235.22
1236.02
877.76
894.10
910.30
926.34
942.21
957.88
973.32
988.51
1003.43
1018.06
1032.36
1046.33
1059.93
1073.15
1085.95
1098.31
1110.22
1121.64
1132.56
1142.94
1152.77
1162.02
1170.66
1178.68
1186.06
1192.76
1198.78
1204.08
1208.67
1212.51
1215.60
1217.93
1219.49
1220.26
867.78
883.89
899.87
915.68
931.33
946.77
961.98
976.95
991.64
1006.04
1020.13
1033.87
1047.25
1060.24
1072.82
1084.97
1096.66
1107.87
1118.58
1128.76
1138.39
1147.45
1155.91
1163.76
1170.96
1177.52
1183.39
1188.57
1193.05
1196.80
1199.81
1202.08
1203.60
1204.35
857.59
873.47
889.21
904.80
920.21
935.42
950.41
965.15
979.62
993.80
1007.65
1021.18
1034.33
1047.11
1059.47
1071.40
1082.88
1093.88
1104.39
1114.37
1123.81
1132.68
1140.96
1148.64
1155.69
1162.10
1167.84
1172.91
1177.27
1180.93
1183.88
1186.09
1187.57
1188.31
847.20
862.84
878.35
893.71
908.89
923.87
938.63
953.14
967.38
981.33
994.97
1008.26
1021.20
1033.76
1045.90
1057.63
1068.90
1079.69
1090.00
1099.79
1109.04
1117.73
1125.84
1133.36
1140.26
1146.53
1152.14
1157.09
1161.36
1164.93
1167.80
1169.97
1171.41
1172.13
836.62
852.02
867.30
882.42
897.37
912.12
926.64
940.93
954.94
968.67
982.08
995.15
1007.87
1020.21
1032.15
1043.66
1054.72
1065.32
1075.43
1085.03
1094.10
1102.62
1110.56
1117.92
1124.68
1130.81
1136.30
1141.14
1145.31
1148.80
1151.61
1153.72
1155.13
1155.83
825.88
841.04
856.08
870.96
885.67
900.19
914.48
928.54
942.32
955.82
969.01
981.86
994.36
1006.49
1018.21
1029.52
1040.38
1050.78
1060.70
1070.11
1079.00
1087.35
1095.14
1102.35
1108.96
1114.96
1120.33
1125.06
1129.14
1132.56
1135.30
1137.37
1138.75
1139.43
814.98
829.90
844.70
859.35
873.82
888.10
902.16
915.98
929.54
942.81
955.78
968.41
980.70
992.61
1004.12
1015.22
1025.89
1036.10
1045.83
1055.06
1063.78
1071.96
1079.59
1086.65
1093.12
1099.00
1104.26
1108.89
1112.88
1116.22
1118.90
1120.92
1122.27
1122.94
803.96
818.63
833.19
847.59
861.83
875.87
889.70
903.29
916.61
929.66
942.40
954.82
966.89
978.59
989.90
1000.80
1011.26
1021.28
1030.83
1039.88
1048.43
1056.45
1063.93
1070.84
1077.19
1082.94
1088.09
1092.62
1096.52
1099.79
1102.42
1104.39
1105.71
1106.37
792.82
807.25
821.55
835.72
849.71
863.52
877.11
890.47
903.57
916.39
928.91
941.11
952.96
964.45
975.56
986.25
996.53
1006.36
1015.72
1024.60
1032.98
1040.85
1048.18
1054.95
1061.17
1066.80
1071.84
1076.28
1080.10
1083.30
1085.87
1087.80
1089.09
1089.73
781.58
795.76
809.82
823.74
837.49
851.06
864.42
877.54
890.41
903.01
915.31
927.29
938.93
950.21
961.12
971.62
981.70
991.34
1000.53
1009.24
1017.46
1025.17
1032.35
1038.99
1045.08
1050.60
1055.53
1059.88
1063.62
1066.75
1069.27
1071.16
1072.42
1073.05
770.27
784.20
798.01
811.69
825.20
838.52
851.64
864.54
877.18
889.55
901.63
913.39
924.83
935.90
946.60
956.91
966.80
976.26
985.28
993.82
1001.88
1009.43
1016.47
1022.98
1028.95
1034.35
1039.19
1043.44
1047.11
1050.18
1052.64
1054.49
1055.72
1056.34
758.91
772.58
786.14
799.57
812.84
825.92
838.81
851.47
863.88
876.03
887.89
899.44
910.66
921.53
932.03
942.15
951.86
961.14
969.97
978.35
986.25
993.66
1000.56
1006.94
1012.79
1018.08
1022.82
1026.99
1030.58
1033.58
1035.99
1037.80
1039.01
1039.62
747.50
760.92
774.24
787.41
800.44
813.28
825.93
838.36
850.55
862.47
874.11
885.45
896.46
907.13
917.43
927.36
936.88
945.98
954.65
962.87
970.62
977.88
984.64
990.89
996.62
1001.81
1006.45
1010.54
1014.05
1016.99
1019.35
1021.13
1022.31
1022.90
736.09
749.25
762.31
775.24
788.02
800.63
813.04
825.23
837.19
848.90
860.32
871.44
882.25
892.72
902.83
912.56
921.90
930.83
939.33
947.39
954.98
962.10
968.73
974.86
980.47
985.56
990.11
994.11
997.55
1000.43
1002.74
1004.48
1005.64
1006.22
724.67
737.58
750.39
763.07
775.61
787.97
800.15
812.11
823.85
835.33
846.53
857.45
868.05
878.32
888.23
897.78
906.94
915.70
924.03
931.93
939.38
946.36
952.86
958.86
964.36
969.35
973.80
977.72
981.10
983.92
986.19
987.89
989.02
989.59
713.29
725.94
738.50
750.93
763.22
775.35
787.29
799.02
810.53
821.79
832.78
843.49
853.88
863.95
873.68
883.04
892.03
900.61
908.79
916.53
923.83
930.67
937.04
942.93
948.32
953.20
957.57
961.41
964.72
967.48
969.70
971.37
972.48
973.04
701.95
714.35
726.65
738.84
750.89
762.77
774.48
785.99
797.27
808.31
819.09
829.58
839.78
849.65
859.19
868.37
877.18
885.60
893.61
901.20
908.36
915.07
921.31
927.08
932.36
937.15
941.43
945.19
948.43
951.14
953.31
954.95
956.04
956.58
690.69
702.83
714.88
726.82
738.63
750.28
761.75
773.03
784.09
794.91
805.48
815.77
825.76
835.44
844.79
853.80
862.43
870.68
878.54
885.98
893.00
899.57
905.69
911.35
916.52
921.21
925.41
929.09
932.27
934.92
937.05
938.65
939.72
940.26
679.52
691.41
703.21
714.91
726.47
737.88
749.12
760.18
771.01
781.62
791.98
802.06
811.86
821.35
830.52
839.34
847.81
855.90
863.60
870.89
877.77
884.21
890.21
895.75
900.83
905.42
909.53
913.15
916.26
918.86
920.95
922.51
923.56
924.08
668.48
680.11
691.67
703.11
714.44
725.62
736.63
747.45
758.07
768.47
778.62
788.50
798.10
807.41
816.39
825.04
833.34
841.27
848.81
855.96
862.70
869.02
874.90
880.33
885.30
889.81
893.83
897.38
900.42
902.97
905.02
906.56
907.58
908.09
657.58
668.96
680.27
691.47
702.56
713.50
724.29
734.89
745.30
755.48
765.42
775.11
784.52
793.63
802.44
810.91
819.05
826.82
834.22
841.23
847.83
854.02
859.78
865.11
869.98
874.40
878.34
881.81
884.80
887.30
889.31
890.81
891.82
892.32
646.85
657.98
669.04
680.01
690.86
701.58
712.14
722.52
732.71
742.68
752.43
761.92
771.14
780.07
788.70
797.00
804.97
812.59
819.84
826.71
833.18
839.25
844.90
850.12
854.90
859.22
863.09
866.49
869.42
871.87
873.83
875.31
876.30
876.79
636.32
647.21
658.02
668.75
679.37
689.86
700.20
710.37
720.34
730.11
739.66
748.95
757.98
766.74
775.19
783.33
791.14
798.61
805.72
812.45
818.80
824.74
830.28
835.39
840.08
844.32
848.11
851.44
854.32
856.72
858.64
860.09
861.06
861.54
626.01
636.65
647.23
657.73
668.12
678.38
688.50
698.46
708.23
717.80
727.14
736.25
745.10
753.68
761.96
769.94
777.59
784.91
791.88
798.48
804.70
810.53
815.95
820.97
825.56
829.72
833.43
836.70
839.52
841.87
843.76
845.18
846.13
846.60
615.95
626.35
636.70
646.97
657.13
667.18
677.08
686.83
696.39
705.76
714.92
723.84
732.51
740.91
749.03
756.85
764.36
771.53
778.36
784.83
790.92
796.64
801.96
806.88
811.38
815.46
819.10
822.31
825.07
827.37
829.22
830.62
831.54
832.01
606.16
616.34
626.45
636.50
646.44
656.27
665.97
675.51
684.87
694.05
703.02
711.76
720.25
728.49
736.45
744.11
751.46
758.50
765.19
771.53
777.51
783.12
788.34
793.16
797.57
801.57
805.14
808.29
810.99
813.26
815.07
816.44
817.35
817.80
596.68
606.63
616.52
626.34
636.07
645.69
655.18
664.53
673.70
682.69
691.47
700.04
708.36
716.43
724.23
731.75
738.96
745.85
752.41
758.64
764.50
770.00
775.11
779.84
784.17
788.09
791.60
794.68
797.34
799.56
801.34
802.68
803.57
804.02
587.53
597.26
606.93
616.54
626.06
635.48
644.77
653.92
662.90
671.71
680.32
688.71
696.87
704.78
712.43
719.80
726.87
733.63
740.07
746.17
751.92
757.31
762.34
766.97
771.22
775.07
778.51
781.54
784.14
786.32
788.07
789.38
790.26
790.70
578.74
588.25
597.72
607.12
616.44
625.66
634.75
643.71
652.52
661.15
669.58
677.81
685.81
693.57
701.07
708.30
715.23
721.87
728.18
734.17
739.82
745.11
750.04
754.59
758.76
762.54
765.92
768.89
771.44
773.58
775.30
776.59
777.45
777.88
570.34
579.64
588.90
598.10
607.23
616.26
625.17
633.95
642.58
651.04
659.31
667.38
675.22
682.83
690.19
697.28
704.09
710.60
716.80
722.68
728.22
733.42
738.26
742.73
746.82
750.53
753.85
756.77
759.28
761.38
763.07
764.33
765.18
765.60
562.35
571.45
580.51
589.53
598.46
607.31
616.05
624.65
633.11
641.41
649.52
657.44
665.14
672.61
679.83
686.79
693.48
699.87
705.96
711.73
717.18
722.28
727.04
731.43
735.45
739.10
742.36
745.22
747.69
749.76
751.41
752.66
753.49
753.91
554.79
563.70
572.59
581.42
590.18
598.85
607.42
615.86
624.16
632.30
640.26
648.04
655.60
662.93
670.03
676.86
683.43
689.71
695.70
701.37
706.72
711.74
716.41
720.73
724.69
728.27
731.48
734.30
736.72
738.75
740.38
741.61
742.42
742.83
547.70
556.44
565.14
573.80
582.39
590.90
599.31
607.60
615.75
623.74
631.56
639.20
646.63
653.84
660.81
667.53
673.99
680.16
686.05
691.63
696.89
701.83
706.42
710.67
714.57
718.09
721.25
724.02
726.41
728.41
730.01
731.21
732.02
732.42
541.10
549.67
558.21
566.71
575.14
583.50
591.76
599.90
607.90
615.76
623.45
630.96
638.27
645.36
652.21
658.83
665.18
671.26
677.05
682.54
687.73
692.58
697.11
701.29
705.13
708.60
711.70
714.44
716.79
718.76
720.34
721.52
722.32
722.71
535.02
543.43
551.82
560.17
568.45
576.67
584.78
592.79
600.67
608.40
615.97
623.35
630.54
637.53
644.28
650.79
657.05
663.04
668.74
674.15
679.26
684.05
688.51
692.63
696.41
699.83
702.89
705.58
707.90
709.84
711.40
712.57
713.35
713.74
