560.98
569.30
577.56
585.76
593.88
601.90
609.80
617.57
625.20
632.66
639.96
647.06
653.96
660.65
667.10
673.31
679.28
684.97
690.39
695.52
700.36
704.89
709.11
713.00
716.56
719.79
722.67
725.21
727.39
729.22
730.68
731.78
732.51
732.88
566.51
574.96
583.34
591.66
599.89
608.02
616.03
623.91
631.64
639.20
646.59
653.79
660.78
667.55
674.08
680.38
686.41
692.18
697.66
702.86
707.75
712.34
716.61
720.55
724.15
727.42
730.34
732.90
735.11
736.96
738.44
739.55
740.29
740.66
572.52
581.10
589.61
598.06
606.41
614.66
622.79
630.78
638.62
646.30
653.79
661.08
668.17
675.03
681.66
688.03
694.15
699.99
705.55
710.81
715.77
720.41
724.74
728.73
732.38
735.69
738.64
741.24
743.48
745.35
746.85
747.97
748.72
749.10
578.98
587.70
596.35
604.93
613.42
621.80
630.05
638.16
646.12
653.91
661.51
668.91
676.10
683.06
689.78
696.25
702.45
708.38
714.01
719.35
724.37
729.08
733.46
737.51
741.21
744.56
747.56
750.19
752.46
754.35
755.87
757.01
757.78
758.16
585.86
594.73
603.53
612.26
620.88
629.40
637.78
646.03
654.11
662.02
669.74
677.26
684.55
691.62
698.44
705.00
711.30
717.31
723.03
728.44
733.54
738.32
742.76
746.86
750.62
754.02
757.06
759.73
762.02
763.95
765.49
766.64
767.42
767.80
593.15
602.17
611.13
620.01
628.78
637.44
645.97
654.35
662.56
670.60
678.44
686.08
693.49
700.67
707.60
714.26
720.65
726.75
732.56
738.05
743.23
748.08
752.59
756.75
760.57
764.02
767.10
769.81
772.14
774.09
775.65
776.83
777.61
778.01
600.82
610.01
619.12
628.16
637.09
645.90
654.57
663.09
671.45
679.62
687.59
695.36
702.89
710.18
717.22
723.99
730.48
736.68
742.58
748.16
753.42
758.34
762.92
767.15
771.02
774.52
777.65
780.41
782.77
784.75
786.34
787.53
788.33
788.73
608.84
618.20
627.49
636.68
645.78
654.74
663.57
672.24
680.74
689.05
697.16
705.05
712.71
720.13
727.28
734.16
740.76
747.06
753.05
758.73
764.07
769.07
773.72
778.02
781.95
785.51
788.69
791.49
793.89
795.90
797.51
798.73
799.53
799.94
617.19
626.73
636.19
645.56
654.82
663.95
672.93
681.76
690.41
698.87
707.12
715.14
722.93
730.47
737.75
744.75
751.46
757.86
763.95
769.72
775.15
780.23
784.96
789.33
793.32
796.94
800.17
803.01
805.46
807.50
809.14
810.37
811.19
811.60
625.85
635.57
645.21
654.76
664.19
673.48
682.63
691.62
700.42
709.03
717.43
725.59
733.52
741.19
748.59
755.71
762.53
769.05
775.24
781.10
786.62
791.79
796.60
801.04
805.10
808.78
812.07
814.95
817.44
819.52
821.18
822.43
823.27
823.69
634.79
644.70
654.52
664.25
673.86
683.33
692.65
701.79
710.76
719.52
728.06
736.38
744.44
752.25
759.78
767.02
773.96
780.59
786.89
792.85
798.46
803.72
808.61
813.13
817.26
821.00
824.34
827.28
829.80
831.91
833.61
834.88
835.73
836.16
643.98
654.09
664.10
674.01
683.80
693.45
702.94
712.26
721.38
730.30
739.00
747.46
755.67
763.61
771.28
778.65
785.71
792.45
798.86
804.93
810.64
815.99
820.96
825.56
829.76
833.56
836.96
839.95
842.52
844.66
846.39
847.68
848.55
848.98
653.41
663.71
673.92
684.02
693.99
703.82
713.49
722.98
732.27
741.35
750.21
758.82
767.18
775.26
783.06
790.56
797.74
804.60
811.13
817.30
823.11
828.56
833.62
838.29
842.57
846.44
849.89
852.93
855.55
857.73
859.49
860.80
861.68
862.12
663.04
673.55
683.95
694.24
704.40
714.42
724.26
733.93
743.39
752.64
761.65
770.42
778.93
787.16
795.10
802.73
810.04
817.02
823.66
829.94
835.86
841.40
846.55
851.30
855.65
859.59
863.11
866.20
868.86
871.09
872.87
874.21
875.11
875.55
672.86
683.57
694.17
704.66
715.01
725.21
735.24
745.08
754.72
764.13
773.31
782.24
790.90
799.28
807.36
815.13
822.57
829.68
836.43
842.83
848.85
854.48
859.72
864.56
868.99
873.00
876.58
879.73
882.44
884.70
886.51
887.88
888.79
889.24
682.84
693.75
704.56
715.24
725.79
736.18
746.39
756.41
766.23
775.82
785.16
794.25
803.06
811.59
819.82
827.72
835.30
842.53
849.41
855.92
862.04
867.78
873.12
878.04
882.55
886.63
890.27
893.48
896.23
898.54
900.39
901.77
902.70
903.16
692.96
704.08
715.09
725.97
736.71
747.29
757.69
767.90
777.89
787.65
797.17
806.42
815.39
824.07
832.44
840.49
848.20
855.57
862.56
869.19
875.43
881.26
886.70
891.71
896.30
900.45
904.16
907.42
910.23
912.57
914.45
915.87
916.81
917.28
703.19
714.51
725.73
736.82
747.76
758.53
769.12
779.51
789.68
799.62
809.31
818.72
827.86
836.69
845.21
853.40
861.25
868.75
875.87
882.61
888.96
894.91
900.44
905.54
910.21
914.44
918.21
921.53
924.39
926.78
928.69
930.13
931.09
931.57
713.51
725.05
736.47
747.76
758.90
769.87
780.65
791.23
801.58
811.69
821.55
831.14
840.43
849.43
858.10
866.44
874.43
882.05
889.30
896.17
902.63
908.68
914.31
919.50
924.26
928.56
932.41
935.79
938.69
941.13
943.08
944.54
945.52
946.01
723.90
735.65
747.28
758.78
770.11
781.28
792.25
803.02
813.56
823.85
833.88
843.64
853.10
862.25
871.08
879.56
887.69
895.45
902.83
909.82
916.40
922.56
928.29
933.58
938.41
942.80
946.71
950.15
953.11
955.59
957.58
959.07
960.06
960.56
734.34
746.30
758.14
769.84
781.38
792.75
803.91
814.87
825.59
836.06
846.27
856.20
865.83
875.14
884.12
892.75
901.03
908.93
916.44
923.55
930.24
936.51
942.35
947.73
952.66
957.12
961.11
964.61
967.62
970.15
972.17
973.69
974.70
975.21
744.81
756.99
769.04
780.94
792.68
804.24
815.60
826.75
837.66
848.31
858.70
868.80
878.59
888.07
897.21
905.99
914.41
922.45
930.09
937.33
944.15
950.53
956.46
961.95
966.96
971.51
975.56
979.13
982.20
984.77
986.83
988.38
989.41
989.92
755.29
767.68
779.93
792.04
803.99
815.75
827.31
838.64
849.74
860.58
871.14
881.41
891.38
901.01
910.31
919.25
927.82
936.00
943.78
951.14
958.08
964.57
970.62
976.20
981.31
985.93
990.06
993.70
996.82
999.44
1001.54
1003.11
1004.16
1004.69
765.76
778.36
790.82
803.14
815.28
827.24
839.00
850.52
861.81
872.83
883.57
894.02
904.16
913.96
923.42
932.51
941.23
949.55
957.47
964.96
972.02
978.63
984.78
990.46
995.66
1000.37
1004.58
1008.28
1011.46
1014.13
1016.26
1017.87
1018.94
1019.47
776.20
789.00
801.68
814.20
826.55
838.71
850.65
862.37
873.85
885.05
895.98
906.60
916.91
926.88
936.50
945.75
954.61
963.08
971.14
978.76
985.95
992.67
998.94
1004.72
1010.01
1014.81
1019.09
1022.86
1026.10
1028.82
1030.99
1032.63
1033.72
1034.26
786.58
799.60
812.48
825.21
837.76
850.12
862.26
874.17
885.83
897.23
908.33
919.13
929.61
939.75
949.53
958.94
967.96
976.57
984.77
992.53
999.84
1006.69
1013.06
1018.95
1024.34
1029.22
1033.58
1037.42
1040.72
1043.49
1045.70
1047.37
1048.48
1049.03
796.90
810.13
823.22
836.15
848.90
861.46
873.80
885.90
897.75
909.33
920.62
931.60
942.25
952.55
962.50
972.07
981.24
990.00
998.34
1006.23
1013.67
1020.64
1027.13
1033.13
1038.61
1043.58
1048.03
1051.94
1055.30
1058.11
1060.37
1062.07
1063.20
1063.76
807.14
820.57
833.87
847.00
859.95
872.71
885.24
897.54
909.58
921.34
932.81
943.97
954.80
965.27
975.38
985.11
994.44
1003.35
1011.83
1019.86
1027.43
1034.53
1041.13
1047.23
1052.82
1057.88
1062.41
1066.39
1069.81
1072.68
1074.98
1076.71
1077.86
1078.44
817.27
830.91
844.41
857.75
870.90
883.85
896.58
909.07
921.30
933.25
944.90
956.24
967.24
977.89
988.16
998.05
1007.54
1016.60
1025.23
1033.40
1041.10
1048.32
1055.04
1061.25
1066.94
1072.09
1076.70
1080.76
1084.25
1087.17
1089.51
1091.27
1092.44
1093.03
827.29
841.13
854.83
868.37
881.72
894.87
907.79
920.47
932.89
945.03
956.86
968.38
979.55
990.37
1000.82
1010.87
1020.51
1029.73
1038.50
1046.81
1054.65
1062.00
1068.84
1075.16
1080.95
1086.20
1090.89
1095.02
1098.58
1101.55
1103.94
1105.73
1106.93
1107.53
837.17
851.21
865.12
878.85
892.40
905.74
918.86
931.73
944.34
956.66
968.67
980.37
991.72
1002.72
1013.33
1023.55
1033.35
1042.72
1051.64
1060.10
1068.07
1075.54
1082.51
1088.94
1094.84
1100.18
1104.96
1109.17
1112.79
1115.82
1118.25
1120.08
1121.30
1121.91
846.89
861.14
875.24
889.17
902.92
916.46
929.76
942.83
955.62
968.13
980.33
992.20
1003.73
1014.90
1025.68
1036.07
1046.03
1055.55
1064.63
1073.23
1081.34
1088.94
1096.03
1102.58
1108.58
1114.02
1118.89
1123.18
1126.87
1129.96
1132.43
1134.30
1135.54
1136.16
856.46
870.90
885.20
899.33
913.26
926.99
940.49
953.74
966.72
979.41
991.80
1003.85
1015.56
1026.90
1037.86
1048.40
1058.53
1068.21
1077.44
1086.18
1094.43
1102.17
1109.38
1116.05
1122.16
1127.71
1132.66
1137.03
1140.79
1143.94
1146.46
1148.36
1149.63
1150.26
865.84
880.48
894.97
909.29
923.42
937.34
951.02
964.46
977.63
990.51
1003.07
1015.31
1027.19
1038.71
1049.83
1060.55
1070.84
1080.68
1090.05
1098.95
1107.34
1115.21
1122.55
1129.34
1135.56
1141.21
1146.26
1150.70
1154.54
1157.74
1160.32
1162.25
1163.55
1164.19
875.02
889.85
904.53
919.04
933.36
947.47
961.35
974.97
988.32
1001.38
1014.13
1026.54
1038.61
1050.30
1061.59
1072.48
1082.93
1092.93
1102.46
1111.51
1120.04
1128.05
1135.52
1142.43
1148.77
1154.51
1159.66
1164.19
1168.09
1171.36
1173.98
1175.96
1177.28
1177.93
883.99
899.01
913.88
928.58
943.09
957.38
971.44
985.25
998.79
1012.03
1024.96
1037.55
1049.79
1061.65
1073.12
1084.17
1094.79
1104.95
1114.64
1123.84
1132.52
1140.67
1148.27
1155.30
1161.75
1167.60
1172.84
1177.46
1181.44
1184.77
1187.44
1189.46
1190.80
1191.47
892.74
907.95
923.00
937.88
952.57
967.05
981.30
995.29
1009.01
1022.43
1035.54
1048.31
1060.72
1072.76
1084.40
1095.62
1106.41
1116.73
1126.58
1135.92
1144.75
1153.04
1160.77
1167.93
1174.50
1180.46
1185.80
1190.50
1194.55
1197.95
1200.68
1202.73
1204.10
1204.78
901.25
916.64
931.87
946.94
961.81
976.47
990.89
1005.07
1018.96
1032.56
1045.85
1058.80
1071.39
1083.60
1095.41
1106.81
1117.76
1128.24
1138.25
1147.74
1156.72
1165.15
1173.02
1180.30
1186.99
1193.06
1198.50
1203.29
1207.42
1210.88
1213.66
1215.76
1217.15
1217.85
909.51
925.07
940.49
955.73
970.78
985.61
1000.22
1014.57
1028.64
1042.42
1055.88
1069.01
1081.77
1094.16
1106.14
1117.70
1128.82
1139.47
1149.63
1159.28
1168.41
1176.98
1184.99
1192.40
1199.21
1205.39
1210.93
1215.81
1220.02
1223.55
1226.39
1228.52
1229.94
1230.65
917.50
933.24
948.83
964.24
979.47
994.48
1009.25
1023.78
1038.03
1051.98
1065.62
1078.92
1091.86
1104.41
1116.57
1128.30
1139.58
1150.39
1160.71
1170.52
1179.80
1188.52
1196.66
1204.20
1211.13
1217.43
1223.07
1228.04
1232.34
1235.93
1238.82
1241.00
1242.45
1243.17
925.22
941.12
956.88
972.47
987.86
1003.04
1017.99
1032.69
1047.11
1061.23
1075.04
1088.51
1101.62
1114.35
1126.67
1138.57
1150.02
1161.00
1171.48
1181.44
1190.87
1199.73
1208.01
1215.69
1222.74
1229.15
1234.90
1239.97
1244.34
1248.00
1250.95
1253.17
1254.65
1255.39
932.65
948.72
964.63
980.38
995.94
1011.29
1026.41
1041.27
1055.86
1070.16
1084.14
1097.78
1111.06
1123.95
1136.44
1148.51
1160.12
1171.26
1181.90
1192.02
1201.60
1210.61
1219.03
1226.84
1234.02
1240.54
1246.39
1251.55
1256.01
1259.75
1262.75
1265.01
1266.52
1267.27
939.77
956.00
972.08
987.99
1003.71
1019.22
1034.50
1049.52
1064.28
1078.74
1092.88
1106.69
1120.14
1133.20
1145.86
1158.09
1169.86
1181.16
1191.96
1202.24
1211.97
1221.12
1229.68
1237.63
1244.93
1251.57
1257.53
1262.79
1267.33
1271.13
1274.19
1276.50
1278.04
1278.81
946.58
962.96
979.20
995.26
1011.14
1026.80
1042.24
1057.43
1072.34
1086.96
1101.27
1115.24
1128.85
1142.08
1154.90
1167.29
1179.23
1190.69
1201.65
1212.08
1221.96
1231.26
1239.96
1248.03
1255.46
1262.22
1268.29
1273.64
1278.26
1282.14
1285.26
1287.61
1289.18
1289.96
953.07
969.60
985.98
1002.19
1018.22
1034.04
1049.63
1064.97
1080.04
1094.82
1109.28
1123.41
1137.18
1150.57
1163.55
1176.10
1188.20
1199.82
1210.93
1221.51
1231.54
1240.99
1249.83
1258.04
1265.59
1272.46
1278.64
1284.09
1288.80
1292.75
1295.93
1298.32
1299.92
1300.72
959.23
975.89
992.41
1008.77
1024.94
1040.90
1056.64
1072.13
1087.35
1102.28
1116.90
1131.19
1145.11
1158.65
1171.79
1184.50
1196.75
1208.53
1219.79
1230.53
1240.70
1250.29
1259.27
1267.61
1275.29
1282.28
1288.56
1294.10
1298.90
1302.92
1306.16
1308.60
1310.23
1311.04
965.04
981.84
998.49
1014.98
1031.29
1047.40
1063.27
1078.91
1094.27
1109.35
1124.12
1138.55
1152.62
1166.32
1179.61
1192.47
1204.87
1216.80
1228.21
1239.10
1249.42
1259.15
1268.26
1276.73
1284.53
1291.64
1298.02
1303.67
1308.54
1312.64
1315.93
1318.42
1320.08
1320.90
970.49
987.42
1004.20
1020.82
1037.26
1053.50
1069.51
1085.28
1100.78
1116.00
1130.91
1145.48
1159.70
1173.54
1186.98
1199.99
1212.54
1224.61
1236.17
1247.20
1257.66
1267.53
1276.78
1285.37
1293.30
1300.52
1307.00
1312.74
1317.70
1321.87
1325.22
1327.75
1329.44
1330.28
975.58
992.63
1009.53
1026.27
1042.84
1059.20
1075.34
1091.24
1106.87
1122.22
1137.26
1151.98
1166.33
1180.31
1193.89
1207.04
1219.73
1231.95
1243.65
1254.81
1265.41
1275.41
1284.79
1293.51
1301.55
1308.88
1315.47
1321.30
1326.35
1330.58
1333.99
1336.56
1338.28
1339.14
980.30
997.46
1014.47
1031.33
1048.01
1064.49
1080.75
1096.77
1112.52
1128.00
1143.17
1158.01
1172.50
1186.61
1200.32
1213.61
1226.44
1238.78
1250.62
1261.92
1272.65
1282.78
1292.28
1301.12
1309.28
1316.71
1323.40
1329.32
1334.44
1338.75
1342.21
1344.83
1346.57
1347.44
984.64
1001.90
1019.02
1035.98
1052.76
1069.35
1085.72
1101.86
1117.73
1133.32
1148.61
1163.57
1178.19
1192.42
1206.26
1219.67
1232.63
1245.10
1257.07
1268.49
1279.35
1289.60
1299.22
1308.18
1316.44
1323.98
1330.77
1336.77
1341.97
1346.34
1349.86
1352.51
1354.28
1355.17
988.59
1005.94
1023.15
1040.21
1057.10
1073.79
1090.26
1106.50
1122.48
1138.18
1153.58
1168.65
1183.38
1197.73
1211.69
1225.22
1238.29
1250.89
1262.97
1274.52
1285.49
1295.86
1305.59
1314.66
1323.02
1330.66
1337.53
1343.62
1348.89
1353.32
1356.89
1359.58
1361.38
1362.28
992.14
1009.58
1026.88
1044.03
1061.00
1077.78
1094.35
1110.68
1126.76
1142.56
1158.06
1173.24
1188.07
1202.53
1216.59
1230.23
1243.41
1256.12
1268.31
1279.97
1291.05
1301.52
1311.36
1320.53
1328.99
1336.72
1343.68
1349.84
1355.17
1359.66
1363.28
1366.01
1367.83
1368.74
995.29
1012.80
1030.18
1047.41
1064.46
1081.32
1097.98
1114.39
1130.56
1146.45
1162.04
1177.31
1192.23
1206.79
1220.95
1234.69
1247.97
1260.78
1273.07
1284.83
1296.01
1306.58
1316.51
1325.77
1334.32
1342.13
1349.17
1355.40
1360.80
1365.34
1369.00
1371.76
1373.61
1374.53
998.03
1015.61
1033.06
1050.35
1067.48
1084.41
1101.14
1117.63
1133.87
1149.84
1165.51
1180.86
1195.87
1210.51
1224.76
1238.58
1251.96
1264.85
1277.24
1289.08
1300.35
1311.01
1321.03
1330.37
1339.00
1346.88
1353.99
1360.28
1365.73
1370.32
1374.02
1376.81
1378.68
1379.62
1000.36
1018.00
1035.50
1052.85
1070.04
1087.04
1103.82
1120.38
1136.69
1152.72
1168.46
1183.88
1198.96
1213.68
1228.00
1241.90
1255.35
1268.32
1280.78
1292.71
1304.05
1314.79
1324.88
1334.29
1342.99
1350.94
1358.10
1364.45
1369.96
1374.59
1378.32
1381.14
1383.03
1383.97
1002.27
1019.95
1037.51
1054.91
1072.14
1089.19
1106.03
1122.64
1139.00
1155.09
1170.89
1186.37
1201.51
1216.28
1230.67
1244.63
1258.14
1271.18
1283.71
1295.69
1307.10
1317.90
1328.06
1337.53
1346.28
1354.29
1361.50
1367.90
1373.44
1378.11
1381.87
1384.71
1386.61
1387.56
1003.76
1021.48
1039.07
1056.51
1073.78
1090.87
1107.75
1124.40
1140.81
1156.94
1172.78
1188.31
1203.50
1218.32
1232.75
1246.76
1260.33
1273.41
1285.99
1298.03
1309.49
1320.34
1330.54
1340.06
1348.86
1356.91
1364.17
1370.60
1376.18
1380.87
1384.66
1387.51
1389.43
1390.38
1004.83
1022.57
1040.19
1057.66
1074.96
1092.07
1108.98
1125.67
1142.10
1158.27
1174.14
1189.70
1204.92
1219.78
1234.24
1248.29
1261.89
1275.02
1287.63
1299.70
1311.20
1322.09
1332.33
1341.88
1350.72
1358.79
1366.08
1372.54
1378.14
1382.85
1386.66
1389.53
1391.45
1392.41
1005.47
1023.23
1040.86
1058.35
1075.66
1092.80
1109.72
1126.42
1142.88
1159.06
1174.95
1190.53
1205.77
1220.65
1235.14
1249.21
1262.83
1275.98
1288.62
1300.71
1312.23
1323.14
1333.40
1342.98
1351.83
1359.93
1367.23
1373.71
1379.32
1384.05
1387.86
1390.74
1392.66
1393.63
1005.68
1023.45
1041.08
1058.58
1075.90
1093.04
1109.97
1126.68
1143.13
1159.33
1175.23
1190.81
1206.06
1220.94
1235.44
1249.52
1263.15
1276.30
1288.94
1301.05
1312.58
1323.49
1333.76
1343.34
1352.20
1360.30
1367.61
1374.09
1379.71
1384.45
1388.26
1391.14
1393.07
1394.03
1005.47
1023.23
1040.86
1058.34
1075.66
1092.79
1109.72
1126.42
1142.87
1159.06
1174.95
1190.53
1205.77
1220.65
1235.14
1249.21
1262.83
1275.98
1288.61
1300.71
1312.23
1323.14
1333.40
1342.97
1351.83
1359.92
1367.23
1373.70
1379.32
1384.04
1387.86
1390.74
1392.66
1393.62
1004.83
1022.57
1040.19
1057.65
1074.96
1092.07
1108.98
1125.66
1142.10
1158.26
1174.14
1189.69
1204.92
1219.77
1234.24
1248.29
1261.89
1275.01
1287.63
1299.70
1311.20
1322.08
1332.32
1341.88
1350.71
1358.79
1366.07
1372.53
1378.13
1382.85
1386.65
1389.52
1391.44
1392.40
1003.76
1021.48
1039.07
1056.51
1073.78
1090.87
1107.75
1124.40
1140.80
1156.94
1172.78
1188.30
1203.49
1218.31
1232.74
1246.75
1260.32
1273.41
1285.99
1298.02
1309.48
1320.33
1330.53
1340.06
1348.86
1356.90
1364.16
1370.59
1376.17
1380.86
1384.65
1387.51
1389.42
1390.37
1002.27
1019.95
1037.50
1054.90
1072.14
1089.18
1106.02
1122.63
1138.99
1155.08
1170.88
1186.36
1201.50
1216.27
1230.66
1244.62
1258.13
1271.17
1283.70
1295.68
1307.09
1317.89
1328.05
1337.52
1346.27
1354.28
1361.49
1367.89
1373.43
1378.10
1381.86
1384.70
1386.60
1387.55
1000.35
1017.99
1035.49
1052.85
1070.03
1087.03
1103.81
1120.37
1136.68
1152.71
1168.45
1183.87
1198.95
1213.67
1227.99
1241.89
1255.34
1268.31
1280.77
1292.69
1304.04
1314.77
1324.87
1334.28
1342.98
1350.92
1358.09
1364.44
1369.94
1374.57
1378.31
1381.12
1383.01
1383.95
998.02
1015.60
1033.05
1050.34
1067.47
1084.40
1101.13
1117.62
1133.86
1149.83
1165.50
1180.85
1195.86
1210.50
1224.74
1238.57
1251.94
1264.84
1277.22
1289.06
1300.33
1310.99
1321.01
1330.35
1338.98
1346.86
1353.97
1360.26
1365.72
1370.31
1374.01
1376.80
1378.66
1379.60
995.28
1012.79
1030.17
1047.40
1064.45
1081.31
1097.96
1114.38
1130.54
1146.43
1162.02
1177.29
1192.22
1206.77
1220.93
1234.67
1247.96
1260.76
1273.06
1284.81
1295.99
1306.56
1316.50
1325.75
1334.30
1342.11
1349.15
1355.38
1360.78
1365.32
1368.98
1371.74
1373.59
1374.51
992.13
1009.56
1026.86
1044.01
1060.99
1077.77
1094.33
1110.67
1126.74
1142.54
1158.04
1173.22
1188.05
1202.51
1216.57
1230.21
1243.39
1256.10
1268.29
1279.95
1291.03
1301.50
1311.34
1320.51
1328.97
1336.69
1343.65
1349.81
1355.15
1359.64
1363.26
1365.98
1367.81
1368.72
988.57
1005.92
1023.14
1040.20
1057.08
1073.77
1090.25
1106.48
1122.46
1138.16
1153.56
1168.64
1183.36
1197.71
1211.67
1225.20
1238.27
1250.87
1262.95
1274.49
1285.47
1295.83
1305.57
1314.63
1323.00
1330.63
1337.51
1343.59
1348.86
1353.29
1356.86
1359.55
1361.35
1362.25
984.62
1001.88
1019.00
1035.96
1052.75
1069.34
1085.71
1101.84
1117.71
1133.30
1148.59
1163.55
1178.17
1192.40
1206.24
1219.65
1232.61
1245.08
1257.05
1268.47
1279.32
1289.58
1299.20
1308.15
1316.42
1323.95
1330.74
1336.74
1341.94
1346.31
1349.83
1352.48
1354.25
1355.14
980.29
997.44
1014.45
1031.31
1047.99
1064.47
1080.73
1096.75
1112.50
1127.98
1143.15
1157.99
1172.48
1186.59
1200.30
1213.58
1226.41
1238.76
1250.60
1261.89
1272.62
1282.75
1292.25
1301.10
1309.25
1316.69
1323.38
1329.29
1334.41
1338.72
1342.18
1344.79
1346.54
1347.41
975.57
992.61
1009.51
1026.25
1042.82
1059.18
1075.32
1091.21
1106.85
1122.20
1137.24
1151.95
1166.31
1180.29
1193.87
1207.01
1219.71
1231.92
1243.62
1254.79
1265.38
1275.38
1284.76
1293.48
1301.52
1308.85
1315.44
1321.27
1326.31
1330.55
1333.96
1336.53
1338.25
1339.10
970.47
987.40
1004.18
1020.80
1037.24
1053.48
1069.49
1085.26
1100.76
1115.98
1130.88
1145.46
1159.68
1173.52
1186.95
1199.96
1212.51
1224.58
1236.14
1247.17
1257.63
1267.50
1276.74
1285.34
1293.26
1300.48
1306.97
1312.71
1317.67
1321.83
1325.19
1327.71
1329.40
1330.24
965.02
981.82
998.47
1014.96
1031.27
1047.37
1063.25
1078.88
1094.25
1109.32
1124.09
1138.52
1152.60
1166.29
1179.58
1192.44
1204.84
1216.77
1228.18
1239.06
1249.38
1259.11
1268.23
1276.70
1284.50
1291.60
1297.99
1303.63
1308.51
1312.60
1315.90
1318.38
1320.04
1320.87
959.21
975.87
992.39
1008.75
1024.92
1040.88
1056.62
1072.11
1087.33
1102.26
1116.87
1131.16
1145.08
1158.62
1171.76
1184.47
1196.72
1208.49
1219.76
1230.49
1240.67
1250.26
1259.23
1267.57
1275.25
1282.24
1288.52
1294.07
1298.86
1302.88
1306.12
1308.56
1310.19
1311.00
953.05
969.58
985.95
1002.17
1018.19
1034.01
1049.60
1064.94
1080.01
1094.79
1109.25
1123.38
1137.15
1150.54
1163.52
1176.07
1188.17
1199.78
1210.89
1221.48
1231.50
1240.95
1249.79
1258.00
1265.55
1272.42
1278.60
1284.05
1288.76
1292.71
1295.88
1298.28
1299.88
1300.67
946.56
962.94
979.17
995.23
1011.11
1026.78
1042.21
1057.40
1072.31
1086.93
1101.24
1115.21
1128.82
1142.04
1154.87
1167.26
1179.19
1190.65
1201.61
1212.04
1221.92
1231.22
1239.92
1247.99
1255.42
1262.18
1268.24
1273.60
1278.22
1282.10
1285.22
1287.57
1289.14
1289.92
939.75
955.97
972.05
987.96
1003.68
1019.19
1034.47
1049.49
1064.25
1078.71
1092.85
1106.66
1120.10
1133.17
1145.82
1158.05
1169.83
1181.13
1191.93
1202.20
1211.93
1221.08
1229.64
1237.59
1244.89
1251.53
1257.49
1262.74
1267.28
1271.09
1274.15
1276.45
1277.99
1278.76
932.62
948.69
964.61
980.36
995.91
1011.26
1026.38
1041.24
1055.83
1070.12
1084.10
1097.74
1111.02
1123.92
1136.41
1148.47
1160.08
1171.22
1181.86
1191.98
1201.56
1210.57
1218.99
1226.80
1233.97
1240.50
1246.35
1251.51
1255.96
1259.70
1262.70
1264.96
1266.47
1267.23
925.19
941.10
956.85
972.43
987.83
1003.01
1017.96
1032.65
1047.07
1061.20
1075.01
1088.48
1101.59
1114.31
1126.64
1138.53
1149.98
1160.96
1171.44
1181.40
1190.83
1199.69
1207.97
1215.65
1222.70
1229.11
1234.85
1239.92
1244.29
1247.96
1250.90
1253.12
1254.60
1255.34
917.47
933.21
948.80
964.21
979.43
994.44
1009.22
1023.74
1037.99
1051.95
1065.58
1078.88
1091.82
1104.37
1116.53
1128.26
1139.54
1150.35
1160.67
1170.48
1179.75
1188.47
1196.61
1204.16
1211.09
1217.38
1223.02
1228.00
1232.29
1235.88
1238.77
1240.95
1242.40
1243.12
909.48
925.04
940.45
955.70
970.74
985.58
1000.18
1014.53
1028.61
1042.38
1055.84
1068.97
1081.73
1094.12
1106.10
1117.66
1128.78
1139.42
1149.59
1159.24
1168.36
1176.94
1184.94
1192.35
1199.16
1205.34
1210.88
1215.76
1219.97
1223.50
1226.34
1228.47
1229.89
1230.60
901.22
916.61
931.84
946.90
961.77
976.43
990.86
1005.03
1018.92
1032.53
1045.81
1058.76
1071.35
1083.56
1095.37
1106.76
1117.71
1128.20
1138.20
1147.70
1156.67
1165.10
1172.97
1180.26
1186.94
1193.01
1198.45
1203.24
1207.37
1210.83
1213.61
1215.70
1217.10
1217.80
892.71
907.91
922.97
937.85
952.54
967.02
981.26
995.25
1008.97
1022.39
1035.50
1048.27
1060.68
1072.72
1084.36
1095.58
1106.36
1116.68
1126.53
1135.87
1144.70
1152.99
1160.72
1167.88
1174.45
1180.41
1185.75
1190.45
1194.50
1197.90
1200.62
1202.67
1204.04
1204.73
883.96
898.98
913.85
928.55
943.05
957.34
971.40
985.21
998.75
1011.99
1024.92
1037.51
1049.75
1061.61
1073.08
1084.13
1094.75
1104.91
1114.59
1123.79
1132.47
1140.61
1148.21
1155.25
1161.70
1167.55
1172.79
1177.41
1181.38
1184.71
1187.39
1189.40
1190.74
1191.41
874.99
889.82
904.50
919.01
933.33
947.43
961.31
974.93
988.28
1001.34
1014.09
1026.50
1038.56
1050.25
1061.55
1072.43
1082.88
1092.88
1102.41
1111.45
1119.99
1128.00
1135.47
1142.38
1148.71
1154.46
1159.60
1164.13
1168.04
1171.31
1173.93
1175.90
1177.22
1177.88
865.80
880.44
894.93
909.25
923.38
937.30
950.98
964.42
977.59
990.46
1003.03
1015.26
1027.15
1038.66
1049.78
1060.50
1070.79
1080.63
1090.00
1098.90
1107.29
1115.16
1122.50
1129.29
1135.51
1141.15
1146.20
1150.65
1154.48
1157.69
1160.26
1162.20
1163.49
1164.13
856.42
870.86
885.16
899.29
913.22
926.95
940.45
953.70
966.68
979.37
991.75
1003.81
1015.51
1026.85
1037.81
1048.35
1058.48
1068.16
1077.38
1086.13
1094.38
1102.12
1109.33
1116.00
1122.11
1127.65
1132.61
1136.97
1140.73
1143.88
1146.40
1148.30
1149.57
1150.20
846.86
861.10
875.20
889.13
902.88
916.41
929.72
942.78
955.57
968.08
980.28
992.15
1003.68
1014.85
1025.63
1036.01
1045.98
1055.50
1064.57
1073.17
1081.28
1088.89
1095.97
1102.52
1108.53
1113.97
1118.84
1123.12
1126.81
1129.90
1132.38
1134.24
1135.48
1136.10
837.13
851.18
865.08
878.81
892.36
905.70
918.81
931.68
944.29
956.61
968.63
980.32
991.67
1002.67
1013.28
1023.50
1033.30
1042.67
1051.59
1060.04
1068.01
1075.49
1082.45
1088.89
1094.78
1100.12
1104.90
1109.11
1112.73
1115.76
1118.19
1120.02
1121.24
1121.85
827.25
841.09
854.79
868.33
881.68
894.82
907.75
920.43
932.84
944.98
956.81
968.33
979.50
990.32
1000.77
1010.82
1020.46
1029.68
1038.45
1046.76
1054.59
1061.94
1068.78
1075.10
1080.89
1086.14
1090.83
1094.96
1098.52
1101.49
1103.88
1105.67
1106.87
1107.47
817.23
830.87
844.37
857.70
870.86
883.81
896.53
909.02
921.25
933.20
944.85
956.19
967.19
977.83
988.11
998.00
1007.48
1016.55
1025.17
1033.34
1041.04
1048.26
1054.98
1061.19
1066.88
1072.03
1076.64
1080.69
1084.18
1087.10
1089.45
1091.21
1092.38
1092.97
807.10
820.53
833.83
846.96
859.91
872.66
885.20
897.49
909.53
921.29
932.76
943.92
954.74
965.22
975.33
985.06
994.38
1003.30
1011.77
1019.81
1027.38
1034.47
1041.07
1047.17
1052.76
1057.82
1062.34
1066.32
1069.75
1072.62
1074.92
1076.64
1077.80
1078.37
796.86
810.09
823.18
836.11
848.86
861.41
873.75
885.85
897.70
909.28
920.57
931.54
942.19
952.50
962.45
972.01
981.18
989.95
998.28
1006.18
1013.61
1020.58
1027.07
1033.06
1038.55
1043.52
1047.96
1051.87
1055.24
1058.05
1060.31
1062.00
1063.14
1063.70
786.54
799.56
812.44
825.16
837.71
850.07
862.21
874.12
885.78
897.18
908.28
919.08
929.56
939.69
949.47
958.88
967.90
976.51
984.71
992.47
999.78
1006.63
1013.00
1018.89
1024.28
1029.16
1033.52
1037.36
1040.66
1043.42
1045.64
1047.30
1048.41
1048.97
776.15
788.96
801.63
814.15
826.50
838.66
850.61
862.32
873.80
885.00
895.93
906.55
916.85
926.82
936.44
945.69
954.55
963.02
971.08
978.70
985.88
992.61
998.88
1004.66
1009.95
1014.74
1019.03
1022.80
1026.04
1028.75
1030.93
1032.56
1033.65
1034.20
765.72
778.31
790.78
803.09
815.24
827.19
838.95
850.47
861.76
872.78
883.52
893.97
904.10
913.90
923.36
932.45
941.17
949.49
957.40
964.90
971.96
978.57
984.72
990.40
995.60
1000.31
1004.52
1008.21
1011.40
1014.06
1016.20
1017.80
1018.87
1019.41
755.25
767.63
779.89
792.00
803.94
815.70
827.26
838.59
849.69
860.52
871.09
881.36
891.32
900.96
910.25
919.19
927.76
935.94
943.72
951.08
958.02
964.51
970.55
976.13
981.24
985.86
990.00
993.63
996.76
999.37
1001.47
1003.04
1004.10
1004.62
744.77
756.94
768.99
780.89
792.63
804.19
815.55
826.70
837.61
848.26
858.65
868.74
878.54
888.01
897.15
905.93
914.35
922.39
930.03
937.27
944.08
950.46
956.40
961.88
966.90
971.44
975.50
979.06
982.14
984.70
986.76
988.31
989.34
989.86
734.30
746.26
758.10
769.79
781.33
792.70
803.86
814.82
825.54
836.01
846.22
856.14
865.77
875.08
884.06
892.69
900.97
908.87
916.38
923.49
930.18
936.45
942.28
947.67
952.59
957.05
961.04
964.54
967.56
970.08
972.10
973.62
974.63
975.14
723.86
735.60
747.23
758.73
770.07
781.23
792.20
802.97
813.50
823.80
833.83
843.58
853.04
862.19
871.01
879.50
887.63
895.39
902.77
909.75
916.33
922.49
928.22
933.51
938.35
942.73
946.64
950.08
953.05
955.52
957.51
959.00
959.99
960.49
713.46
725.00
736.42
747.71
758.85
769.82
780.60
791.17
801.53
811.64
821.50
831.08
840.38
849.37
858.04
866.37
874.36
881.99
889.24
896.10
902.56
908.61
914.24
919.44
924.19
928.49
932.34
935.72
938.62
941.06
943.01
944.47
945.45
945.94
703.14
714.47
725.68
736.77
747.71
758.48
769.07
779.46
789.63
799.56
809.25
818.66
827.80
836.63
845.15
853.34
861.19
868.68
875.81
882.55
888.90
894.84
900.37
905.47
910.14
914.37
918.14
921.46
924.32
926.71
928.62
930.06
931.02
931.50
692.91
704.03
715.04
725.92
736.66
747.24
757.64
767.84
777.83
787.59
797.11
806.36
815.33
824.01
832.38
840.43
848.14
855.50
862.50
869.12
875.36
881.20
886.63
891.64
896.23
900.38
904.09
907.35
910.16
912.50
914.38
915.80
916.74
917.21
682.79
693.70
704.51
715.19
725.74
736.13
746.34
756.36
766.17
775.76
785.10
794.19
803.00
811.53
819.75
827.66
835.24
842.47
849.34
855.85
861.98
867.71
873.05
877.97
882.48
886.56
890.20
893.41
896.16
898.47
900.31
901.70
902.63
903.09
672.82
683.52
694.12
704.61
714.96
725.16
735.18
745.03
754.66
764.08
773.26
782.18
790.84
799.22
807.29
815.06
822.51
829.61
836.37
842.76
848.78
854.41
859.66
864.49
868.92
872.93
876.51
879.66
882.36
884.63
886.44
887.81
888.72
889.17
663.00
673.50
683.90
694.19
704.35
714.36
724.21
733.87
743.33
752.58
761.59
770.36
778.87
787.10
795.03
802.66
809.98
816.96
823.59
829.88
835.79
841.33
846.48
851.23
855.58
859.52
863.04
866.13
868.79
871.01
872.80
874.14
875.03
875.48
653.36
663.66
673.87
683.97
693.94
703.77
713.43
722.92
732.21
741.29
750.15
758.76
767.12
775.20
783.00
790.49
797.68
804.54
811.06
817.23
823.04
828.49
833.55
838.22
842.49
846.36
849.82
852.86
855.47
857.66
859.41
860.73
861.61
862.05
643.93
654.04
664.05
673.96
683.75
693.39
702.88
712.20
721.32
730.24
738.94
747.40
755.61
763.55
771.21
778.58
785.64
792.38
798.79
804.86
810.57
815.92
820.89
825.48
829.69
833.49
836.89
839.87
842.44
844.59
846.31
847.61
848.47
848.90
634.74
644.65
654.47
664.20
673.80
683.27
692.59
701.74
710.70
719.46
728.00
736.32
744.38
752.18
759.71
766.95
773.89
780.52
786.82
792.78
798.39
803.65
808.54
813.06
817.19
820.93
824.27
827.20
829.73
831.84
833.53
834.81
835.66
836.08
625.80
635.52
645.16
654.70
664.13
673.43
682.58
691.56
700.36
708.97
717.36
725.53
733.46
741.13
748.53
755.64
762.46
768.98
775.17
781.03
786.55
791.72
796.53
800.97
805.03
808.71
811.99
814.88
817.36
819.44
821.11
822.36
823.19
823.61
617.14
626.68
636.14
645.51
654.76
663.89
672.88
681.70
690.35
698.80
707.05
715.08
722.87
730.41
737.68
744.68
751.39
757.79
763.88
769.65
775.08
780.16
784.89
789.26
793.25
796.87
800.10
802.94
805.38
807.42
809.06
810.29
811.12
811.53
608.79
618.15
627.43
636.63
645.72
654.69
663.51
672.18
680.68
688.99
697.10
704.99
712.65
720.06
727.22
734.10
740.69
746.99
752.98
758.66
764.00
769.00
773.65
777.95
781.88
785.44
788.62
791.41
793.82
795.83
797.44
798.65
799.46
799.86
600.77
609.95
619.07
628.10
637.03
645.84
654.51
663.04
671.39
679.56
687.53
695.29
702.83
710.12
717.15
723.92
730.42
736.61
742.51
748.09
753.35
758.27
762.85
767.08
770.95
774.45
777.58
780.33
782.70
784.68
786.26
787.46
788.25
788.65
593.10
602.12
611.08
619.95
628.73
637.38
645.91
654.29
662.50
670.54
678.38
686.02
693.43
700.60
707.53
714.19
720.58
726.68
732.49
737.98
743.16
748.01
752.52
756.68
760.49
763.94
767.02
769.73
772.06
774.01
775.58
776.75
777.54
777.93
585.81
594.68
603.48
612.20
620.83
629.34
637.73
645.97
654.05
661.96
669.68
677.19
684.49
691.55
698.37
704.94
711.23
717.24
722.95
728.37
733.47
738.24
742.69
746.79
750.54
753.94
756.98
759.65
761.95
763.87
765.41
766.57
767.34
767.73
578.93
587.64
596.30
604.88
613.36
621.74
629.99
638.10
646.06
653.85
661.45
668.85
676.04
683.00
689.72
696.18
702.38
708.31
713.94
719.28
724.30
729.01
733.39
737.43
741.14
744.49
747.48
750.12
752.38
754.28
755.80
756.94
757.70
758.08
572.47
581.05
589.56
598.00
606.36
614.61
622.73
630.72
638.56
646.23
653.72
661.02
668.10
674.96
681.59
687.96
694.08
699.92
705.48
710.74
715.70
720.34
724.66
728.65
732.30
735.61
738.57
741.16
743.40
745.27
746.77
747.89
748.65
749.02
566.46
574.90
583.29
591.61
599.84
607.96
615.97
623.85
631.58
639.14
646.53
653.72
660.71
667.48
674.02
680.31
686.34
692.11
697.59
702.79
707.68
712.27
716.53
720.47
724.08
727.34
730.26
732.82
735.03
736.88
738.36
739.47
740.21
740.59
560.93
569.24
577.51
585.71
593.82
601.84
609.74
617.51
625.14
632.60
639.89
647.00
653.90
660.58
667.03
673.25
679.21
684.90
690.32
695.45
700.29
704.81
709.03
712.92
716.49
719.71
722.60
725.13
727.31
729.14
730.60
731.70
732.43
732.80
560.08
568.40
576.67
584.88
593.00
601.03
608.94
616.72
624.36
631.84
639.14
646.25
653.17
659.86
666.33
672.55
678.53
684.23
689.66
694.80
699.65
704.19
708.42
712.32
715.89
719.12
722.01
724.55
726.74
728.57
730.04
731.14
731.88
732.24
565.63
574.08
582.48
590.80
599.04
607.18
615.20
623.09
630.83
638.41
645.81
653.01
660.01
666.80
673.35
679.65
685.70
691.47
696.97
702.18
707.08
711.68
715.95
719.90
723.52
726.79
729.72
732.29
734.50
736.35
737.84
738.95
739.70
740.07
571.66
580.25
588.77
597.22
605.59
613.85
621.99
629.99
637.84
645.53
653.03
660.34
667.44
674.31
680.95
687.34
693.47
699.32
704.89
710.17
715.14
719.79
724.12
728.13
731.79
735.10
738.06
740.67
742.91
744.78
746.29
747.42
748.17
748.55
578.14
586.87
595.53
604.12
612.62
621.01
629.28
637.40
645.38
653.18
660.79
668.21
675.41
682.38
689.12
695.60
701.81
707.75
713.40
718.75
723.79
728.51
732.90
736.95
740.66
744.02
747.03
749.67
751.94
753.84
755.36
756.51
757.27
757.65
585.05
593.93
602.74
611.48
620.12
628.64
637.04
645.30
653.40
661.32
669.06
676.59
683.90
690.98
697.82
704.39
710.70
716.72
722.46
727.88
732.99
737.78
742.24
746.35
750.12
753.52
756.57
759.25
761.55
763.48
765.02
766.18
766.96
767.35
592.36
601.40
610.37
619.26
628.05
636.72
645.26
653.66
661.89
669.94
677.80
685.45
692.88
700.07
707.01
713.69
720.10
726.22
732.03
737.54
742.73
747.59
752.12
756.29
760.11
763.57
766.66
769.38
771.72
773.67
775.24
776.42
777.21
777.60
600.06
609.26
618.39
627.44
636.38
645.21
653.90
662.44
670.81
679.00
686.99
694.77
702.32
709.63
716.68
723.47
729.98
736.19
742.10
747.70
752.97
757.91
762.50
766.74
770.62
774.13
777.27
780.03
782.40
784.39
785.98
787.18
787.98
788.38
608.11
617.48
626.79
636.00
645.11
654.09
662.93
671.62
680.14
688.47
696.60
704.51
712.18
719.62
726.79
733.69
740.30
746.62
752.63
758.31
763.67
768.69
773.35
777.66
781.60
785.17
788.36
791.16
793.58
795.59
797.21
798.43
799.24
799.64
616.49
626.04
635.52
644.91
654.18
663.33
672.34
681.18
689.85
698.32
706.59
714.64
722.45
730.01
737.30
744.32
751.04
757.47
763.57
769.36
774.80
779.90
784.64
789.02
793.03
796.66
799.90
802.75
805.20
807.25
808.89
810.13
810.95
811.36
625.18
634.92
644.58
654.14
663.59
672.91
682.07
691.08
699.90
708.53
716.95
725.14
733.08
740.77
748.19
755.33
762.17
768.70
774.91
780.79
786.33
791.52
796.34
800.79
804.87
808.55
811.85
814.75
817.24
819.32
820.99
822.25
823.09
823.50
634.15
644.08
653.92
663.67
673.30
682.79
692.13
701.30
710.28
719.06
727.63
735.96
744.05
751.88
759.43
766.69
773.65
780.29
786.61
792.59
798.23
803.50
808.41
812.93
817.08
820.83
824.18
827.13
829.66
831.78
833.48
834.76
835.61
836.03
643.37
653.50
663.54
673.47
683.28
692.95
702.46
711.80
720.95
729.89
738.61
747.10
755.33
763.29
770.98
778.37
785.45
792.21
798.64
804.73
810.46
815.82
820.81
825.42
829.63
833.45
836.86
839.86
842.43
844.59
846.32
847.62
848.48
848.92
652.83
663.16
673.39
683.51
693.51
703.36
713.05
722.56
731.88
740.98
749.86
758.50
766.88
774.99
782.81
790.33
797.54
804.42
810.96
817.16
822.99
828.45
833.53
838.21
842.50
846.39
849.85
852.90
855.53
857.72
859.48
860.80
861.68
862.12
662.50
673.03
683.46
693.77
703.96
713.99
723.87
733.55
743.04
752.32
761.36
770.15
778.68
786.94
794.90
802.55
809.89
816.89
823.55
829.86
835.79
841.35
846.52
851.29
855.65
859.60
863.13
866.24
868.91
871.14
872.93
874.27
875.17
875.62
672.35
683.08
693.71
704.23
714.60
724.83
734.88
744.75
754.42
763.86
773.07
782.02
790.71
799.11
807.21
815.01
822.47
829.60
836.38
842.79
848.84
854.49
859.75
864.61
869.05
873.07
876.66
879.82
882.54
884.81
886.63
888.00
888.92
889.37
682.37
693.30
704.14
714.85
725.42
735.84
746.08
756.13
765.97
775.59
784.96
794.08
802.92
811.47
819.72
827.66
835.26
842.51
849.41
855.94
862.09
867.85
873.20
878.15
882.67
886.76
890.42
893.64
896.40
898.71
900.57
901.96
902.89
903.36
692.52
703.66
714.70
725.61
736.38
746.99
757.42
767.66
777.68
787.47
797.01
806.30
815.30
824.00
832.40
840.48
848.22
855.60
862.63
869.27
875.53
881.39
886.84
891.88
896.48
900.65
904.37
907.64
910.46
912.81
914.70
916.12
917.07
917.54
702.78
714.14
725.38
736.50
747.47
758.27
768.89
779.32
789.52
799.49
809.20
818.65
827.81
836.68
845.23
853.45
861.32
868.84
875.99
882.76
889.13
895.09
900.64
905.77
910.45
914.70
918.49
921.82
924.69
927.08
929.01
930.45
931.42
931.90
713.14
724.70
736.16
747.48
758.65
769.65
780.47
791.07
801.46
811.61
821.50
831.11
840.44
849.46
858.17
866.53
874.55
882.20
889.48
896.37
902.85
908.93
914.58
919.79
924.56
928.88
932.74
936.14
939.06
941.50
943.46
944.93
945.91
946.40
723.56
735.34
747.01
758.53
769.91
781.11
792.11
802.91
813.48
823.81
833.88
843.66
853.16
862.34
871.20
879.71
887.87
895.66
903.07
910.08
916.68
922.87
928.62
933.93
938.79
943.18
947.12
950.57
953.54
956.03
958.02
959.52
960.52
961.02
734.04
746.03
757.91
769.64
781.22
792.61
803.82
814.81
825.56
836.07
846.32
856.27
865.94
875.28
884.29
892.96
901.26
909.19
916.73
923.87
930.59
936.89
942.74
948.15
953.09
957.57
961.57
965.09
968.12
970.65
972.68
974.21
975.23
975.73
744.54
756.75
768.84
780.78
792.55
804.15
815.55
826.73
837.68
848.37
858.79
868.92
878.75
888.26
897.43
906.25
914.70
922.77
930.45
937.71
944.55
950.96
956.92
962.43
967.46
972.02
976.10
979.68
982.76
985.34
987.41
988.96
990.00
990.52
755.06
767.48
779.77
791.92
803.90
815.70
827.29
838.67
849.80
860.68
871.28
881.59
891.59
901.26
910.59
919.57
928.17
936.38
944.19
951.58
958.55
965.07
971.14
976.74
981.87
986.51
990.66
994.31
997.45
1000.08
1002.18
1003.77
1004.82
1005.35
765.56
778.19
790.70
803.05
815.24
827.23
839.03
850.59
861.92
872.98
883.76
894.25
904.42
914.26
923.75
932.88
941.63
949.99
957.93
965.46
972.55
979.19
985.36
991.07
996.29
1001.02
1005.25
1008.96
1012.16
1014.83
1016.98
1018.59
1019.67
1020.21
776.03
788.88
801.59
814.15
826.54
838.74
850.73
862.49
874.00
885.25
896.21
906.88
917.22
927.23
936.88
946.17
955.07
963.58
971.66
979.32
986.53
993.29
999.58
1005.39
1010.71
1015.52
1019.83
1023.61
1026.87
1029.59
1031.78
1033.42
1034.52
1035.06
786.45
799.51
812.43
825.20
837.79
850.19
862.38
874.33
886.03
897.47
908.61
919.46
929.97
940.15
949.97
959.42
968.47
977.12
985.35
993.15
1000.49
1007.37
1013.77
1019.68
1025.10
1030.00
1034.38
1038.24
1041.55
1044.33
1046.56
1048.23
1049.35
1049.90
796.80
810.07
823.20
836.18
848.97
861.57
873.95
886.10
898.00
909.62
920.95
931.97
942.66
953.01
962.99
972.60
981.81
990.61
998.98
1006.91
1014.38
1021.39
1027.90
1033.92
1039.44
1044.43
1048.89
1052.82
1056.20
1059.03
1061.29
1063.00
1064.14
1064.70
807.07
820.55
833.89
847.07
860.06
872.86
885.44
897.78
909.87
921.68
933.19
944.39
955.26
965.78
975.93
985.70
995.07
1004.02
1012.53
1020.60
1028.21
1035.33
1041.97
1048.10
1053.71
1058.79
1063.34
1067.34
1070.78
1073.66
1075.97
1077.71
1078.87
1079.45
817.24
830.92
844.47
857.85
871.05
884.04
896.82
909.35
921.63
933.63
945.32
956.70
967.75
978.44
988.76
998.70
1008.22
1017.32
1025.99
1034.20
1041.93
1049.19
1055.94
1062.18
1067.89
1073.07
1077.70
1081.78
1085.29
1088.22
1090.57
1092.34
1093.53
1094.11
827.28
841.18
854.92
868.51
881.90
895.10
908.07
920.80
933.26
945.45
957.33
968.89
980.12
990.98
1001.47
1011.57
1021.25
1030.51
1039.32
1047.67
1055.55
1062.93
1069.80
1076.15
1081.97
1087.25
1091.96
1096.11
1099.69
1102.68
1105.08
1106.88
1108.09
1108.69
837.20
851.29
865.24
879.02
892.62
906.01
919.18
932.10
944.75
957.12
969.19
980.93
992.34
1003.38
1014.04
1024.30
1034.15
1043.56
1052.52
1061.02
1069.03
1076.54
1083.53
1090.00
1095.93
1101.30
1106.10
1110.33
1113.97
1117.02
1119.47
1121.30
1122.53
1123.14
846.95
861.25
875.40
889.38
903.18
916.76
930.12
943.24
956.08
968.64
980.89
992.81
1004.39
1015.61
1026.44
1036.87
1046.88
1056.45
1065.56
1074.20
1082.35
1090.00
1097.12
1103.71
1109.74
1115.21
1120.10
1124.41
1128.12
1131.23
1133.72
1135.59
1136.84
1137.47
856.55
871.04
885.39
899.57
913.56
927.34
940.89
954.19
967.23
979.97
992.40
1004.51
1016.27
1027.66
1038.66
1049.26
1059.43
1069.16
1078.43
1087.22
1095.51
1103.29
1110.54
1117.24
1123.39
1128.96
1133.95
1138.34
1142.12
1145.28
1147.82
1149.73
1151.01
1151.64
865.96
880.65
895.19
909.56
923.75
937.72
951.46
964.95
978.17
991.10
1003.72
1016.01
1027.95
1039.51
1050.69
1061.46
1071.80
1081.69
1091.11
1100.05
1108.48
1116.40
1123.78
1130.60
1136.86
1142.54
1147.61
1152.09
1155.94
1159.17
1161.76
1163.70
1165.00
1165.65
875.17
890.05
904.79
919.35
933.73
947.89
961.82
975.50
988.91
1002.02
1014.83
1027.29
1039.41
1051.15
1062.50
1073.44
1083.94
1094.00
1103.58
1112.67
1121.25
1129.30
1136.81
1143.76
1150.13
1155.91
1161.09
1165.65
1169.57
1172.86
1175.50
1177.49
1178.81
1179.47
884.17
899.25
914.17
928.92
943.49
957.84
971.95
985.82
999.41
1012.71
1025.70
1038.35
1050.64
1062.56
1074.08
1085.19
1095.86
1106.08
1115.82
1125.06
1133.79
1141.98
1149.62
1156.70
1163.19
1169.08
1174.35
1178.99
1183.00
1186.35
1189.04
1191.07
1192.42
1193.09
892.95
908.21
923.32
938.26
953.01
967.54
981.85
995.89
1009.67
1023.15
1036.32
1049.15
1061.62
1073.72
1085.41
1096.69
1107.53
1117.91
1127.81
1137.21
1146.08
1154.42
1162.20
1169.40
1176.01
1182.01
1187.38
1192.11
1196.20
1199.61
1202.36
1204.42
1205.80
1206.49
901.48
916.93
932.22
947.34
962.27
976.99
991.48
1005.71
1019.67
1033.33
1046.67
1059.68
1072.33
1084.61
1096.48
1107.93
1118.94
1129.48
1139.54
1149.09
1158.12
1166.60
1174.52
1181.85
1188.58
1194.69
1200.16
1204.99
1209.15
1212.63
1215.43
1217.54
1218.94
1219.65
909.77
925.39
940.86
956.16
971.27
986.17
1000.84
1015.25
1029.38
1043.22
1056.75
1069.94
1082.76
1095.21
1107.26
1118.88
1130.05
1140.76
1150.98
1160.69
1169.87
1178.50
1186.56
1194.02
1200.87
1207.10
1212.67
1217.59
1221.83
1225.39
1228.24
1230.39
1231.82
1232.54
917.79
933.58
949.23
964.71
979.99
995.07
1009.91
1024.49
1038.81
1052.83
1066.53
1079.89
1092.89
1105.51
1117.73
1129.53
1140.87
1151.75
1162.13
1172.00
1181.33
1190.11
1198.30
1205.90
1212.87
1219.21
1224.90
1229.91
1234.23
1237.86
1240.77
1242.96
1244.42
1245.15
925.53
941.50
957.31
972.96
988.42
1003.66
1018.67
1033.44
1047.92
1062.11
1075.99
1089.53
1102.70
1115.50
1127.89
1139.85
1151.37
1162.41
1172.95
1182.98
1192.47
1201.39
1209.73
1217.46
1224.56
1231.02
1236.81
1241.92
1246.32
1250.02
1252.99
1255.22
1256.72
1257.46
932.98
949.11
965.09
980.91
996.53
1011.94
1027.13
1042.06
1056.71
1071.08
1085.12
1098.83
1112.18
1125.15
1137.71
1149.84
1161.52
1172.73
1183.44
1193.62
1203.26
1212.34
1220.82
1228.68
1235.92
1242.49
1248.39
1253.59
1258.09
1261.85
1264.88
1267.16
1268.69
1269.45
940.13
956.42
972.56
988.54
1004.32
1019.90
1035.24
1050.34
1065.16
1079.69
1093.91
1107.79
1121.30
1134.44
1147.17
1159.47
1171.32
1182.69
1193.56
1203.91
1213.70
1222.92
1231.55
1239.55
1246.91
1253.61
1259.62
1264.92
1269.50
1273.34
1276.43
1278.75
1280.31
1281.08
946.96
963.41
979.70
995.83
1011.78
1027.51
1043.02
1058.28
1073.26
1087.96
1102.33
1116.38
1130.06
1143.36
1156.26
1168.73
1180.74
1192.27
1203.30
1213.81
1223.76
1233.13
1241.90
1250.04
1257.53
1264.34
1270.46
1275.86
1280.53
1284.45
1287.60
1289.97
1291.55
1292.34
953.47
970.07
986.51
1002.79
1018.89
1034.77
1050.43
1065.85
1080.99
1095.84
1110.38
1124.59
1138.43
1151.90
1164.96
1177.59
1189.76
1201.46
1212.65
1223.31
1233.41
1242.93
1251.84
1260.12
1267.74
1274.68
1280.91
1286.41
1291.16
1295.15
1298.36
1300.78
1302.40
1303.20
959.65
976.38
992.97
1009.39
1025.63
1041.67
1057.48
1073.04
1088.34
1103.34
1118.04
1132.40
1146.40
1160.03
1173.24
1186.03
1198.37
1210.22
1221.57
1232.39
1242.64
1252.31
1261.36
1269.78
1277.52
1284.58
1290.92
1296.52
1301.37
1305.43
1308.70
1311.17
1312.81
1313.64
965.48
982.34
999.07
1015.63
1032.01
1048.18
1064.14
1079.84
1095.29
1110.44
1125.29
1139.80
1153.96
1167.73
1181.11
1194.05
1206.54
1218.55
1230.05
1241.02
1251.42
1261.24
1270.43
1278.98
1286.85
1294.03
1300.48
1306.18
1311.11
1315.25
1318.58
1321.09
1322.77
1323.61
970.95
987.94
1004.80
1021.49
1038.00
1054.31
1070.40
1086.24
1101.83
1117.12
1132.11
1146.77
1161.07
1175.00
1188.52
1201.62
1214.26
1226.42
1238.07
1249.18
1259.73
1269.69
1279.02
1287.70
1295.70
1303.00
1309.56
1315.35
1320.37
1324.59
1327.98
1330.54
1332.25
1333.10
976.06
993.17
1010.14
1026.96
1043.60
1060.03
1076.25
1092.23
1107.94
1123.37
1138.50
1153.29
1167.74
1181.81
1195.47
1208.71
1221.50
1233.81
1245.60
1256.86
1267.55
1277.64
1287.11
1295.92
1304.05
1311.45
1318.12
1324.01
1329.12
1333.40
1336.86
1339.46
1341.20
1342.07
980.79
998.02
1015.10
1032.03
1048.79
1065.34
1081.68
1097.78
1113.62
1129.18
1144.43
1159.36
1173.94
1188.14
1201.95
1215.33
1228.25
1240.69
1252.63
1264.02
1274.85
1285.08
1294.68
1303.61
1311.85
1319.37
1326.14
1332.13
1337.32
1341.67
1345.19
1347.83
1349.60
1350.49
985.14
1002.47
1019.66
1036.70
1053.56
1070.23
1086.68
1102.89
1118.85
1134.53
1149.90
1164.96
1179.66
1193.99
1207.92
1221.43
1234.49
1247.06
1259.13
1270.66
1281.61
1291.97
1301.69
1310.74
1319.10
1326.73
1333.59
1339.67
1344.94
1349.37
1352.93
1355.62
1357.42
1358.32
989.11
1006.53
1023.82
1040.95
1057.91
1074.68
1091.24
1107.56
1123.62
1139.41
1154.90
1170.06
1184.88
1199.33
1213.39
1227.02
1240.19
1252.89
1265.08
1276.73
1287.81
1298.29
1308.12
1317.29
1325.76
1333.48
1340.45
1346.61
1351.95
1356.45
1360.07
1362.80
1364.62
1365.54
992.67
1010.18
1027.55
1044.78
1061.83
1078.69
1095.34
1111.76
1127.92
1143.81
1159.40
1174.67
1189.60
1204.16
1218.32
1232.06
1245.35
1258.17
1270.47
1282.24
1293.43
1304.01
1313.96
1323.23
1331.80
1339.62
1346.67
1352.92
1358.33
1362.88
1366.56
1369.32
1371.18
1372.10
995.83
1013.42
1030.87
1048.17
1065.31
1082.25
1098.98
1115.49
1131.74
1147.72
1163.40
1178.77
1193.79
1208.45
1222.71
1236.55
1249.95
1262.87
1275.27
1287.14
1298.44
1309.12
1319.17
1328.54
1337.20
1345.11
1352.24
1358.56
1364.04
1368.65
1372.37
1375.17
1377.05
1377.99
998.58
1016.23
1033.76
1051.13
1068.33
1085.35
1102.16
1118.74
1135.07
1151.13
1166.89
1182.34
1197.45
1212.19
1226.54
1240.48
1253.96
1266.97
1279.47
1291.43
1302.82
1313.60
1323.74
1333.19
1341.93
1349.92
1357.13
1363.51
1369.05
1373.71
1377.47
1380.31
1382.21
1383.16
1000.92
1018.63
1036.21
1053.64
1070.91
1087.98
1104.86
1121.50
1137.90
1154.03
1169.86
1185.38
1200.56
1215.38
1229.81
1243.82
1257.39
1270.48
1283.06
1295.10
1306.57
1317.42
1327.64
1337.17
1345.98
1354.04
1361.31
1367.75
1373.34
1378.05
1381.84
1384.71
1386.63
1387.58
1002.84
1020.59
1038.22
1055.70
1073.02
1090.15
1107.07
1123.77
1140.22
1156.41
1172.30
1187.88
1203.12
1218.01
1232.50
1246.57
1260.20
1273.36
1286.01
1298.12
1309.65
1320.57
1330.85
1340.45
1349.32
1357.44
1364.76
1371.25
1376.89
1381.63
1385.46
1388.35
1390.28
1391.25
1004.33
1022.13
1039.79
1057.31
1074.67
1091.84
1108.80
1125.54
1142.04
1158.27
1174.21
1189.83
1205.12
1220.05
1234.60
1248.72
1262.41
1275.61
1288.32
1300.48
1312.06
1323.04
1333.37
1343.01
1351.94
1360.10
1367.46
1374.00
1379.67
1384.44
1388.29
1391.20
1393.14
1394.12
1005.40
1023.22
1040.91
1058.46
1075.85
1093.04
1110.04
1126.81
1143.34
1159.60
1175.57
1191.23
1206.56
1221.52
1236.10
1250.26
1263.98
1277.23
1289.97
1302.17
1313.80
1324.81
1335.18
1344.86
1353.82
1362.01
1369.41
1375.97
1381.66
1386.46
1390.33
1393.25
1395.20
1396.18
1006.05
1023.88
1041.59
1059.15
1076.55
1093.77
1110.78
1127.57
1144.12
1160.40
1176.39
1192.07
1207.42
1222.40
1237.00
1251.19
1264.93
1278.20
1290.97
1303.19
1314.84
1325.88
1336.26
1345.97
1354.95
1363.16
1370.58
1377.16
1382.86
1387.67
1391.55
1394.48
1396.44
1397.42
1006.26
1024.10
1041.81
1059.38
1076.79
1094.01
1111.03
1127.83
1144.38
1160.66
1176.66
1192.35
1207.70
1222.70
1237.31
1251.50
1265.25
1278.53
1291.30
1303.53
1315.18
1326.23
1336.63
1346.34
1355.32
1363.55
1370.97
1377.55
1383.27
1388.08
1391.96
1394.89
1396.86
1397.84
1006.04
1023.88
1041.59
1059.15
1076.55
1093.77
1110.78
1127.57
1144.12
1160.40
1176.39
1192.07
1207.42
1222.40
1237.00
1251.19
1264.93
1278.20
1290.96
1303.19
1314.83
1325.87
1336.26
1345.97
1354.94
1363.16
1370.57
1377.15
1382.86
1387.67
1391.55
1394.48
1396.44
1397.42
1005.40
1023.22
1040.91
1058.46
1075.84
1093.04
1110.04
1126.81
1143.33
1159.59
1175.57
1191.23
1206.55
1221.52
1236.10
1250.26
1263.98
1277.23
1289.97
1302.17
1313.79
1324.81
1335.17
1344.85
1353.81
1362.01
1369.40
1375.96
1381.66
1386.45
1390.32
1393.24
1395.20
1396.17
1004.33
1022.12
1039.79
1057.31
1074.66
1091.83
1108.80
1125.54
1142.03
1158.26
1174.20
1189.83
1205.12
1220.05
1234.59
1248.72
1262.40
1275.61
1288.31
1300.47
1312.06
1323.03
1333.36
1343.01
1351.93
1360.09
1367.46
1373.99
1379.66
1384.43
1388.28
1391.19
1393.13
1394.11
1002.83
1020.59
1038.21
1055.70
1073.01
1090.14
1107.07
1123.76
1140.22
1156.40
1172.29
1187.87
1203.12
1218.00
1232.49
1246.56
1260.19
1273.35
1286.00
1298.11
1309.64
1320.56
1330.84
1340.44
1349.31
1357.43
1364.75
1371.24
1376.88
1381.62
1385.44
1388.33
1390.27
1391.23
1000.91
1018.62
1036.20
1053.63
1070.90
1087.98
1104.85
1121.49
1137.89
1154.02
1169.85
1185.37
1200.55
1215.37
1229.80
1243.81
1257.37
1270.46
1283.04
1295.09
1306.55
1317.41
1327.62
1337.15
1345.97
1354.02
1361.29
1367.74
1373.33
1378.03
1381.83
1384.69
1386.61
1387.57
998.57
1016.22
1033.75
1051.12
1068.32
1085.34
1102.15
1118.73
1135.06
1151.11
1166.88
1182.33
1197.44
1212.18
1226.53
1240.46
1253.95
1266.96
1279.46
1291.42
1302.81
1313.58
1323.72
1333.17
1341.92
1349.91
1357.11
1363.50
1369.03
1373.70
1377.45
1380.29
1382.19
1383.14
995.82
1013.40
1030.86
1048.16
1065.29
1082.24
1098.97
1115.47
1131.73
1147.70
1163.39
1178.75
1193.78
1208.43
1222.69
1236.54
1249.93
1262.85
1275.26
1287.12
1298.42
1309.11
1319.15
1328.52
1337.18
1345.09
1352.22
1358.54
1364.02
1368.63
1372.35
1375.15
1377.03
1377.97
992.66
1010.17
1027.54
1044.76
1061.82
1078.68
1095.33
1111.74
1127.91
1143.79
1159.38
1174.65
1189.58
1204.14
1218.30
1232.04
1245.33
1258.15
1270.45
1282.22
1293.41
1303.99
1313.94
1323.21
1331.77
1339.60
1346.65
1352.90
1358.31
1362.86
1366.53
1369.30
1371.15
1372.08
989.09
1006.51
1023.80
1040.94
1057.90
1074.67
1091.22
1107.54
1123.60
1139.39
1154.88
1170.05
1184.86
1199.31
1213.37
1226.99
1240.17
1252.87
1265.06
1276.71
1287.79
1298.26
1308.10
1317.27
1325.73
1333.46
1340.42
1346.59
1351.93
1356.42
1360.04
1362.77
1364.60
1365.51
985.13
1002.46
1019.65
1036.68
1053.55
1070.21
1086.66
1102.88
1118.83
1134.51
1149.88
1164.94
1179.64
1193.97
1207.90
1221.41
1234.46
1247.04
1259.11
1270.63
1281.59
1291.94
1301.66
1310.72
1319.07
1326.70
1333.57
1339.65
1344.91
1349.34
1352.90
1355.59
1357.39
1358.29
980.78
998.00
1015.09
1032.02
1048.77
1065.32
1081.66
1097.76
1113.60
1129.16
1144.41
1159.34
1173.92
1188.12
1201.92
1215.30
1228.23
1240.67
1252.60
1264.00
1274.82
1285.05
1294.65
1303.58
1311.82
1319.34
1326.11
1332.10
1337.29
1341.64
1345.15
1347.80
1349.57
1350.46
976.04
993.15
1010.13
1026.94
1043.58
1060.01
1076.23
1092.20
1107.92
1123.35
1138.47
1153.27
1167.72
1181.78
1195.45
1208.69
1221.47
1233.78
1245.57
1256.83
1267.52
1277.61
1287.08
1295.89
1304.01
1311.42
1318.09
1323.98
1329.08
1333.37
1336.82
1339.43
1341.17
1342.03
970.93
987.92
1004.78
1021.47
1037.98
1054.29
1070.38
1086.22
1101.80
1117.10
1132.09
1146.74
1161.05
1174.97
1188.49
1201.59
1214.23
1226.39
1238.04
1249.15
1259.70
1269.66
1278.99
1287.67
1295.67
1302.96
1309.52
1315.32
1320.34
1324.55
1327.94
1330.50
1332.21
1333.06
965.46
982.32
999.05
1015.61
1031.99
1048.16
1064.11
1079.82
1095.26
1110.42
1125.26
1139.77
1153.93
1167.70
1181.08
1194.02
1206.51
1218.52
1230.02
1240.99
1251.39
1261.20
1270.40
1278.94
1286.82
1293.99
1300.44
1306.14
1311.07
1315.21
1318.55
1321.06
1322.73
1323.57
959.63
976.36
992.95
1009.37
1025.61
1041.64
1057.45
1073.02
1088.31
1103.32
1118.01
1132.37
1146.37
1160.00
1173.21
1186.00
1198.34
1210.19
1221.54
1232.35
1242.61
1252.27
1261.33
1269.74
1277.49
1284.54
1290.88
1296.48
1301.33
1305.39
1308.66
1311.13
1312.77
1313.60
953.45
970.04
986.49
1002.77
1018.86
1034.75
1050.41
1065.82
1080.96
1095.81
1110.35
1124.56
1138.40
1151.87
1164.92
1177.55
1189.73
1201.42
1212.61
1223.27
1233.37
1242.89
1251.81
1260.08
1267.70
1274.64
1280.87
1286.37
1291.12
1295.11
1298.32
1300.74
1302.35
1303.16
946.94
963.38
979.68
995.81
1011.75
1027.48
1042.99
1058.25
1073.23
1087.92
1102.30
1116.35
1130.03
1143.33
1156.22
1168.69
1180.70
1192.24
1203.27
1213.77
1223.72
1233.09
1241.86
1250.00
1257.49
1264.30
1270.42
1275.82
1280.49
1284.40
1287.55
1289.92
1291.51
1292.30
940.10
956.39
972.53
988.51
1004.29
1019.87
1035.21
1050.31
1065.13
1079.66
1093.88
1107.75
1121.27
1134.40
1147.13
1159.43
1171.28
1182.65
1193.52
1203.87
1213.66
1222.88
1231.51
1239.51
1246.87
1253.56
1259.57
1264.87
1269.45
1273.29
1276.38
1278.71
1280.26
1281.04
932.95
949.08
965.06
980.88
996.50
1011.91
1027.09
1042.02
1056.68
1071.04
1085.09
1098.80
1112.14
1125.11
1137.67
1149.80
1161.48
1172.69
1183.40
1193.58
1203.22
1212.29
1220.77
1228.64
1235.87
1242.45
1248.34
1253.55
1258.04
1261.81
1264.84
1267.12
1268.64
1269.40
925.50
941.47
957.28
972.93
988.38
1003.63
1018.64
1033.40
1047.89
1062.08
1075.95
1089.49
1102.67
1115.46
1127.85
1139.81
1151.33
1162.37
1172.91
1182.94
1192.42
1201.35
1209.68
1217.41
1224.52
1230.97
1236.76
1241.87
1246.28
1249.97
1252.94
1255.18
1256.67
1257.41
917.76
933.55
949.20
964.68
979.96
995.03
1009.87
1024.46
1038.77
1052.79
1066.49
1079.85
1092.85
1105.47
1117.69
1129.48
1140.83
1151.70
1162.09
1171.95
1181.29
1190.06
1198.26
1205.85
1212.83
1219.17
1224.85
1229.86
1234.18
1237.81
1240.72
1242.91
1244.37
1245.10
909.74
925.36
940.83
956.13
971.24
986.14
1000.80
1015.21
1029.35
1043.19
1056.71
1069.90
1082.72
1095.17
1107.21
1118.84
1130.01
1140.72
1150.94
1160.65
1169.83
1178.46
1186.51
1193.97
1200.82
1207.05
1212.62
1217.54
1221.78
1225.34
1228.19
1230.34
1231.77
1232.49
901.45
916.90
932.19
947.31
962.24
976.96
991.44
1005.67
1019.63
1033.29
1046.63
1059.64
1072.29
1084.56
1096.44
1107.88
1118.89
1129.43
1139.49
1149.05
1158.07
1166.55
1174.47
1181.80
1188.53
1194.64
1200.11
1204.94
1209.09
1212.58
1215.38
1217.48
1218.89
1219.59
892.91
908.18
923.28
938.22
952.97
967.51
981.81
995.86
1009.63
1023.11
1036.28
1049.11
1061.58
1073.67
1085.37
1096.65
1107.49
1117.86
1127.76
1137.16
1146.04
1154.37
1162.15
1169.35
1175.96
1181.96
1187.33
1192.06
1196.14
1199.56
1202.31
1204.37
1205.75
1206.44
884.14
899.21
914.14
928.89
943.45
957.80
971.92
985.78
999.37
1012.67
1025.65
1038.30
1050.60
1062.52
1074.04
1085.15
1095.82
1106.03
1115.77
1125.01
1133.74
1141.93
1149.57
1156.65
1163.14
1169.02
1174.30
1178.94
1182.94
1186.30
1188.99
1191.01
1192.36
1193.04
875.14
890.02
904.75
919.32
933.69
947.85
961.78
975.46
988.87
1001.98
1014.78
1027.25
1039.37
1051.11
1062.46
1073.39
1083.90
1093.95
1103.53
1112.62
1121.20
1129.25
1136.76
1143.71
1150.08
1155.86
1161.03
1165.59
1169.52
1172.81
1175.45
1177.43
1178.76
1179.42
865.92
880.61
895.15
909.53
923.71
937.68
951.42
964.91
978.13
991.06
1003.68
1015.97
1027.90
1039.47
1050.64
1061.41
1071.75
1081.64
1091.06
1100.00
1108.43
1116.35
1123.72
1130.55
1136.81
1142.48
1147.56
1152.03
1155.88
1159.11
1161.70
1163.65
1164.95
1165.59
856.51
871.00
885.35
899.53
913.52
927.30
940.85
954.15
967.18
979.92
992.36
1004.46
1016.22
1027.61
1038.61
1049.21
1059.38
1069.11
1078.38
1087.17
1095.46
1103.24
1110.49
1117.19
1123.33
1128.91
1133.89
1138.28
1142.06
1145.22
1147.77
1149.67
1150.95
1151.59
846.92
861.21
875.36
889.34
903.14
916.72
930.08
943.19
956.04
968.59
980.84
992.77
1004.34
1015.56
1026.39
1036.82
1046.83
1056.40
1065.51
1074.15
1082.30
1089.94
1097.06
1103.65
1109.68
1115.15
1120.05
1124.35
1128.06
1131.17
1133.66
1135.53
1136.79
1137.41
837.16
851.25
865.20
878.98
892.58
905.97
919.13
932.05
944.71
957.08
969.14
980.89
992.29
1003.33
1013.98
1024.25
1034.09
1043.50
1052.47
1060.96
1068.97
1076.48
1083.48
1089.95
1095.87
1101.24
1106.05
1110.27
1113.91
1116.96
1119.41
1121.24
1122.47
1123.08
827.25
841.14
854.88
868.46
881.86
895.06
908.03
920.75
933.22
945.40
957.28
968.84
980.06
990.93
1001.42
1011.51
1021.20
1030.46
1039.27
1047.62
1055.49
1062.87
1069.74
1076.10
1081.91
1087.19
1091.90
1096.05
1099.63
1102.62
1105.02
1106.82
1108.02
1108.62
817.20
830.88
844.42
857.80
871.00
884.00
896.77
909.31
921.58
933.58
945.27
956.65
967.70
978.39
988.71
998.64
1008.17
1017.27
1025.93
1034.14
1041.88
1049.13
1055.88
1062.12
1067.83
1073.01
1077.64
1081.72
1085.22
1088.16
1090.51
1092.28
1093.46
1094.05
807.03
820.51
833.85
847.02
860.02
872.82
885.39
897.74
909.82
921.63
933.14
944.34
955.21
965.73
975.88
985.65
995.01
1003.96
1012.48
1020.54
1028.15
1035.27
1041.91
1048.04
1053.65
1058.73
1063.28
1067.28
1070.72
1073.60
1075.91
1077.65
1078.81
1079.39
796.76
810.03
823.16
836.13
848.93
861.52
873.91
886.05
897.95
909.57
920.90
931.92
942.61
952.95
962.94
972.55
981.76
990.55
998.93
1006.85
1014.33
1021.33
1027.84
1033.86
1039.37
1044.37
1048.83
1052.76
1056.14
1058.96
1061.23
1062.94
1064.07
1064.64
786.41
799.47
812.39
825.15
837.75
850.14
862.33
874.28
885.98
897.42
908.56
919.40
929.92
940.10
949.92
959.36
968.42
977.07
985.29
993.09
1000.43
1007.31
1013.71
1019.62
1025.03
1029.94
1034.32
1038.17
1041.49
1044.27
1046.49
1048.16
1049.28
1049.84
775.99
788.83
801.54
814.10
826.49
838.69
850.68
862.44
873.95
885.20
896.16
906.82
917.17
927.17
936.83
946.11
955.02
963.52
971.60
979.26
986.47
993.23
999.52
1005.33
1010.64
1015.46
1019.76
1023.55
1026.80
1029.53
1031.71
1033.36
1034.45
1035.00
765.52
778.15
790.65
803.00
815.19
827.19
838.98
850.54
861.87
872.93
883.71
894.19
904.36
914.20
923.69
932.82
941.57
949.93
957.87
965.40
972.49
979.12
985.30
991.01
996.23
1000.96
1005.18
1008.90
1012.09
1014.77
1016.91
1018.53
1019.60
1020.14
755.01
767.43
779.73
791.87
803.85
815.65
827.24
838.62
849.75
860.62
871.23
881.53
891.53
901.20
910.54
919.51
928.11
936.32
944.13
951.52
958.48
965.00
971.07
976.68
981.80
986.45
990.60
994.25
997.39
1000.01
1002.12
1003.70
1004.76
1005.28
744.50
756.71
768.79
780.73
792.51
804.10
815.50
826.68
837.62
848.31
858.74
868.87
878.70
888.20
897.37
906.19
914.64
922.71
930.39
937.65
944.49
950.90
956.86
962.36
967.40
971.96
976.03
979.61
982.70
985.28
987.34
988.90
989.93
990.45
734.00
745.99
757.86
769.59
781.17
792.56
803.76
814.75
825.51
836.02
846.26
856.22
865.88
875.22
884.23
892.90
901.20
909.13
916.67
923.81
930.53
936.82
942.68
948.08
953.03
957.51
961.51
965.02
968.05
970.58
972.61
974.14
975.16
975.67
723.52
735.30
746.96
758.49
769.86
781.05
792.06
802.86
813.43
823.76
833.82
843.61
853.10
862.28
871.14
879.65
887.81
895.60
903.01
910.02
916.62
922.80
928.55
933.86
938.72
943.12
947.05
950.50
953.47
955.96
957.95
959.45
960.45
960.95
713.09
724.66
736.11
747.43
758.60
769.60
780.41
791.02
801.41
811.55
821.44
831.06
840.38
849.40
858.10
866.47
874.49
882.14
889.42
896.30
902.79
908.86
914.51
919.73
924.50
928.82
932.68
936.07
938.99
941.43
943.39
944.86
945.84
946.33
702.73
714.09
725.33
736.45
747.42
758.22
768.84
779.26
789.46
799.43
809.14
818.59
827.75
836.62
845.16
853.38
861.26
868.78
875.93
882.69
889.06
895.03
900.58
905.70
910.39
914.63
918.42
921.75
924.62
927.01
928.94
930.38
931.35
931.83
692.47
703.61
714.65
725.56
736.33
746.94
757.37
767.60
777.62
787.41
796.96
806.24
815.24
823.94
832.34
840.42
848.15
855.54
862.56
869.21
875.47
881.33
886.78
891.81
896.41
900.58
904.30
907.57
910.39
912.74
914.63
916.05
917.00
917.47
682.32
693.25
704.09
714.80
725.37
735.78
746.03
756.07
765.91
775.53
784.90
794.02
802.86
811.41
819.66
827.59
835.19
842.45
849.35
855.88
862.02
867.78
873.14
878.08
882.60
886.69
890.35
893.56
896.33
898.64
900.50
901.89
902.82
903.29
672.31
683.03
693.66
704.17
714.55
724.78
734.83
744.70
754.36
763.80
773.01
781.96
790.64
799.05
807.15
814.94
822.41
829.54
836.31
842.73
848.77
854.42
859.68
864.54
868.98
873.00
876.59
879.75
882.47
884.74
886.56
887.93
888.84
889.30
662.45
672.98
683.41
693.72
703.90
713.94
723.81
733.50
742.99
752.26
761.30
770.09
778.62
786.88
794.84
802.49
809.83
816.83
823.49
829.79
835.72
841.28
846.45
851.22
855.58
859.53
863.06
866.16
868.83
871.07
872.86
874.20
875.10
875.55
652.79
663.11
673.34
683.46
693.45
703.30
712.99
722.50
731.82
740.93
749.80
758.44
766.82
774.93
782.75
790.27
797.47
804.35
810.90
817.09
822.92
828.38
833.46
838.14
842.43
846.31
849.78
852.83
855.45
857.65
859.41
860.73
861.61
862.05
643.33
653.45
663.48
673.42
683.22
692.89
702.40
711.74
720.89
729.83
738.55
747.04
755.27
763.23
770.91
778.30
785.38
792.14
798.57
804.66
810.39
815.75
820.74
825.35
829.56
833.38
836.79
839.78
842.36
844.52
846.25
847.54
848.41
848.84
634.10
644.03
653.87
663.62
673.24
682.73
692.07
701.24
710.22
719.00
727.57
735.90
743.99
751.81
759.36
766.62
773.58
780.23
786.54
792.52
798.16
803.43
808.33
812.86
817.01
820.76
824.11
827.05
829.59
831.71
833.40
834.68
835.53
835.96
625.13
634.87
644.53
654.09
663.53
672.85
682.02
691.02
699.85
708.47
716.89
725.07
733.02
740.71
748.13
755.26
762.10
768.63
774.84
780.72
786.26
791.44
796.27
800.72
804.79
808.48
811.78
814.67
817.16
819.25
820.92
822.17
823.01
823.43
616.44
625.99
635.47
644.86
654.13
663.28
672.28
681.12
689.79
698.26
706.53
714.58
722.39
729.94
737.24
744.25
750.98
757.40
763.50
769.29
774.73
779.83
784.57
788.95
792.96
796.58
799.82
802.67
805.12
807.17
808.82
810.05
810.88
811.29
608.06
617.43
626.73
635.95
645.05
654.03
662.88
671.56
680.08
688.41
696.54
704.44
712.12
719.55
726.72
733.62
740.23
746.55
752.56
758.24
763.60
768.61
773.28
777.59
781.53
785.10
788.29
791.09
793.50
795.52
797.13
798.35
799.16
799.57
600.01
609.21
618.34
627.39
636.33
645.15
653.84
662.38
670.75
678.94
686.93
694.70
702.25
709.56
716.62
723.40
729.91
736.12
742.03
747.63
752.90
757.83
762.43
766.67
770.55
774.06
777.20
779.95
782.33
784.31
785.91
787.10
787.90
788.30
592.32
601.35
610.32
619.20
627.99
636.66
645.20
653.60
661.83
669.88
677.74
685.39
692.81
700.01
706.95
713.63
720.03
726.15
731.96
737.47
742.66
747.52
752.04
756.22
760.04
763.50
766.59
769.30
771.64
773.60
775.17
776.34
777.13
777.52
585.00
593.88
602.69
611.42
620.06
628.59
636.99
645.24
653.34
661.26
668.99
676.52
683.84
690.91
697.75
704.33
710.63
716.66
722.39
727.81
732.92
737.71
742.16
746.28
750.04
753.45
756.49
759.17
761.47
763.40
764.95
766.11
766.88
767.27
578.09
586.82
595.48
604.07
612.57
620.96
629.22
637.35
645.32
653.11
660.73
668.14
675.34
682.32
689.05
695.53
701.74
707.68
713.33
718.67
723.71
728.43
732.82
736.88
740.59
743.95
746.95
749.59
751.86
753.76
755.28
756.43
757.19
757.57
571.61
580.19
588.72
597.17
605.53
613.79
621.93
629.93
637.78
645.47
652.97
660.28
667.37
674.25
680.88
687.27
693.40
699.25
704.82
710.10
715.06
719.72
724.05
728.05
731.71
735.03
737.99
740.59
742.83
744.71
746.21
747.34
748.09
748.47
565.58
574.03
582.42
590.75
598.99
607.12
615.14
623.03
630.77
638.34
645.74
652.95
659.95
666.73
673.28
679.58
685.63
691.40
696.90
702.10
707.01
711.60
715.88
719.83
723.44
726.71
729.64
732.21
734.42
736.27
737.76
738.87
739.62
739.99
560.03
568.35
576.62
584.83
592.95
600.97
608.88
616.66
624.30
631.78
639.08
646.19
653.10
659.80
666.26
672.49
678.46
684.16
689.59
694.73
699.58
704.12
708.34
712.24
715.81
719.05
721.94
724.48
726.66
728.49
729.96
731.06
731.80
732.17
