531.98
540.40
548.80
557.16
565.46
573.69
581.83
589.86
597.76
605.52
613.12
620.54
627.76
634.78
641.56
648.11
654.40
660.42
666.16
671.61
676.74
681.56
686.05
690.20
694.00
697.45
700.53
703.24
705.58
707.53
709.10
710.28
711.06
711.46
538.13
546.70
555.26
563.77
572.23
580.60
588.89
597.06
605.09
612.98
620.71
628.25
635.59
642.72
649.61
656.26
662.65
668.77
674.60
680.12
685.34
690.23
694.79
699.00
702.86
706.35
709.48
712.23
714.60
716.59
718.18
719.37
720.17
720.57
544.79
553.54
562.26
570.94
579.56
588.10
596.53
604.85
613.03
621.07
628.93
636.60
644.07
651.32
658.33
665.09
671.59
677.80
683.73
689.34
694.64
699.61
704.24
708.52
712.44
716.00
719.17
721.97
724.37
726.39
728.00
729.22
730.03
730.43
551.95
560.88
569.79
578.64
587.43
596.14
604.74
613.22
621.55
629.74
637.74
645.55
653.16
660.54
667.68
674.56
681.17
687.49
693.52
699.23
704.62
709.67
714.38
718.73
722.72
726.33
729.56
732.40
734.85
736.90
738.54
739.77
740.60
741.01
559.58
568.71
577.80
586.84
595.81
604.70
613.47
622.12
630.62
638.96
647.12
655.08
662.83
670.35
677.62
684.63
691.36
697.80
703.93
709.75
715.23
720.37
725.17
729.59
733.65
737.32
740.61
743.50
745.99
748.07
749.74
751.00
751.84
752.26
567.65
576.98
586.27
595.51
604.68
613.74
622.70
631.53
640.20
648.71
657.03
665.15
673.05
680.71
688.12
695.26
702.12
708.68
714.93
720.85
726.44
731.68
736.55
741.06
745.19
748.93
752.28
755.22
757.76
759.88
761.58
762.85
763.71
764.13
576.14
585.68
595.18
604.62
613.99
623.25
632.40
641.41
650.27
658.95
667.44
675.72
683.78
691.59
699.15
706.43
713.42
720.10
726.47
732.51
738.20
743.54
748.51
753.10
757.31
761.12
764.53
767.52
770.10
772.26
773.99
775.30
776.17
776.60
585.01
594.78
604.50
614.15
623.72
633.19
642.53
651.74
660.78
669.64
678.31
686.76
694.98
702.95
710.66
718.08
725.21
732.03
738.52
744.68
750.48
755.92
760.99
765.67
769.95
773.84
777.31
780.36
782.99
785.19
786.96
788.29
789.17
789.61
594.25
604.24
614.18
624.06
633.84
643.52
653.07
662.47
671.71
680.76
689.61
698.23
706.62
714.76
722.62
730.20
737.47
744.42
751.04
757.32
763.24
768.78
773.95
778.72
783.09
787.05
790.59
793.71
796.39
798.63
800.43
801.78
802.68
803.13
603.82
614.05
624.22
634.32
644.32
654.21
663.97
673.58
683.02
692.26
701.30
710.11
718.67
726.97
735.00
742.73
750.15
757.24
764.00
770.40
776.43
782.09
787.36
792.23
796.68
800.72
804.33
807.51
810.24
812.53
814.36
815.74
816.66
817.12
613.70
624.16
634.57
644.90
655.13
665.24
675.22
685.03
694.67
704.12
713.34
722.34
731.08
739.56
747.75
755.64
763.21
770.45
777.34
783.87
790.03
795.80
801.18
806.14
810.69
814.81
818.49
821.73
824.52
826.85
828.72
830.13
831.07
831.53
623.86
634.57
645.21
655.78
666.24
676.57
686.77
696.80
706.65
716.29
725.72
734.90
743.83
752.48
760.85
768.90
776.63
784.01
791.05
797.71
804.00
809.89
815.37
820.43
825.07
829.27
833.03
836.34
839.18
841.56
843.47
844.90
845.86
846.34
634.26
645.22
656.11
666.92
677.61
688.18
698.60
708.85
718.91
728.76
738.38
747.76
756.88
765.71
774.25
782.47
790.35
797.89
805.07
811.88
818.29
824.30
829.89
835.06
839.79
844.08
847.92
851.29
854.19
856.62
858.56
860.03
861.00
861.49
644.90
656.11
667.24
678.29
689.22
700.02
710.67
721.14
731.42
741.48
751.31
760.89
770.19
779.21
787.92
796.31
804.36
812.06
819.39
826.33
832.87
839.00
844.71
849.99
854.82
859.19
863.11
866.55
869.51
871.99
873.97
875.47
876.46
876.96
655.73
667.19
678.58
689.87
701.05
712.08
722.96
733.65
744.15
754.43
764.46
774.24
783.74
792.95
801.84
810.40
818.62
826.48
833.95
841.04
847.72
853.97
859.80
865.18
870.11
874.58
878.57
882.08
885.10
887.63
889.66
891.19
892.20
892.71
666.73
678.45
690.09
701.63
713.05
724.32
735.43
746.36
757.07
767.57
777.81
787.80
797.49
806.89
815.97
824.71
833.09
841.11
848.74
855.97
862.79
869.17
875.12
880.61
885.64
890.20
894.28
897.86
900.94
903.52
905.59
907.15
908.19
908.71
677.88
689.86
701.76
713.55
725.21
736.72
748.07
759.22
770.16
780.87
791.33
801.52
811.42
821.01
830.27
839.19
847.75
855.93
863.72
871.09
878.05
884.57
890.64
896.24
901.38
906.03
910.19
913.85
917.00
919.63
921.74
923.33
924.39
924.92
689.15
701.39
713.54
725.59
737.49
749.25
760.83
772.22
783.39
794.32
804.99
815.39
825.49
835.27
844.73
853.83
862.56
870.91
878.85
886.38
893.48
900.13
906.32
912.05
917.29
922.03
926.28
930.01
933.23
935.91
938.07
939.69
940.77
941.32
700.52
713.02
725.43
737.72
749.88
761.88
773.70
785.32
796.72
807.87
818.76
829.37
839.67
849.66
859.30
868.58
877.49
886.01
894.12
901.80
909.04
915.83
922.15
927.99
933.34
938.18
942.52
946.33
949.61
952.35
954.56
956.21
957.31
957.87
711.96
724.72
737.39
749.94
762.34
774.59
786.65
798.50
810.13
821.50
832.61
843.43
853.94
864.13
873.96
883.44
892.52
901.21
909.48
917.32
924.71
931.64
938.09
944.05
949.51
954.45
958.88
962.77
966.11
968.92
971.16
972.85
973.98
974.55
723.45
736.48
749.40
762.20
774.86
787.35
799.65
811.73
823.59
835.19
846.52
857.56
868.28
878.66
888.69
898.35
907.62
916.49
924.92
932.92
940.46
947.53
954.11
960.19
965.76
970.81
975.33
979.30
982.72
985.58
987.87
989.60
990.75
991.32
734.97
748.26
761.44
774.49
787.40
800.13
812.67
825.00
837.08
848.91
860.46
871.71
882.64
893.23
903.46
913.31
922.77
931.81
940.41
948.57
956.26
963.48
970.19
976.40
982.09
987.24
991.85
995.90
999.39
1002.31
1004.66
1006.42
1007.59
1008.18
746.50
760.04
773.48
786.79
799.94
812.92
825.70
838.26
850.58
862.64
874.41
885.88
897.02
907.82
918.25
928.29
937.93
947.15
955.93
964.25
972.10
979.45
986.31
992.64
998.45
1003.70
1008.41
1012.55
1016.11
1019.10
1021.49
1023.29
1024.49
1025.09
758.01
771.81
785.51
799.07
812.47
825.69
838.72
851.51
864.07
876.35
888.35
900.03
911.39
922.39
933.02
943.26
953.09
962.49
971.44
979.93
987.93
995.44
1002.43
1008.90
1014.82
1020.19
1024.99
1029.22
1032.86
1035.91
1038.35
1040.19
1041.41
1042.03
769.48
783.54
797.49
811.30
824.95
838.42
851.69
864.72
877.51
890.02
902.24
914.15
925.71
936.93
947.76
958.20
968.22
977.80
986.93
995.58
1003.75
1011.41
1018.55
1025.14
1031.19
1036.67
1041.58
1045.89
1049.61
1052.72
1055.22
1057.09
1058.35
1058.97
780.89
795.21
809.41
823.48
837.38
851.09
864.59
877.87
890.89
903.63
916.07
928.20
939.98
951.41
962.45
973.08
983.29
993.06
1002.37
1011.20
1019.53
1027.34
1034.63
1041.36
1047.53
1053.13
1058.14
1062.55
1066.34
1069.52
1072.07
1073.99
1075.27
1075.91
792.23
806.80
821.26
835.57
849.72
863.67
877.42
890.93
904.18
917.15
929.82
942.17
954.17
965.81
977.05
987.89
998.30
1008.26
1017.75
1026.75
1035.25
1043.22
1050.65
1057.53
1063.83
1069.54
1074.66
1079.16
1083.04
1086.29
1088.89
1090.85
1092.16
1092.82
803.47
818.30
833.00
847.56
861.95
876.15
890.13
903.88
917.37
930.57
943.47
956.04
968.26
980.11
991.56
1002.60
1013.21
1023.36
1033.04
1042.22
1050.89
1059.02
1066.60
1073.62
1080.06
1085.89
1091.12
1095.72
1099.68
1103.00
1105.67
1107.67
1109.01
1109.68
814.60
829.67
844.62
859.43
874.06
888.50
902.73
916.71
930.43
943.86
956.99
969.78
982.22
994.29
1005.95
1017.20
1028.01
1038.36
1048.22
1057.58
1066.42
1074.72
1082.46
1089.63
1096.20
1102.16
1107.50
1112.20
1116.26
1119.65
1122.37
1124.42
1125.79
1126.47
825.59
840.91
856.11
871.16
886.03
900.71
915.18
929.39
943.35
957.01
970.36
983.38
996.04
1008.32
1020.20
1031.66
1042.67
1053.22
1063.27
1072.82
1081.84
1090.31
1098.21
1105.53
1112.24
1118.33
1123.79
1128.60
1132.74
1136.21
1139.00
1141.09
1142.49
1143.19
836.43
852.00
867.44
882.73
897.84
912.76
927.46
941.91
956.10
969.99
983.57
996.82
1009.70
1022.20
1034.30
1045.97
1057.18
1067.93
1078.18
1087.92
1097.12
1105.77
1113.84
1121.31
1128.17
1134.39
1139.97
1144.88
1149.12
1152.67
1155.53
1157.67
1159.11
1159.82
847.10
862.91
878.59
894.12
909.48
924.63
939.56
954.25
968.67
982.79
996.60
1010.07
1023.18
1035.90
1048.21
1060.10
1071.52
1082.48
1092.93
1102.86
1112.25
1121.07
1129.31
1136.95
1143.95
1150.32
1156.02
1161.05
1165.39
1169.03
1171.95
1174.14
1175.61
1176.34
857.59
873.64
889.55
905.32
920.91
936.30
951.47
966.38
981.03
995.39
1009.42
1023.12
1036.45
1049.40
1061.93
1074.03
1085.67
1096.84
1107.49
1117.62
1127.20
1136.21
1144.63
1152.43
1159.59
1166.10
1171.94
1177.09
1181.53
1185.25
1188.24
1190.50
1192.00
1192.75
867.87
884.16
900.31
916.31
932.13
947.75
963.15
978.30
993.18
1007.76
1022.03
1035.95
1049.51
1062.68
1075.44
1087.76
1099.62
1110.99
1121.86
1132.19
1141.97
1151.17
1159.77
1167.74
1175.07
1181.73
1187.70
1192.97
1197.53
1201.34
1204.41
1206.72
1208.26
1209.03
877.94
894.45
910.84
927.07
943.12
958.97
974.60
989.98
1005.09
1019.90
1034.40
1048.55
1062.33
1075.73
1088.71
1101.25
1113.33
1124.93
1136.01
1146.55
1156.53
1165.93
1174.71
1182.86
1190.36
1197.18
1203.30
1208.70
1213.37
1217.28
1220.43
1222.80
1224.38
1225.17
887.77
904.51
921.12
937.58
953.86
969.94
985.79
1001.40
1016.74
1031.78
1046.51
1060.89
1074.90
1088.53
1101.73
1114.50
1126.81
1138.62
1149.92
1160.68
1170.87
1180.47
1189.45
1197.79
1205.46
1212.45
1218.72
1224.26
1229.05
1233.07
1236.30
1238.73
1240.36
1241.17
897.36
914.32
931.15
947.83
964.34
980.64
996.72
1012.55
1028.12
1043.39
1058.34
1072.95
1087.20
1101.05
1114.49
1127.49
1140.02
1152.06
1163.58
1174.56
1184.97
1194.78
1203.96
1212.50
1220.36
1227.52
1233.95
1239.64
1244.56
1248.68
1252.01
1254.51
1256.18
1257.02
906.68
923.86
940.91
957.81
974.53
991.06
1007.36
1023.42
1039.21
1054.70
1069.88
1084.72
1099.20
1113.28
1126.95
1140.18
1152.95
1165.22
1176.97
1188.18
1198.81
1208.84
1218.24
1226.98
1235.04
1242.38
1248.98
1254.83
1259.88
1264.12
1267.54
1270.12
1271.84
1272.70
915.73
933.12
950.38
967.50
984.43
1001.18
1017.70
1033.98
1049.99
1065.71
1081.12
1096.19
1110.89
1125.21
1139.12
1152.58
1165.58
1178.09
1190.08
1201.52
1212.38
1222.64
1232.26
1241.22
1249.48
1257.02
1263.80
1269.81
1275.01
1279.38
1282.91
1285.56
1287.34
1288.23
924.48
942.08
959.55
976.87
994.03
1010.98
1027.72
1044.22
1060.45
1076.39
1092.03
1107.32
1122.26
1136.81
1150.95
1164.66
1177.90
1190.65
1202.88
1214.56
1225.66
1236.16
1246.01
1255.20
1263.68
1271.42
1278.40
1284.58
1289.94
1294.45
1298.09
1300.83
1302.67
1303.58
932.93
950.73
968.40
985.93
1003.29
1020.46
1037.41
1054.12
1070.57
1086.73
1102.59
1118.12
1133.29
1148.07
1162.45
1176.40
1189.88
1202.88
1215.36
1227.29
1238.64
1249.38
1259.48
1268.90
1277.61
1285.58
1292.76
1299.13
1304.66
1309.32
1313.08
1315.92
1317.82
1318.77
941.06
959.05
976.92
994.65
1012.21
1029.58
1046.74
1063.67
1080.33
1096.72
1112.80
1128.55
1143.95
1158.97
1173.59
1187.78
1201.51
1214.76
1227.49
1239.68
1251.29
1262.29
1272.64
1282.31
1291.27
1299.47
1306.88
1313.46
1319.17
1323.99
1327.88
1330.83
1332.80
1333.78
948.85
967.04
985.10
1003.02
1020.78
1038.35
1055.71
1072.84
1089.72
1106.32
1122.62
1138.60
1154.23
1169.48
1184.34
1198.78
1212.76
1226.27
1239.26
1251.71
1263.59
1274.86
1285.48
1295.42
1304.64
1313.09
1320.73
1327.54
1333.45
1338.45
1342.49
1345.55
1347.60
1348.63
956.31
974.67
992.92
1011.03
1028.98
1046.75
1064.31
1081.64
1098.72
1115.53
1132.05
1148.25
1164.10
1179.60
1194.70
1209.38
1223.62
1237.39
1250.65
1263.37
1275.53
1287.08
1297.98
1308.20
1317.69
1326.42
1334.32
1341.37
1347.51
1352.70
1356.91
1360.09
1362.23
1363.30
963.41
981.95
1000.37
1018.66
1036.80
1054.75
1072.50
1090.03
1107.31
1124.33
1141.06
1157.48
1173.56
1189.29
1204.63
1219.56
1234.06
1248.09
1261.63
1274.63
1287.07
1298.92
1310.12
1320.63
1330.42
1339.44
1347.62
1354.94
1361.32
1366.73
1371.12
1374.45
1376.69
1377.81
970.14
988.85
1007.44
1025.91
1044.22
1062.35
1080.29
1098.01
1115.49
1132.71
1149.65
1166.28
1182.59
1198.54
1214.12
1229.31
1244.06
1258.36
1272.17
1285.47
1298.20
1310.35
1321.86
1332.70
1342.80
1352.13
1360.63
1368.23
1374.89
1380.54
1385.14
1388.64
1390.99
1392.17
976.49
995.36
1014.12
1032.75
1051.23
1069.54
1087.65
1105.55
1123.22
1140.64
1157.78
1174.63
1191.15
1207.34
1223.16
1238.58
1253.60
1268.17
1282.26
1295.85
1308.89
1321.36
1333.20
1344.36
1354.81
1364.48
1373.31
1381.24
1388.20
1394.13
1398.96
1402.65
1405.13
1406.37
982.46
1001.47
1020.39
1039.18
1057.82
1076.29
1094.58
1112.66
1130.51
1148.11
1165.45
1182.50
1199.24
1215.65
1231.70
1247.38
1262.65
1277.49
1291.87
1305.75
1319.11
1331.91
1344.09
1355.61
1366.41
1376.45
1385.65
1393.93
1401.24
1407.48
1412.59
1416.49
1419.12
1420.45
988.02
1007.18
1026.24
1045.18
1063.97
1082.60
1101.05
1119.30
1137.32
1155.11
1172.64
1189.88
1206.83
1223.46
1239.74
1255.66
1271.18
1286.29
1300.96
1315.15
1328.83
1341.96
1354.50
1366.39
1377.58
1388.02
1397.62
1406.30
1413.99
1420.59
1426.02
1430.17
1432.99
1434.41
993.18
1012.47
1031.67
1050.74
1069.68
1088.46
1107.06
1125.47
1143.66
1161.62
1179.32
1196.76
1213.91
1230.74
1247.25
1263.40
1279.18
1294.56
1309.51
1324.00
1338.01
1351.49
1364.39
1376.68
1388.28
1399.14
1409.18
1418.32
1426.44
1433.46
1439.25
1443.71
1446.75
1448.28
997.92
1017.34
1036.66
1055.86
1074.93
1093.85
1112.60
1131.15
1149.50
1167.62
1185.50
1203.11
1220.45
1237.48
1254.20
1270.59
1286.61
1302.25
1317.48
1332.28
1346.61
1360.44
1373.73
1386.42
1398.46
1409.78
1420.31
1429.93
1438.56
1446.06
1452.29
1457.12
1460.43
1462.11
1002.23
1021.76
1041.20
1060.53
1079.72
1098.76
1117.64
1136.33
1154.83
1173.10
1191.13
1208.92
1226.43
1243.66
1260.58
1277.18
1293.44
1309.34
1324.84
1339.94
1354.60
1368.78
1382.45
1395.56
1408.06
1419.88
1430.93
1441.11
1450.31
1458.37
1465.14
1470.43
1474.07
1475.93
1006.12
1025.75
1045.29
1064.72
1084.03
1103.19
1122.19
1141.01
1159.63
1178.04
1196.23
1214.17
1231.85
1249.25
1266.37
1283.17
1299.65
1315.79
1331.56
1346.95
1361.92
1376.46
1390.52
1404.06
1417.03
1429.37
1440.99
1451.79
1461.63
1470.36
1477.78
1483.65
1487.74
1489.84
1009.56
1029.28
1048.92
1068.45
1087.85
1107.12
1126.22
1145.16
1163.90
1182.44
1200.76
1218.84
1236.67
1254.24
1271.53
1288.53
1305.21
1321.58
1337.60
1353.26
1368.54
1383.42
1397.86
1411.83
1425.28
1438.16
1450.39
1461.87
1472.46
1481.98
1490.20
1496.82
1501.51
1503.95
1012.55
1032.36
1052.08
1071.69
1091.18
1110.54
1129.74
1148.78
1167.63
1186.28
1204.71
1222.92
1240.89
1258.60
1276.05
1293.22
1310.10
1326.67
1342.92
1358.84
1374.41
1389.60
1404.41
1418.80
1432.73
1446.17
1459.03
1471.24
1482.67
1493.13
1502.35
1509.98
1515.51
1518.45
1015.10
1034.97
1054.76
1074.45
1094.02
1113.45
1132.74
1151.86
1170.80
1189.54
1208.08
1226.40
1244.49
1262.33
1279.91
1297.23
1314.28
1331.03
1347.49
1363.64
1379.47
1394.97
1410.11
1424.90
1439.30
1453.27
1466.78
1479.77
1492.11
1503.66
1514.15
1523.13
1529.91
1533.60
1017.19
1037.11
1056.96
1076.71
1096.34
1115.84
1135.19
1154.38
1173.40
1192.23
1210.85
1229.26
1247.45
1265.40
1283.10
1300.55
1317.73
1334.65
1351.28
1367.63
1383.69
1399.44
1414.90
1430.04
1444.86
1459.35
1473.49
1487.24
1500.56
1513.34
1525.37
1536.24
1545.03
1549.80
1018.81
1038.79
1058.68
1078.47
1098.15
1117.70
1137.11
1156.36
1175.43
1194.32
1213.02
1231.50
1249.76
1267.80
1285.59
1303.15
1320.44
1337.48
1354.26
1370.77
1387.01
1402.99
1418.70
1434.14
1449.33
1464.26
1478.96
1493.44
1507.71
1521.78
1535.63
1549.20
1561.91
1567.70
1019.98
1039.98
1059.91
1079.73
1099.45
1119.04
1138.48
1157.77
1176.89
1195.83
1214.57
1233.10
1251.42
1269.52
1287.38
1305.01
1322.39
1339.52
1356.41
1373.04
1389.42
1405.56
1421.45
1437.13
1452.60
1467.89
1483.04
1498.11
1513.20
1528.43
1544.13
1561.38
1572.39
1577.45
1020.68
1040.70
1060.64
1080.49
1100.23
1119.84
1139.31
1158.62
1177.77
1196.73
1215.50
1234.07
1252.42
1270.56
1288.46
1306.13
1323.56
1340.75
1357.70
1374.41
1390.87
1407.11
1423.13
1438.94
1454.59
1470.11
1485.55
1501.02
1516.65
1532.66
1549.36
1567.45
1577.71
1582.34
1020.91
1040.94
1060.89
1080.75
1100.49
1120.11
1139.58
1158.90
1178.06
1197.03
1215.81
1234.39
1252.75
1270.90
1288.82
1306.51
1323.96
1341.16
1358.13
1374.86
1391.36
1407.63
1423.69
1439.55
1455.26
1470.85
1486.40
1502.01
1517.83
1534.08
1551.08
1569.27
1579.32
1583.82
1020.68
1040.70
1060.64
1080.49
1100.23
1119.84
1139.31
1158.62
1177.76
1196.73
1215.50
1234.06
1252.42
1270.55
1288.46
1306.13
1323.56
1340.75
1357.70
1374.40
1390.87
1407.10
1423.12
1438.94
1454.59
1470.10
1485.55
1501.01
1516.64
1532.65
1549.35
1567.43
1577.69
1582.32
1019.98
1039.98
1059.90
1079.73
1099.45
1119.03
1138.48
1157.77
1176.89
1195.82
1214.56
1233.10
1251.42
1269.51
1287.38
1305.00
1322.39
1339.52
1356.40
1373.03
1389.41
1405.55
1421.44
1437.12
1452.58
1467.87
1483.02
1498.10
1513.18
1528.41
1544.10
1561.35
1572.34
1577.39
1018.81
1038.78
1058.67
1078.47
1098.15
1117.70
1137.10
1156.35
1175.43
1194.32
1213.01
1231.49
1249.76
1267.79
1285.59
1303.14
1320.43
1337.47
1354.25
1370.76
1387.00
1402.98
1418.68
1434.12
1449.31
1464.24
1478.94
1493.42
1507.68
1521.74
1535.59
1549.14
1561.82
1567.54
1017.18
1037.11
1056.95
1076.70
1096.33
1115.83
1135.18
1154.38
1173.39
1192.22
1210.84
1229.25
1247.44
1265.39
1283.09
1300.54
1317.72
1334.63
1351.27
1367.61
1383.67
1399.43
1414.88
1430.02
1444.84
1459.33
1473.46
1487.21
1500.53
1513.30
1525.32
1536.17
1544.92
1549.65
1015.09
1034.96
1054.75
1074.44
1094.01
1113.44
1132.72
1151.84
1170.78
1189.53
1208.07
1226.39
1244.47
1262.31
1279.90
1297.22
1314.26
1331.02
1347.47
1363.62
1379.45
1394.95
1410.09
1424.88
1439.27
1453.24
1466.75
1479.73
1492.08
1503.62
1514.09
1523.05
1529.81
1533.47
1012.54
1032.35
1052.06
1071.68
1091.17
1110.53
1129.73
1148.76
1167.61
1186.26
1204.70
1222.91
1240.87
1258.59
1276.03
1293.20
1310.08
1326.65
1342.90
1358.82
1374.38
1389.58
1404.39
1418.77
1432.71
1446.14
1459.00
1471.21
1482.63
1493.08
1502.30
1509.90
1515.42
1518.35
1009.55
1029.27
1048.90
1068.43
1087.84
1107.10
1126.21
1145.14
1163.89
1182.42
1200.74
1218.82
1236.65
1254.22
1271.51
1288.51
1305.19
1321.55
1337.58
1353.24
1368.52
1383.39
1397.83
1411.80
1425.25
1438.13
1450.35
1461.83
1472.41
1481.93
1490.14
1496.76
1501.44
1503.87
1006.10
1025.73
1045.28
1064.71
1084.01
1103.17
1122.17
1140.99
1159.61
1178.02
1196.21
1214.15
1231.83
1249.23
1266.34
1283.15
1299.63
1315.76
1331.54
1346.92
1361.89
1376.43
1390.48
1404.02
1416.99
1429.33
1440.95
1451.74
1461.59
1470.32
1477.73
1483.59
1487.68
1489.78
1002.22
1021.75
1041.18
1060.51
1079.70
1098.75
1117.62
1136.31
1154.81
1173.08
1191.11
1208.90
1226.41
1243.64
1260.56
1277.16
1293.42
1309.31
1324.82
1339.91
1354.57
1368.75
1382.42
1395.53
1408.02
1419.84
1430.89
1441.07
1450.26
1458.32
1465.08
1470.37
1474.02
1475.88
997.90
1017.32
1036.64
1055.84
1074.91
1093.83
1112.57
1131.13
1149.47
1167.60
1185.47
1203.09
1220.42
1237.46
1254.18
1270.56
1286.58
1302.22
1317.45
1332.25
1346.58
1360.41
1373.69
1386.38
1398.42
1409.74
1420.26
1429.89
1438.51
1446.01
1452.24
1457.07
1460.37
1462.05
993.16
1012.45
1031.65
1050.72
1069.66
1088.44
1107.04
1125.44
1143.63
1161.59
1179.30
1196.73
1213.88
1230.71
1247.22
1263.37
1279.15
1294.53
1309.48
1323.97
1337.97
1351.45
1364.35
1376.63
1388.24
1399.10
1409.14
1418.27
1426.39
1433.41
1439.20
1443.66
1446.69
1448.23
988.00
1007.16
1026.22
1045.16
1063.95
1082.58
1101.03
1119.27
1137.30
1155.08
1172.61
1189.86
1206.80
1223.43
1239.71
1255.62
1271.15
1286.26
1300.92
1315.11
1328.79
1341.92
1354.46
1366.35
1377.54
1387.97
1397.57
1406.25
1413.94
1420.54
1425.96
1430.12
1432.94
1434.35
982.43
1001.45
1020.37
1039.15
1057.79
1076.26
1094.55
1112.63
1130.48
1148.08
1165.42
1182.47
1199.21
1215.61
1231.67
1247.34
1262.61
1277.45
1291.83
1305.72
1319.07
1331.86
1344.04
1355.56
1366.37
1376.40
1385.60
1393.88
1401.19
1407.43
1412.53
1416.43
1419.07
1420.39
976.47
995.33
1014.09
1032.72
1051.20
1069.51
1087.62
1105.53
1123.19
1140.61
1157.75
1174.59
1191.12
1207.30
1223.12
1238.55
1253.56
1268.13
1282.22
1295.81
1308.85
1321.31
1333.15
1344.32
1354.76
1364.43
1373.26
1381.18
1388.15
1394.07
1398.91
1402.59
1405.07
1406.32
970.11
988.82
1007.42
1025.88
1044.19
1062.32
1080.26
1097.98
1115.46
1132.68
1149.61
1166.24
1182.55
1198.51
1214.09
1229.27
1244.02
1258.32
1272.13
1285.42
1298.16
1310.31
1321.82
1332.65
1342.75
1352.08
1360.57
1368.18
1374.83
1380.49
1385.09
1388.58
1390.93
1392.11
963.38
981.92
1000.35
1018.64
1036.77
1054.72
1072.47
1090.00
1107.28
1124.30
1141.03
1157.44
1173.53
1189.25
1204.59
1219.52
1234.02
1248.05
1261.58
1274.59
1287.03
1298.87
1310.07
1320.58
1330.37
1339.38
1347.57
1354.88
1361.27
1366.68
1371.07
1374.40
1376.63
1377.76
956.28
974.65
992.89
1011.00
1028.95
1046.71
1064.27
1081.60
1098.68
1115.49
1132.01
1148.21
1164.06
1179.56
1194.66
1209.34
1223.58
1237.34
1250.60
1263.33
1275.48
1287.03
1297.93
1308.15
1317.64
1326.36
1334.27
1341.31
1347.45
1352.64
1356.85
1360.03
1362.17
1363.24
948.82
967.01
985.07
1002.99
1020.75
1038.32
1055.68
1072.81
1089.68
1106.28
1122.58
1138.56
1154.18
1169.44
1184.30
1198.73
1212.72
1226.22
1239.21
1251.66
1263.54
1274.81
1285.43
1295.37
1304.58
1313.03
1320.68
1327.48
1333.40
1338.39
1342.43
1345.49
1347.54
1348.57
941.02
959.02
976.89
994.62
1012.18
1029.55
1046.71
1063.63
1080.29
1096.68
1112.75
1128.50
1143.90
1158.92
1173.54
1187.73
1201.46
1214.71
1227.44
1239.63
1251.24
1262.24
1272.59
1282.26
1291.21
1299.41
1306.82
1313.40
1319.11
1323.93
1327.82
1330.76
1332.74
1333.72
932.89
950.69
968.37
985.90
1003.25
1020.42
1037.37
1054.08
1070.53
1086.69
1102.55
1118.07
1133.24
1148.03
1162.40
1176.35
1189.83
1202.83
1215.31
1227.24
1238.59
1249.33
1259.42
1268.84
1277.55
1285.52
1292.70
1299.07
1304.60
1309.26
1313.02
1315.86
1317.76
1318.71
924.45
942.04
959.51
976.84
993.99
1010.94
1027.68
1044.18
1060.41
1076.35
1091.98
1107.28
1122.22
1136.77
1150.91
1164.61
1177.85
1190.60
1202.83
1214.51
1225.61
1236.10
1245.96
1255.14
1263.62
1271.36
1278.34
1284.52
1289.88
1294.39
1298.02
1300.77
1302.60
1303.52
915.69
933.08
950.34
967.46
984.40
1001.14
1017.66
1033.94
1049.95
1065.67
1081.07
1096.14
1110.85
1125.16
1139.07
1152.53
1165.53
1178.04
1190.02
1201.46
1212.33
1222.58
1232.20
1241.16
1249.42
1256.96
1263.74
1269.75
1274.95
1279.32
1282.84
1285.50
1287.27
1288.16
906.65
923.82
940.87
957.77
974.49
991.02
1007.32
1023.38
1039.16
1054.66
1069.84
1084.68
1099.15
1113.23
1126.90
1140.13
1152.89
1165.17
1176.92
1188.12
1198.75
1208.78
1218.18
1226.92
1234.98
1242.32
1248.92
1254.76
1259.81
1264.06
1267.48
1270.05
1271.78
1272.64
897.32
914.28
931.11
947.79
964.29
980.60
996.68
1012.51
1028.07
1043.34
1058.29
1072.90
1087.14
1101.00
1114.43
1127.43
1139.96
1152.00
1163.52
1174.50
1184.91
1194.72
1203.90
1212.44
1220.30
1227.46
1233.89
1239.57
1244.49
1248.62
1251.94
1254.44
1256.11
1256.95
887.74
904.47
921.08
937.54
953.82
969.89
985.75
1001.36
1016.69
1031.73
1046.46
1060.84
1074.85
1088.47
1101.68
1114.45
1126.75
1138.56
1149.86
1160.62
1170.81
1180.40
1189.39
1197.73
1205.40
1212.38
1218.66
1224.20
1228.98
1233.00
1236.23
1238.66
1240.29
1241.10
877.90
894.41
910.79
927.02
943.07
958.92
974.55
989.93
1005.04
1019.85
1034.34
1048.50
1062.28
1075.68
1088.66
1101.20
1113.28
1124.87
1135.94
1146.49
1156.47
1165.86
1174.65
1182.80
1190.30
1197.11
1203.23
1208.64
1213.30
1217.21
1220.36
1222.73
1224.31
1225.10
867.83
884.11
900.26
916.26
932.08
947.70
963.10
978.25
993.13
1007.71
1021.98
1035.90
1049.46
1062.63
1075.38
1087.70
1099.56
1110.93
1121.80
1132.13
1141.91
1151.10
1159.70
1167.67
1175.00
1181.66
1187.63
1192.91
1197.46
1201.27
1204.34
1206.65
1208.19
1208.96
857.55
873.59
889.51
905.27
920.86
936.25
951.42
966.33
980.98
995.33
1009.37
1023.07
1036.40
1049.34
1061.87
1073.97
1085.61
1096.77
1107.43
1117.56
1127.14
1136.15
1144.56
1152.36
1159.52
1166.03
1171.87
1177.02
1181.46
1185.18
1188.17
1190.42
1191.93
1192.68
847.06
862.87
878.55
894.08
909.43
924.58
939.51
954.20
968.61
982.74
996.54
1010.01
1023.12
1035.84
1048.15
1060.03
1071.46
1082.41
1092.87
1102.80
1112.18
1121.01
1129.24
1136.88
1143.88
1150.25
1155.95
1160.98
1165.32
1168.95
1171.87
1174.07
1175.54
1176.27
836.39
851.95
867.39
882.68
897.80
912.71
927.41
941.86
956.04
969.94
983.52
996.76
1009.64
1022.14
1034.24
1045.90
1057.12
1067.87
1078.12
1087.86
1097.06
1105.70
1113.77
1121.24
1128.09
1134.32
1139.90
1144.81
1149.05
1152.60
1155.45
1157.60
1159.03
1159.75
825.54
840.87
856.06
871.11
885.99
900.66
915.12
929.34
943.29
956.95
970.30
983.32
995.98
1008.26
1020.14
1031.60
1042.61
1053.15
1063.21
1072.76
1081.77
1090.24
1098.14
1105.46
1112.17
1118.26
1123.72
1128.52
1132.67
1136.14
1138.92
1141.02
1142.42
1143.12
814.55
829.63
844.58
859.38
874.01
888.45
902.67
916.66
930.37
943.81
956.93
969.72
982.16
994.22
1005.89
1017.14
1027.94
1038.29
1048.15
1057.51
1066.35
1074.65
1082.39
1089.56
1096.13
1102.09
1107.43
1112.13
1116.18
1119.57
1122.30
1124.35
1125.71
1126.40
803.42
818.25
832.95
847.51
861.90
876.10
890.08
903.83
917.31
930.51
943.41
955.98
968.20
980.04
991.50
1002.54
1013.14
1023.29
1032.97
1042.15
1050.82
1058.95
1066.53
1073.55
1079.98
1085.82
1091.04
1095.64
1099.61
1102.93
1105.59
1107.59
1108.93
1109.60
792.18
806.76
821.21
835.52
849.66
863.62
877.36
890.87
904.12
917.09
929.76
942.11
954.11
965.74
976.99
987.82
998.23
1008.19
1017.68
1026.68
1035.18
1043.15
1050.58
1057.45
1063.75
1069.47
1074.58
1079.08
1082.96
1086.21
1088.82
1090.78
1092.09
1092.74
780.85
795.16
809.36
823.43
837.32
851.03
864.54
877.81
890.83
903.57
916.01
928.14
939.92
951.34
962.38
973.01
983.23
992.99
1002.30
1011.13
1019.46
1027.27
1034.55
1041.29
1047.46
1053.05
1058.06
1062.47
1066.27
1069.44
1071.99
1073.91
1075.19
1075.83
769.43
783.49
797.44
811.25
824.90
838.37
851.63
864.66
877.45
889.96
902.18
914.08
925.65
936.86
947.69
958.13
968.15
977.73
986.86
995.51
1003.68
1011.34
1018.47
1025.07
1031.11
1036.60
1041.50
1045.81
1049.53
1052.64
1055.14
1057.02
1058.27
1058.89
757.96
771.76
785.45
799.01
812.41
825.64
838.66
851.46
864.01
876.29
888.28
899.97
911.32
922.32
932.95
943.19
953.02
962.42
971.37
979.85
987.86
995.36
1002.36
1008.82
1014.74
1020.11
1024.91
1029.14
1032.78
1035.83
1038.27
1040.11
1041.33
1041.95
746.45
759.99
773.43
786.74
799.89
812.87
825.65
838.21
850.52
862.58
874.35
885.82
896.96
907.75
918.18
928.22
937.86
947.08
955.85
964.17
972.02
979.38
986.23
992.56
998.37
1003.63
1008.33
1012.47
1016.03
1019.01
1021.41
1023.21
1024.41
1025.01
734.92
748.21
761.39
774.44
787.34
800.08
812.61
824.94
837.02
848.85
860.40
871.65
882.58
893.17
903.39
913.24
922.70
931.73
940.34
948.50
956.19
963.40
970.11
976.32
982.01
987.16
991.77
995.82
999.31
1002.23
1004.57
1006.34
1007.51
1008.10
723.40
736.43
749.35
762.15
774.80
787.29
799.59
811.67
823.53
835.13
846.46
857.49
868.21
878.59
888.62
898.28
907.55
916.41
924.85
932.85
940.38
947.45
954.03
960.11
965.69
970.73
975.25
979.22
982.64
985.50
987.79
989.52
990.67
991.24
711.91
724.67
737.34
749.88
762.29
774.53
786.59
798.44
810.06
821.44
832.55
843.37
853.88
864.06
873.89
883.36
892.45
901.14
909.41
917.25
924.63
931.56
938.01
943.97
949.43
954.37
958.79
962.68
966.03
968.83
971.08
972.77
973.90
974.46
700.47
712.97
725.38
737.67
749.82
761.82
773.64
785.26
796.65
807.80
818.69
829.30
839.60
849.59
859.23
868.51
877.42
885.94
894.04
901.72
908.96
915.75
922.07
927.91
933.26
938.10
942.44
946.25
949.53
952.27
954.47
956.13
957.23
957.78
689.10
701.34
713.49
725.53
737.44
749.19
760.77
772.16
783.32
794.25
804.92
815.32
825.42
835.20
844.65
853.75
862.49
870.83
878.78
886.30
893.40
900.05
906.24
911.97
917.21
921.95
926.20
929.93
933.14
935.83
937.99
939.61
940.69
941.23
677.83
689.81
701.70
713.49
725.15
736.66
748.01
759.16
770.10
780.81
791.27
801.45
811.35
820.94
830.20
839.12
847.68
855.85
863.64
871.02
877.97
884.49
890.56
896.16
901.30
905.95
910.11
913.76
916.91
919.54
921.66
923.25
924.30
924.83
666.68
678.40
690.04
701.58
712.99
724.27
735.37
746.29
757.01
767.50
777.75
787.73
797.42
806.82
815.90
824.63
833.02
841.03
848.66
855.89
862.71
869.09
875.04
880.53
885.56
890.12
894.19
897.78
900.86
903.44
905.51
907.07
908.10
908.62
655.68
667.14
678.53
689.82
700.99
712.02
722.90
733.59
744.09
754.36
764.40
774.17
783.67
792.88
801.77
810.33
818.55
826.40
833.88
840.96
847.64
853.89
859.72
865.10
870.03
874.50
878.49
882.00
885.02
887.55
889.58
891.10
892.12
892.62
644.85
656.05
667.19
678.23
689.17
699.96
710.61
721.08
731.35
741.41
751.24
760.82
770.12
779.14
787.85
796.24
804.29
811.98
819.31
826.25
832.79
838.92
844.63
849.91
854.74
859.11
863.02
866.46
869.42
871.90
873.89
875.38
876.38
876.87
634.21
645.17
656.06
666.86
677.55
688.12
698.53
708.78
718.84
728.69
738.32
747.69
756.81
765.64
774.17
782.39
790.28
797.82
805.00
811.80
818.21
824.22
829.81
834.98
839.71
844.00
847.83
851.20
854.10
856.53
858.48
859.94
860.92
861.41
623.81
634.51
645.16
655.72
666.18
676.52
686.71
696.74
706.58
716.23
725.65
734.83
743.76
752.41
760.77
768.82
776.55
783.94
790.97
797.63
803.92
809.80
815.29
820.35
824.99
829.19
832.95
836.25
839.09
841.47
843.38
844.82
845.77
846.25
613.65
624.11
634.52
644.84
655.07
665.18
675.16
684.97
694.61
704.05
713.28
722.27
731.01
739.49
747.68
755.56
763.14
770.37
777.26
783.80
789.95
795.72
801.10
806.06
810.61
814.73
818.41
821.65
824.43
826.76
828.63
830.04
830.98
831.45
603.77
613.99
624.16
634.26
644.26
654.15
663.91
673.52
682.95
692.19
701.23
710.04
718.60
726.90
734.92
742.65
750.07
757.16
763.92
770.32
776.35
782.01
787.28
792.14
796.60
800.64
804.25
807.42
810.16
812.44
814.28
815.65
816.57
817.03
594.20
604.19
614.13
624.00
633.78
643.46
653.01
662.41
671.64
680.69
689.54
698.17
706.55
714.69
722.55
730.12
737.39
744.34
750.97
757.24
763.16
768.70
773.87
778.64
783.01
786.97
790.51
793.62
796.30
798.54
800.34
801.69
802.60
803.05
584.96
594.72
604.44
614.09
623.66
633.13
642.47
651.67
660.71
669.58
678.24
686.69
694.91
702.88
710.59
718.01
725.14
731.95
738.44
744.60
750.40
755.84
760.90
765.58
769.87
773.75
777.23
780.28
782.91
785.11
786.87
788.20
789.08
789.53
576.09
585.63
595.13
604.57
613.93
623.19
632.34
641.35
650.20
658.88
667.37
675.65
683.71
691.52
699.07
706.35
713.34
720.03
726.39
732.43
738.12
743.46
748.42
753.02
757.22
761.03
764.44
767.44
770.02
772.18
773.91
775.21
776.08
776.51
567.60
576.93
586.22
595.46
604.62
613.69
622.64
631.46
640.14
648.64
656.97
665.08
672.98
680.64
688.05
695.19
702.04
708.60
714.85
720.77
726.36
731.59
736.47
740.98
745.11
748.85
752.19
755.14
757.67
759.79
761.49
762.77
763.62
764.05
559.53
568.65
577.74
586.79
595.76
604.64
613.41
622.06
630.56
638.90
647.05
655.01
662.76
670.28
677.54
684.55
691.28
697.72
703.85
709.67
715.15
720.29
725.08
729.51
733.57
737.24
740.53
743.42
745.90
747.99
749.66
750.91
751.75
752.17
551.90
560.83
569.73
578.59
587.37
596.08
604.68
613.15
621.49
629.67
637.67
645.49
653.09
660.47
667.60
674.48
681.09
687.41
693.44
699.15
704.54
709.59
714.30
718.65
722.64
726.25
729.48
732.32
734.76
736.81
738.45
739.69
740.51
740.92
544.74
553.49
562.21
570.89
579.50
588.04
596.47
604.79
612.97
621.00
628.86
636.53
644.00
651.24
658.26
665.02
671.51
677.73
683.65
689.26
694.56
699.53
704.16
708.44
712.36
715.91
719.09
721.88
724.29
726.30
727.92
729.13
729.94
730.35
538.08
546.65
555.20
563.72
572.17
580.55
588.83
596.99
605.03
612.92
620.64
628.18
635.52
642.65
649.54
656.19
662.58
668.69
674.52
680.04
685.26
690.15
694.70
698.91
702.77
706.27
709.40
712.15
714.52
716.50
718.09
719.28
720.08
720.48
531.93
540.35
548.74
557.10
565.40
573.63
581.77
589.80
597.70
605.46
613.05
620.47
627.69
634.71
641.49
648.04
654.33
660.35
666.08
671.53
676.66
681.48
685.97
690.12
693.92
697.36
700.44
703.15
705.49
707.44
709.01
710.19
710.97
711.37
530.94
539.36
547.76
556.12
564.43
572.67
580.82
588.85
596.77
604.53
612.14
619.57
626.80
633.83
640.62
647.18
653.48
659.51
665.26
670.72
675.86
680.69
685.19
689.35
693.16
696.61
699.70
702.42
704.76
706.72
708.29
709.47
710.26
710.65
537.11
545.69
554.25
562.77
571.23
579.61
587.90
596.08
604.13
612.03
619.76
627.31
634.67
641.80
648.71
655.37
661.77
667.90
673.74
679.28
684.50
689.41
693.97
698.19
702.06
705.57
708.70
711.46
713.84
715.82
717.42
718.62
719.42
719.82
543.80
552.55
561.28
569.96
578.59
587.13
595.58
603.91
612.10
620.14
628.01
635.70
643.18
650.44
657.47
664.24
670.75
676.98
682.92
688.54
693.86
698.84
703.48
707.77
711.70
715.26
718.44
721.24
723.66
725.68
727.30
728.51
729.33
729.73
550.98
559.92
568.83
577.69
586.49
595.20
603.81
612.30
620.65
628.85
636.87
644.69
652.31
659.71
666.86
673.75
680.38
686.71
692.75
698.48
703.88
708.95
713.67
718.03
722.03
725.65
728.89
731.73
734.19
736.24
737.89
739.12
739.95
740.36
558.63
567.76
576.87
585.92
594.90
603.79
612.58
621.24
629.76
638.11
646.29
654.27
662.03
669.56
676.85
683.87
690.61
697.07
703.22
709.05
714.55
719.70
724.51
728.95
733.01
736.70
739.99
742.89
745.39
747.47
749.15
750.41
751.25
751.67
566.73
576.07
585.37
594.62
603.80
612.88
621.85
630.69
639.38
647.90
656.24
664.38
672.29
679.97
687.40
694.55
701.43
708.00
714.27
720.21
725.81
731.06
735.95
740.47
744.61
748.36
751.72
754.67
757.21
759.34
761.04
762.32
763.18
763.61
575.24
584.80
594.31
603.77
613.14
622.42
631.59
640.61
649.49
658.18
666.69
674.99
683.07
690.90
698.47
705.77
712.78
719.48
725.87
731.92
737.63
742.98
747.96
752.57
756.79
760.61
764.03
767.03
769.62
771.79
773.52
774.83
775.70
776.14
584.15
593.92
603.65
613.32
622.91
632.39
641.76
650.98
660.04
668.92
677.61
686.08
694.32
702.31
710.04
717.48
724.63
731.46
737.97
744.14
749.96
755.42
760.50
765.20
769.50
773.39
776.87
779.94
782.58
784.78
786.55
787.88
788.77
789.22
593.41
603.42
613.38
623.27
633.07
642.76
652.33
661.75
671.01
680.08
688.95
697.60
706.01
714.17
722.05
729.65
736.94
743.91
750.55
756.85
762.78
768.35
773.53
778.31
782.70
786.67
790.22
793.35
796.03
798.28
800.09
801.45
802.35
802.80
603.02
613.26
623.45
633.56
643.59
653.50
663.28
672.91
682.37
691.63
700.69
709.52
718.11
726.44
734.48
742.23
749.67
756.79
763.57
769.99
776.04
781.72
787.00
791.88
796.36
800.41
804.03
807.21
809.96
812.25
814.09
815.47
816.40
816.86
612.92
623.41
633.83
644.18
654.44
664.57
674.57
684.41
694.07
703.54
712.79
721.81
730.58
739.08
747.29
755.20
762.80
770.06
776.97
783.53
789.70
795.49
800.89
805.87
810.43
814.56
818.26
821.51
824.30
826.64
828.52
829.93
830.87
831.34
623.11
633.84
644.51
655.10
665.58
675.94
686.16
696.22
706.09
715.76
725.21
734.42
743.38
752.06
760.44
768.52
776.27
783.68
790.74
797.43
803.73
809.64
815.14
820.22
824.88
829.10
832.87
836.18
839.03
841.42
843.34
844.78
845.74
846.22
633.55
644.53
655.45
666.28
677.00
687.59
698.03
708.31
718.40
728.28
737.93
747.34
756.48
765.34
773.90
782.15
790.06
797.63
804.83
811.65
818.09
824.12
829.73
834.92
839.67
843.97
847.82
851.20
854.11
856.55
858.51
859.97
860.96
861.44
644.22
655.45
666.62
677.69
688.65
699.48
710.15
720.65
730.96
741.05
750.91
760.51
769.85
778.90
787.64
796.05
804.13
811.85
819.20
826.17
832.74
838.89
844.62
849.92
854.76
859.16
863.08
866.53
869.51
871.99
873.99
875.49
876.49
876.99
655.09
666.58
677.99
689.31
700.51
711.58
722.49
733.21
743.74
754.05
764.11
773.92
783.45
792.69
801.61
810.21
818.45
826.33
833.84
840.94
847.65
853.93
859.78
865.18
870.13
874.61
878.62
882.14
885.18
887.71
889.75
891.28
892.30
892.81
666.12
677.87
689.54
701.11
712.56
723.87
735.01
745.96
756.71
767.24
777.52
787.53
797.26
806.69
815.80
824.57
832.98
841.03
848.69
855.94
862.78
869.20
875.16
880.68
885.73
890.30
894.39
897.99
901.09
903.68
905.76
907.32
908.36
908.88
677.31
689.32
701.24
713.07
724.76
736.31
747.69
758.87
769.85
780.60
791.09
801.31
811.24
820.87
830.16
839.11
847.70
855.91
863.73
871.13
878.12
884.66
890.75
896.38
901.54
906.21
910.38
914.05
917.21
919.86
921.98
923.57
924.64
925.17
688.61
700.89
713.07
725.15
737.09
748.88
760.50
771.92
783.12
794.09
804.80
815.23
825.37
835.19
844.68
853.81
862.57
870.95
878.93
886.49
893.61
900.29
906.51
912.25
917.52
922.28
926.54
930.29
933.52
936.22
938.38
940.01
941.10
941.64
700.02
712.55
725.00
737.33
749.52
761.56
773.41
785.07
796.50
807.69
818.62
829.27
839.61
849.63
859.31
868.63
877.57
886.12
894.26
901.97
909.24
916.06
922.40
928.27
933.64
938.50
942.85
946.68
949.98
952.73
954.94
956.61
957.71
958.27
711.49
724.29
737.00
749.58
762.03
774.31
786.41
798.30
809.96
821.38
832.53
843.39
853.94
864.16
874.03
883.54
892.66
901.39
909.69
917.56
924.98
931.93
938.41
944.40
949.88
954.84
959.29
963.19
966.56
969.37
971.63
973.32
974.46
975.02
723.02
736.08
749.05
761.89
774.58
787.11
799.45
811.58
823.48
835.12
846.49
857.57
868.33
878.75
888.82
898.52
907.83
916.72
925.20
933.23
940.80
947.89
954.50
960.61
966.21
971.28
975.81
979.80
983.23
986.11
988.41
990.14
991.30
991.88
734.58
747.90
761.12
774.22
787.17
799.94
812.52
824.89
837.02
848.89
860.49
871.78
882.75
893.38
903.65
913.54
923.03
932.11
940.75
948.94
956.67
963.91
970.65
976.89
982.60
987.77
992.40
996.48
999.98
1002.92
1005.27
1007.04
1008.22
1008.81
746.14
759.72
773.20
786.56
799.75
812.78
825.60
838.21
850.57
862.67
874.49
886.00
897.18
908.02
918.49
928.58
938.26
947.51
956.33
964.68
972.56
979.95
986.84
993.20
999.03
1004.31
1009.04
1013.20
1016.78
1019.77
1022.18
1023.99
1025.19
1025.79
757.68
771.53
785.27
798.87
812.32
825.59
838.66
851.50
864.10
876.43
888.48
900.21
911.60
922.65
933.32
943.61
953.48
962.91
971.90
980.43
988.47
996.01
1003.03
1009.53
1015.48
1020.87
1025.70
1029.94
1033.60
1036.66
1039.11
1040.96
1042.19
1042.81
769.19
783.30
797.29
811.15
824.85
838.36
851.68
864.76
877.59
890.15
902.42
914.37
925.99
937.24
948.12
958.60
968.67
978.29
987.46
996.15
1004.35
1012.05
1019.22
1025.84
1031.92
1037.42
1042.35
1046.69
1050.42
1053.55
1056.06
1057.94
1059.20
1059.83
780.64
795.00
809.25
823.36
837.31
851.07
864.63
877.95
891.02
903.81
916.30
928.48
940.31
951.78
962.87
973.55
983.80
993.62
1002.96
1011.83
1020.20
1028.05
1035.36
1042.13
1048.33
1053.95
1058.99
1063.41
1067.23
1070.42
1072.99
1074.91
1076.20
1076.84
792.01
806.63
821.14
835.50
849.69
863.70
877.50
891.06
904.36
917.38
930.10
942.50
954.55
966.24
977.53
988.41
998.87
1008.87
1018.40
1027.45
1035.98
1043.99
1051.46
1058.36
1064.70
1070.44
1075.58
1080.10
1084.00
1087.26
1089.88
1091.85
1093.17
1093.83
803.28
818.16
832.92
847.53
861.97
876.22
890.26
904.06
917.59
930.85
943.80
956.42
968.69
980.59
992.10
1003.19
1013.84
1024.04
1033.76
1042.98
1051.69
1059.86
1067.48
1074.53
1080.99
1086.86
1092.11
1096.73
1100.72
1104.05
1106.73
1108.75
1110.09
1110.76
814.44
829.57
844.58
859.43
874.12
888.62
902.89
916.93
930.70
944.19
957.37
970.22
982.71
994.82
1006.54
1017.84
1028.70
1039.09
1049.00
1058.41
1067.29
1075.63
1083.41
1090.61
1097.21
1103.20
1108.57
1113.29
1117.36
1120.77
1123.51
1125.57
1126.95
1127.64
825.47
840.85
856.10
871.20
886.13
900.87
915.38
929.66
943.67
957.38
970.79
983.86
996.58
1008.92
1020.85
1032.36
1043.42
1054.01
1064.11
1073.71
1082.77
1091.28
1099.22
1106.57
1113.32
1119.44
1124.93
1129.76
1133.92
1137.41
1140.21
1142.32
1143.73
1144.43
836.34
851.97
867.46
882.81
897.98
912.96
927.71
942.22
956.46
970.41
984.05
997.35
1010.29
1022.85
1034.99
1046.72
1057.99
1068.78
1079.08
1088.87
1098.11
1106.80
1114.91
1122.42
1129.31
1135.57
1141.18
1146.12
1150.38
1153.95
1156.82
1158.98
1160.42
1161.14
847.05
862.91
878.65
894.24
909.65
924.86
939.85
954.60
969.07
983.26
997.12
1010.65
1023.82
1036.59
1048.96
1060.90
1072.38
1083.39
1093.89
1103.87
1113.30
1122.17
1130.45
1138.12
1145.17
1151.57
1157.30
1162.36
1166.72
1170.38
1173.31
1175.52
1177.00
1177.74
857.57
873.67
889.65
905.47
921.12
936.57
951.80
966.78
981.48
995.90
1010.00
1023.75
1037.14
1050.15
1062.74
1074.89
1086.59
1097.80
1108.51
1118.69
1128.32
1137.37
1145.83
1153.67
1160.88
1167.42
1173.29
1178.47
1182.93
1186.68
1189.69
1191.95
1193.46
1194.22
867.88
884.22
900.43
916.49
932.38
948.06
963.52
978.73
993.67
1008.32
1022.64
1036.63
1050.25
1063.48
1076.29
1088.67
1100.59
1112.01
1122.93
1133.32
1143.15
1152.39
1161.04
1169.05
1176.42
1183.12
1189.13
1194.43
1199.00
1202.84
1205.93
1208.25
1209.80
1210.58
877.98
894.55
911.00
927.29
943.40
959.32
975.01
990.45
1005.62
1020.50
1035.05
1049.27
1063.12
1076.57
1089.62
1102.22
1114.36
1126.00
1137.14
1147.73
1157.77
1167.21
1176.05
1184.24
1191.78
1198.64
1204.80
1210.23
1214.92
1218.86
1222.03
1224.41
1226.00
1226.80
887.84
904.64
921.31
937.83
954.18
970.32
986.24
1001.91
1017.31
1032.42
1047.21
1061.65
1075.73
1089.42
1102.69
1115.52
1127.88
1139.75
1151.11
1161.92
1172.17
1181.82
1190.85
1199.24
1206.95
1213.98
1220.29
1225.86
1230.68
1234.72
1237.97
1240.42
1242.06
1242.88
897.46
914.48
931.37
948.12
964.69
981.06
997.20
1013.10
1028.73
1044.07
1059.08
1073.76
1088.07
1101.99
1115.49
1128.55
1141.14
1153.24
1164.83
1175.86
1186.32
1196.19
1205.43
1214.01
1221.92
1229.12
1235.59
1241.31
1246.26
1250.41
1253.76
1256.28
1257.96
1258.80
906.80
924.05
941.16
958.13
974.92
991.51
1007.88
1024.00
1039.86
1055.42
1070.67
1085.57
1100.12
1114.27
1128.00
1141.30
1154.12
1166.46
1178.27
1189.54
1200.23
1210.31
1219.77
1228.56
1236.66
1244.05
1250.70
1256.58
1261.66
1265.94
1269.38
1271.97
1273.71
1274.57
915.88
933.33
950.66
967.84
984.85
1001.66
1018.25
1034.60
1050.68
1066.47
1081.94
1097.08
1111.85
1126.24
1140.21
1153.74
1166.81
1179.38
1191.43
1202.93
1213.86
1224.17
1233.85
1242.86
1251.18
1258.76
1265.59
1271.64
1276.87
1281.27
1284.82
1287.50
1289.29
1290.18
924.65
942.32
959.86
977.25
994.47
1011.49
1028.30
1044.87
1061.17
1077.18
1092.89
1108.25
1123.26
1137.88
1152.09
1165.86
1179.17
1191.99
1204.29
1216.03
1227.20
1237.75
1247.67
1256.91
1265.44
1273.24
1280.26
1286.49
1291.88
1296.43
1300.09
1302.85
1304.70
1305.63
933.12
950.99
968.74
986.33
1003.76
1021.00
1038.02
1054.80
1071.32
1087.56
1103.49
1119.08
1134.32
1149.18
1163.63
1177.65
1191.20
1204.27
1216.81
1228.81
1240.23
1251.04
1261.20
1270.68
1279.45
1287.46
1294.70
1301.12
1306.69
1311.38
1315.17
1318.03
1319.95
1320.90
941.28
959.34
977.28
995.08
1012.71
1030.15
1047.38
1064.38
1081.12
1097.57
1113.72
1129.55
1145.02
1160.12
1174.81
1189.07
1202.87
1216.19
1229.00
1241.26
1252.94
1264.00
1274.42
1284.16
1293.17
1301.43
1308.89
1315.52
1321.28
1326.14
1330.07
1333.03
1335.02
1336.02
949.10
967.35
985.48
1003.48
1021.31
1038.95
1056.38
1073.59
1090.53
1107.21
1123.58
1139.63
1155.34
1170.67
1185.60
1200.11
1214.17
1227.75
1240.82
1253.34
1265.29
1276.63
1287.33
1297.33
1306.61
1315.13
1322.83
1329.69
1335.66
1340.69
1344.77
1347.86
1349.92
1350.96
956.57
975.01
993.33
1011.51
1029.53
1047.37
1065.00
1082.41
1099.56
1116.45
1133.04
1149.32
1165.25
1180.82
1195.99
1210.76
1225.07
1238.91
1252.25
1265.05
1277.28
1288.91
1299.89
1310.18
1319.74
1328.53
1336.50
1343.61
1349.80
1355.04
1359.29
1362.50
1364.66
1365.74
963.69
982.30
1000.80
1019.16
1037.37
1055.40
1073.22
1090.83
1108.19
1125.28
1142.09
1158.58
1174.74
1190.55
1205.97
1220.98
1235.55
1249.66
1263.28
1276.36
1288.88
1300.80
1312.08
1322.68
1332.54
1341.63
1349.89
1357.27
1363.71
1369.18
1373.61
1376.98
1379.24
1380.37
970.44
989.22
1007.89
1026.43
1044.81
1063.02
1081.03
1098.83
1116.38
1133.68
1150.70
1167.41
1183.79
1199.83
1215.49
1230.76
1245.59
1259.97
1273.87
1287.24
1300.07
1312.30
1323.89
1334.81
1345.00
1354.41
1362.98
1370.66
1377.38
1383.10
1387.75
1391.28
1393.66
1394.85
976.81
995.75
1014.58
1033.29
1051.84
1070.22
1088.42
1106.40
1124.14
1141.64
1158.86
1175.78
1192.39
1208.65
1224.56
1240.07
1255.17
1269.82
1284.00
1297.68
1310.81
1323.36
1335.29
1346.55
1357.08
1366.84
1375.75
1383.76
1390.80
1396.80
1401.69
1405.42
1407.94
1409.20
982.79
1001.88
1020.87
1039.73
1058.45
1077.00
1095.36
1113.52
1131.45
1149.13
1166.55
1183.68
1200.50
1216.99
1233.13
1248.89
1264.25
1279.18
1293.65
1307.63
1321.08
1333.96
1346.24
1357.86
1368.76
1378.89
1388.19
1396.57
1403.96
1410.28
1415.45
1419.41
1422.08
1423.43
988.37
1007.61
1026.74
1045.75
1064.62
1083.33
1101.86
1120.18
1138.29
1156.15
1173.76
1191.09
1208.12
1224.83
1241.20
1257.20
1272.82
1288.02
1302.78
1317.07
1330.84
1344.07
1356.71
1368.71
1380.01
1390.55
1400.26
1409.05
1416.84
1423.53
1429.03
1433.26
1436.12
1437.56
993.54
1012.91
1032.18
1051.33
1070.35
1089.20
1107.88
1126.37
1144.64
1162.68
1180.47
1197.99
1215.22
1232.14
1248.73
1264.98
1280.85
1296.32
1311.37
1325.96
1340.07
1353.65
1366.66
1379.06
1390.78
1401.77
1411.93
1421.18
1429.42
1436.54
1442.43
1446.98
1450.07
1451.63
998.30
1017.79
1037.19
1056.47
1075.61
1094.61
1113.43
1132.07
1150.50
1168.70
1186.66
1204.36
1221.78
1238.91
1255.71
1272.19
1288.30
1304.04
1319.37
1334.28
1348.71
1362.66
1376.06
1388.87
1401.04
1412.49
1423.15
1432.92
1441.68
1449.31
1455.66
1460.60
1463.97
1465.69
1002.62
1022.23
1041.74
1061.14
1080.41
1099.54
1118.49
1137.27
1155.84
1174.20
1192.32
1210.19
1227.79
1245.10
1262.12
1278.81
1295.16
1311.16
1326.77
1341.97
1356.74
1371.04
1384.84
1398.08
1410.72
1422.68
1433.89
1444.23
1453.58
1461.81
1468.72
1474.14
1477.88
1479.79
1006.52
1026.22
1045.84
1065.35
1084.74
1103.97
1123.05
1141.95
1160.66
1179.15
1197.42
1215.45
1233.22
1250.71
1267.92
1284.82
1301.40
1317.64
1333.52
1349.01
1364.11
1378.76
1392.96
1406.64
1419.76
1432.26
1444.05
1455.04
1465.07
1474.00
1481.60
1487.64
1491.85
1494.03
1009.97
1029.77
1049.48
1069.09
1088.57
1107.91
1127.10
1146.12
1164.94
1183.56
1201.97
1220.14
1238.06
1255.72
1273.10
1290.19
1306.98
1323.45
1339.58
1355.36
1370.76
1385.77
1400.35
1414.47
1428.09
1441.14
1453.57
1465.26
1476.07
1485.83
1494.29
1501.13
1506.00
1508.54
1012.97
1032.85
1052.64
1072.34
1091.91
1111.35
1130.63
1149.75
1168.68
1187.41
1205.93
1224.23
1242.29
1260.10
1277.64
1294.91
1311.88
1328.56
1344.92
1360.96
1376.66
1391.99
1406.95
1421.50
1435.61
1449.23
1462.32
1474.77
1486.46
1497.21
1506.75
1514.67
1520.46
1523.55
1015.52
1035.47
1055.33
1075.10
1094.75
1114.26
1133.63
1152.83
1171.86
1190.69
1209.31
1227.72
1245.90
1263.83
1281.51
1298.93
1316.08
1332.94
1349.52
1365.79
1381.75
1397.38
1412.69
1427.64
1442.23
1456.42
1470.17
1483.42
1496.08
1507.98
1518.86
1528.26
1535.41
1539.38
1017.61
1037.62
1057.54
1077.37
1097.08
1116.66
1136.09
1155.37
1174.47
1193.38
1212.09
1230.59
1248.87
1266.91
1284.71
1302.26
1319.55
1336.57
1353.32
1369.80
1385.99
1401.89
1417.50
1432.82
1447.84
1462.56
1476.95
1491.01
1504.68
1517.88
1530.40
1541.81
1551.00
1556.31
1019.25
1039.30
1059.26
1079.14
1098.90
1118.53
1138.02
1157.35
1176.51
1195.48
1214.26
1232.84
1251.19
1269.32
1287.21
1304.86
1322.27
1339.42
1356.32
1372.95
1389.33
1405.46
1421.33
1436.95
1452.35
1467.52
1482.50
1497.30
1511.95
1526.48
1540.87
1554.94
1567.16
1572.43
1020.41
1040.49
1060.50
1080.40
1100.20
1119.87
1139.39
1158.77
1177.97
1196.99
1215.82
1234.44
1252.86
1271.05
1289.01
1306.74
1324.22
1341.47
1358.47
1375.23
1391.75
1408.04
1424.10
1439.97
1455.65
1471.18
1486.62
1502.03
1517.52
1533.23
1549.32
1566.25
1576.22
1580.76
1021.12
1041.21
1061.24
1081.16
1100.98
1120.67
1140.22
1159.62
1178.85
1197.89
1216.75
1235.41
1253.86
1272.09
1290.09
1307.86
1325.40
1342.70
1359.77
1376.60
1393.21
1409.60
1425.79
1441.80
1457.66
1473.42
1489.16
1504.98
1521.04
1537.55
1554.68
1571.58
1580.80
1584.96
1021.35
1041.45
1061.48
1081.42
1101.24
1120.94
1140.50
1159.90
1179.14
1198.20
1217.06
1235.73
1254.19
1272.43
1290.45
1308.24
1325.79
1343.12
1360.20
1377.06
1393.70
1410.12
1426.35
1442.41
1458.33
1474.18
1490.02
1505.98
1522.23
1539.00
1556.38
1573.18
1582.19
1586.24
1021.11
1041.21
1061.23
1081.16
1100.98
1120.67
1140.22
1159.61
1178.84
1197.89
1216.75
1235.41
1253.85
1272.08
1290.09
1307.86
1325.40
1342.70
1359.77
1376.60
1393.21
1409.60
1425.78
1441.79
1457.65
1473.42
1489.16
1504.97
1521.03
1537.54
1554.67
1571.57
1580.78
1584.94
1020.41
1040.49
1060.49
1080.40
1100.19
1119.86
1139.39
1158.76
1177.96
1196.98
1215.81
1234.44
1252.85
1271.04
1289.00
1306.73
1324.22
1341.46
1358.46
1375.22
1391.74
1408.03
1424.09
1439.95
1455.64
1471.17
1486.61
1502.02
1517.51
1533.21
1549.29
1566.22
1576.19
1580.72
1019.24
1039.29
1059.26
1079.13
1098.89
1118.52
1138.01
1157.34
1176.50
1195.48
1214.26
1232.83
1251.18
1269.31
1287.20
1304.86
1322.26
1339.41
1356.31
1372.94
1389.32
1405.44
1421.31
1436.94
1452.33
1467.50
1482.48
1497.28
1511.93
1526.45
1540.83
1554.89
1567.09
1572.34
1017.61
1037.61
1057.54
1077.36
1097.07
1116.65
1136.09
1155.36
1174.46
1193.37
1212.08
1230.58
1248.86
1266.90
1284.70
1302.25
1319.54
1336.56
1353.31
1369.78
1385.97
1401.87
1417.48
1432.80
1447.82
1462.53
1476.93
1490.98
1504.65
1517.84
1530.35
1541.75
1550.91
1556.19
1015.51
1035.46
1055.33
1075.09
1094.74
1114.25
1133.62
1152.82
1171.84
1190.68
1209.30
1227.71
1245.88
1263.82
1281.50
1298.92
1316.06
1332.93
1349.50
1365.77
1381.73
1397.36
1412.67
1427.62
1442.20
1456.39
1470.14
1483.39
1496.04
1507.94
1518.81
1528.19
1535.32
1539.27
1012.96
1032.84
1052.63
1072.33
1091.90
1111.33
1130.62
1149.73
1168.66
1187.40
1205.92
1224.22
1242.27
1260.08
1277.62
1294.89
1311.86
1328.54
1344.90
1360.94
1376.63
1391.97
1406.92
1421.47
1435.58
1449.20
1462.28
1474.73
1486.42
1497.17
1506.69
1514.60
1520.38
1523.46
1009.95
1029.75
1049.47
1069.07
1088.56
1107.90
1127.09
1146.10
1164.93
1183.55
1201.95
1220.12
1238.04
1255.70
1273.08
1290.17
1306.96
1323.43
1339.56
1355.33
1370.73
1385.74
1400.32
1414.44
1428.05
1441.11
1453.53
1465.22
1476.03
1485.79
1494.24
1501.07
1505.93
1508.47
1006.50
1026.21
1045.83
1065.34
1084.72
1103.96
1123.04
1141.94
1160.64
1179.14
1197.40
1215.43
1233.20
1250.69
1267.90
1284.80
1301.38
1317.61
1333.49
1348.99
1364.08
1378.73
1392.92
1406.61
1419.73
1432.22
1444.01
1455.00
1465.03
1473.95
1481.55
1487.58
1491.79
1493.96
1002.61
1022.21
1041.72
1061.13
1080.40
1099.52
1118.47
1137.25
1155.82
1174.17
1192.29
1210.16
1227.76
1245.08
1262.09
1278.78
1295.14
1311.13
1326.74
1341.94
1356.71
1371.01
1384.81
1398.05
1410.68
1422.64
1433.84
1444.19
1453.54
1461.76
1468.67
1474.08
1477.82
1479.73
998.28
1017.77
1037.17
1056.45
1075.59
1094.59
1113.41
1132.05
1150.47
1168.68
1186.64
1204.34
1221.76
1238.88
1255.69
1272.16
1288.27
1304.01
1319.34
1334.24
1348.68
1362.62
1376.02
1388.83
1401.00
1412.45
1423.11
1432.88
1441.63
1449.26
1455.61
1460.54
1463.92
1465.63
993.52
1012.89
1032.16
1051.31
1070.33
1089.18
1107.86
1126.35
1144.62
1162.66
1180.44
1197.96
1215.19
1232.11
1248.70
1264.95
1280.81
1296.29
1311.33
1325.93
1340.03
1353.61
1366.63
1379.02
1390.74
1401.72
1411.88
1421.13
1429.37
1436.49
1442.38
1446.92
1450.02
1451.58
988.35
1007.59
1026.72
1045.73
1064.60
1083.31
1101.83
1120.16
1138.26
1156.13
1173.73
1191.06
1208.09
1224.80
1241.17
1257.17
1272.79
1287.99
1302.74
1317.03
1330.80
1344.03
1356.67
1368.67
1379.97
1390.50
1400.21
1409.00
1416.79
1423.48
1428.98
1433.20
1436.06
1437.51
982.77
1001.86
1020.85
1039.71
1058.42
1076.97
1095.34
1113.49
1131.42
1149.11
1166.52
1183.65
1200.47
1216.96
1233.10
1248.86
1264.21
1279.14
1293.61
1307.59
1321.04
1333.92
1346.20
1357.81
1368.72
1378.85
1388.14
1396.52
1403.90
1410.23
1415.40
1419.35
1422.03
1423.37
976.79
995.73
1014.56
1033.26
1051.81
1070.20
1088.39
1106.37
1124.11
1141.61
1158.83
1175.75
1192.35
1208.62
1224.52
1240.03
1255.13
1269.78
1283.96
1297.63
1310.77
1323.32
1335.24
1346.50
1357.03
1366.79
1375.70
1383.71
1390.75
1396.74
1401.64
1405.37
1407.88
1409.14
970.41
989.19
1007.86
1026.40
1044.78
1062.99
1081.00
1098.80
1116.35
1133.65
1150.66
1167.37
1183.76
1199.79
1215.45
1230.72
1245.55
1259.93
1273.82
1287.20
1300.02
1312.25
1323.85
1334.76
1344.95
1354.35
1362.93
1370.60
1377.33
1383.04
1387.69
1391.22
1393.60
1394.80
963.66
982.27
1000.77
1019.13
1037.34
1055.36
1073.19
1090.79
1108.15
1125.24
1142.05
1158.54
1174.70
1190.51
1205.93
1220.94
1235.51
1249.62
1263.23
1276.32
1288.84
1300.76
1312.03
1322.63
1332.49
1341.58
1349.83
1357.21
1363.66
1369.12
1373.55
1376.92
1379.18
1380.31
956.54
974.98
993.30
1011.48
1029.50
1047.33
1064.97
1082.37
1099.53
1116.41
1133.00
1149.28
1165.21
1180.78
1195.95
1210.71
1225.03
1238.87
1252.20
1265.00
1277.23
1288.86
1299.83
1310.13
1319.69
1328.48
1336.45
1343.55
1349.74
1354.98
1359.23
1362.44
1364.60
1365.68
949.07
967.32
985.45
1003.44
1021.27
1038.91
1056.35
1073.55
1090.50
1107.17
1123.54
1139.59
1155.29
1170.62
1185.56
1200.07
1214.12
1227.70
1240.77
1253.29
1265.24
1276.58
1287.27
1297.28
1306.56
1315.07
1322.77
1329.63
1335.60
1340.63
1344.71
1347.80
1349.86
1350.90
941.25
959.31
977.25
995.05
1012.68
1030.12
1047.35
1064.34
1081.08
1097.53
1113.68
1129.51
1144.98
1160.07
1174.76
1189.02
1202.83
1216.14
1228.95
1241.20
1252.88
1263.95
1274.37
1284.10
1293.12
1301.37
1308.83
1315.46
1321.22
1326.08
1330.00
1332.97
1334.96
1335.95
933.09
950.96
968.70
986.30
1003.72
1020.96
1037.98
1054.76
1071.28
1087.52
1103.44
1119.04
1134.28
1149.13
1163.58
1177.60
1191.15
1204.22
1216.76
1228.76
1240.18
1250.98
1261.14
1270.62
1279.39
1287.40
1294.64
1301.06
1306.63
1311.32
1315.11
1317.97
1319.88
1320.84
924.62
942.28
959.82
977.21
994.43
1011.45
1028.26
1044.83
1061.13
1077.14
1092.84
1108.21
1123.21
1137.83
1152.04
1165.81
1179.12
1191.94
1204.23
1215.98
1227.14
1237.70
1247.61
1256.85
1265.38
1273.18
1280.20
1286.42
1291.82
1296.36
1300.02
1302.79
1304.64
1305.56
915.84
933.30
950.62
967.80
984.81
1001.62
1018.21
1034.55
1050.63
1066.42
1081.89
1097.03
1111.80
1126.19
1140.16
1153.69
1166.75
1179.33
1191.38
1202.88
1213.80
1224.12
1233.79
1242.80
1251.11
1258.70
1265.53
1271.57
1276.81
1281.21
1284.76
1287.43
1289.22
1290.12
906.77
924.01
941.12
958.09
974.87
991.46
1007.83
1023.96
1039.81
1055.37
1070.62
1085.53
1100.06
1114.21
1127.95
1141.24
1154.07
1166.40
1178.22
1189.48
1200.17
1210.25
1219.71
1228.50
1236.60
1243.99
1250.63
1256.51
1261.60
1265.87
1269.31
1271.90
1273.64
1274.51
897.42
914.44
931.33
948.08
964.64
981.01
997.16
1013.06
1028.68
1044.02
1059.03
1073.71
1088.02
1101.93
1115.43
1128.49
1141.09
1153.19
1164.77
1175.80
1186.26
1196.13
1205.36
1213.95
1221.85
1229.06
1235.53
1241.25
1246.19
1250.35
1253.69
1256.21
1257.89
1258.73
887.80
904.60
921.27
937.79
954.13
970.27
986.19
1001.86
1017.26
1032.37
1047.16
1061.60
1075.68
1089.36
1102.63
1115.46
1127.82
1139.69
1151.05
1161.86
1172.10
1181.75
1190.78
1199.17
1206.89
1213.91
1220.22
1225.79
1230.61
1234.65
1237.90
1240.35
1241.99
1242.81
877.94
894.51
910.95
927.24
943.36
959.27
974.96
990.40
1005.57
1020.45
1035.00
1049.22
1063.06
1076.52
1089.56
1102.16
1114.30
1125.94
1137.08
1147.67
1157.70
1167.15
1175.98
1184.18
1191.72
1198.57
1204.73
1210.16
1214.85
1218.79
1221.95
1224.34
1225.93
1226.73
867.84
884.18
900.39
916.45
932.33
948.01
963.47
978.68
993.62
1008.27
1022.59
1036.58
1050.19
1063.42
1076.23
1088.61
1100.52
1111.95
1122.87
1133.26
1143.08
1152.33
1160.97
1168.98
1176.35
1183.05
1189.06
1194.36
1198.93
1202.77
1205.86
1208.18
1209.73
1210.50
857.52
873.63
889.60
905.43
921.07
936.52
951.75
966.72
981.43
995.85
1009.94
1023.70
1037.09
1050.09
1062.68
1074.83
1086.53
1097.74
1108.45
1118.63
1128.25
1137.31
1145.77
1153.61
1160.81
1167.35
1173.22
1178.40
1182.86
1186.60
1189.61
1191.88
1193.39
1194.15
847.00
862.87
878.61
894.19
909.60
924.81
939.80
954.55
969.02
983.20
997.07
1010.59
1023.76
1036.54
1048.90
1060.84
1072.32
1083.32
1093.82
1103.80
1113.24
1122.10
1130.38
1138.05
1145.10
1151.50
1157.23
1162.29
1166.65
1170.30
1173.24
1175.45
1176.92
1177.66
836.30
851.92
867.42
882.76
897.93
912.91
927.66
942.17
956.41
970.36
983.99
997.29
1010.23
1022.78
1034.93
1046.65
1057.92
1068.72
1079.02
1088.80
1098.05
1106.73
1114.84
1122.35
1129.24
1135.50
1141.10
1146.04
1150.31
1153.88
1156.74
1158.90
1160.34
1161.06
825.42
840.80
856.05
871.15
886.08
900.82
915.33
929.60
943.61
957.33
970.73
983.81
996.52
1008.85
1020.78
1032.29
1043.35
1053.94
1064.05
1073.64
1082.70
1091.21
1099.15
1106.50
1113.25
1119.37
1124.85
1129.68
1133.85
1137.34
1140.14
1142.24
1143.65
1144.35
814.40
829.52
844.53
859.38
874.07
888.56
902.84
916.87
930.65
944.13
957.31
970.15
982.65
994.76
1006.48
1017.77
1028.63
1039.02
1048.93
1058.34
1067.22
1075.56
1083.33
1090.53
1097.13
1103.13
1108.49
1113.22
1117.29
1120.70
1123.44
1125.50
1126.87
1127.56
803.24
818.11
832.87
847.48
861.92
876.17
890.20
904.00
917.54
930.79
943.74
956.36
968.63
980.53
992.03
1003.12
1013.77
1023.97
1033.69
1042.91
1051.61
1059.79
1067.41
1074.46
1080.92
1086.78
1092.03
1096.66
1100.64
1103.98
1106.65
1108.67
1110.01
1110.68
791.96
806.58
821.09
835.45
849.64
863.65
877.44
891.00
904.30
917.32
930.04
942.44
954.49
966.17
977.46
988.35
998.80
1008.80
1018.33
1027.38
1035.91
1043.92
1051.38
1058.29
1064.62
1070.36
1075.50
1080.03
1083.92
1087.19
1089.81
1091.78
1093.09
1093.75
780.59
794.95
809.20
823.31
837.26
851.02
864.57
877.89
890.96
903.75
916.24
928.42
940.25
951.71
962.80
973.48
983.73
993.55
1002.89
1011.76
1020.13
1027.97
1035.29
1042.05
1048.25
1053.88
1058.91
1063.34
1067.15
1070.34
1072.91
1074.83
1076.12
1076.76
769.14
783.25
797.24
811.10
824.79
838.31
851.62
864.70
877.53
890.09
902.36
914.31
925.92
937.18
948.06
958.53
968.60
978.22
987.39
996.08
1004.28
1011.97
1019.14
1025.77
1031.84
1037.35
1042.27
1046.61
1050.34
1053.47
1055.98
1057.86
1059.12
1059.75
757.63
771.48
785.22
798.82
812.27
825.53
838.60
851.45
864.04
876.37
888.41
900.14
911.54
922.58
933.26
943.54
953.40
962.84
971.83
980.35
988.39
995.93
1002.96
1009.45
1015.40
1020.79
1025.62
1029.86
1033.52
1036.58
1039.03
1040.88
1042.11
1042.73
746.09
759.67
773.15
786.50
799.70
812.72
825.54
838.15
850.51
862.61
874.43
885.93
897.12
907.95
918.42
928.51
938.19
947.44
956.25
964.61
972.49
979.88
986.76
993.12
998.95
1004.23
1008.96
1013.12
1016.70
1019.69
1022.10
1023.90
1025.11
1025.71
734.53
747.85
761.07
774.16
787.11
799.88
812.47
824.83
836.96
848.83
860.42
871.71
882.68
893.31
903.58
913.47
922.96
932.04
940.68
948.87
956.59
963.83
970.58
976.81
982.52
987.69
992.32
996.39
999.90
1002.83
1005.19
1006.96
1008.14
1008.73
722.97
736.03
748.99
761.83
774.53
787.05
799.39
811.52
823.42
835.06
846.43
857.50
868.26
878.68
888.75
898.45
907.75
916.65
925.12
933.15
940.72
947.82
954.42
960.53
966.13
971.20
975.73
979.72
983.15
986.02
988.33
990.06
991.22
991.80
711.44
724.24
736.94
749.53
761.97
774.25
786.35
798.24
809.90
821.32
832.46
843.32
853.87
864.09
873.96
883.47
892.59
901.31
909.61
917.48
924.90
931.86
938.33
944.32
949.80
954.76
959.20
963.11
966.47
969.29
971.54
973.24
974.37
974.94
699.97
712.50
724.94
737.27
749.46
761.50
773.35
785.01
796.44
807.63
818.56
829.20
839.54
849.56
859.24
868.55
877.50
886.04
894.18
901.89
909.16
915.98
922.32
928.19
933.56
938.42
942.77
946.60
949.89
952.65
954.86
956.52
957.63
958.18
688.56
700.83
713.02
725.09
737.03
748.82
760.44
771.86
783.06
794.03
804.73
815.16
825.30
835.12
844.60
853.74
862.50
870.88
878.85
886.41
893.53
900.21
906.43
912.17
917.43
922.20
926.46
930.21
933.43
936.13
938.30
939.93
941.01
941.56
677.26
689.26
701.19
713.01
724.70
736.25
747.63
758.81
769.79
780.53
791.02
801.24
811.17
820.80
830.09
839.04
847.63
855.84
863.65
871.06
878.04
884.58
890.67
896.30
901.45
906.12
910.30
913.97
917.13
919.77
921.89
923.49
924.55
925.08
666.07
677.82
689.49
701.06
712.50
723.81
734.95
745.90
756.65
767.17
777.45
787.46
797.19
806.62
815.73
824.49
832.91
840.95
848.61
855.86
862.70
869.11
875.08
880.60
885.65
890.22
894.31
897.91
901.00
903.59
905.67
907.23
908.28
908.80
655.03
666.52
677.94
689.25
700.46
711.52
722.42
733.15
743.67
753.98
764.05
773.85
783.38
792.62
801.54
810.13
818.37
826.26
833.76
840.87
847.57
853.85
859.70
865.10
870.05
874.53
878.53
882.06
885.09
887.63
889.66
891.19
892.21
892.72
644.17
655.40
666.56
677.63
688.59
699.42
710.09
720.59
730.89
740.98
750.84
760.44
769.78
778.82
787.56
795.98
804.06
811.78
819.13
826.09
832.66
838.81
844.54
849.83
854.68
859.07
863.00
866.45
869.42
871.91
873.90
875.40
876.40
876.90
633.50
644.48
655.39
666.22
676.94
687.53
697.97
708.25
718.33
728.21
737.86
747.27
756.41
765.27
773.83
782.07
789.98
797.55
804.75
811.57
818.01
824.04
829.65
834.84
839.59
843.89
847.73
851.12
854.03
856.46
858.42
859.89
860.87
861.36
623.06
633.79
644.45
655.04
665.52
675.88
686.10
696.15
706.03
715.70
725.14
734.35
743.31
751.98
760.37
768.44
776.19
783.61
790.66
797.35
803.65
809.56
815.06
820.14
824.79
829.01
832.78
836.09
838.95
841.34
843.25
844.69
845.65
846.13
612.87
623.35
633.78
644.13
654.38
664.51
674.50
684.34
694.00
703.47
712.72
721.74
730.51
739.00
747.22
755.13
762.72
769.98
776.89
783.45
789.62
795.41
800.80
805.78
810.34
814.48
818.17
821.42
824.22
826.56
828.43
829.84
830.79
831.26
602.96
613.20
623.39
633.51
643.53
653.44
663.22
672.84
682.30
691.57
700.62
709.45
718.04
726.36
734.41
742.16
749.60
756.71
763.49
769.91
775.96
781.63
786.92
791.80
796.27
800.32
803.94
807.13
809.87
812.16
814.00
815.39
816.31
816.77
593.36
603.37
613.32
623.21
633.01
642.70
652.27
661.69
670.95
680.02
688.88
697.53
705.94
714.10
721.98
729.57
736.86
743.83
750.47
756.77
762.70
768.26
773.44
778.23
782.61
786.59
790.14
793.26
795.95
798.20
800.00
801.36
802.26
802.72
584.09
593.87
603.60
613.27
622.85
632.33
641.70
650.91
659.97
668.86
677.54
686.01
694.25
702.24
709.96
717.40
724.55
731.39
737.89
744.06
749.88
755.34
760.42
765.11
769.41
773.31
776.79
779.85
782.49
784.70
786.47
787.80
788.68
789.13
575.19
584.74
594.25
603.71
613.08
622.36
631.52
640.55
649.42
658.12
666.63
674.92
683.00
690.83
698.40
705.69
712.70
719.40
725.79
731.84
737.54
742.90
747.88
752.48
756.70
760.52
763.94
766.95
769.53
771.70
773.44
774.74
775.61
776.05
566.68
576.01
585.32
594.56
603.74
612.82
621.79
630.63
639.32
647.84
656.17
664.31
672.22
679.90
687.32
694.48
701.35
707.92
714.19
720.13
725.73
730.98
735.87
740.39
744.53
748.28
751.63
754.58
757.12
759.25
760.95
762.24
763.09
763.52
558.58
567.71
576.81
585.86
594.84
603.73
612.52
621.18
629.69
638.05
646.22
654.20
661.96
669.49
676.77
683.79
690.54
696.99
703.14
708.97
714.46
719.62
724.42
728.86
732.93
736.61
739.91
742.80
745.30
747.39
749.06
750.32
751.16
751.58
550.93
559.86
568.77
577.63
586.43
595.14
603.75
612.24
620.59
628.78
636.80
644.62
652.24
659.63
666.78
673.68
680.30
686.64
692.67
698.40
703.80
708.87
713.58
717.95
721.94
725.56
728.80
731.65
734.10
736.15
737.80
739.04
739.86
740.28
543.75
552.50
561.22
569.91
578.53
587.07
595.51
603.84
612.03
620.08
627.95
635.63
643.11
650.37
657.39
664.17
670.67
676.90
682.84
688.46
693.77
698.75
703.39
707.68
711.61
715.17
718.36
721.16
723.57
725.59
727.21
728.42
729.24
729.64
537.06
545.64
554.19
562.71
571.17
579.55
587.84
596.02
604.06
611.96
619.69
627.24
634.59
641.73
648.64
655.30
661.70
667.82
673.66
679.20
684.42
689.32
693.89
698.11
701.98
705.48
708.62
711.37
713.75
715.73
717.33
718.53
719.33
719.73
530.89
539.31
547.71
556.07
564.38
572.61
580.76
588.79
596.70
604.47
612.07
619.50
626.73
633.75
640.55
647.11
653.41
659.44
665.19
670.64
675.78
680.61
685.11
689.26
693.07
696.53
699.62
702.33
704.67
706.63
708.20
709.38
710.17
710.56
