525.69
534.11
542.51
550.89
559.22
567.48
575.66
583.73
591.68
599.49
607.14
614.62
621.90
628.98
635.83
642.44
648.79
654.88
660.68
666.19
671.38
676.26
680.81
685.01
688.86
692.35
695.47
698.22
700.59
702.57
704.16
705.35
706.15
706.55
531.95
540.54
549.11
557.65
566.14
574.56
582.88
591.10
599.20
607.14
614.93
622.54
629.95
637.14
644.11
650.83
657.29
663.47
669.37
674.97
680.25
685.20
689.82
694.08
698.00
701.54
704.71
707.50
709.91
711.92
713.53
714.74
715.55
715.96
538.74
547.51
556.26
564.98
573.64
582.22
590.71
599.09
607.34
615.44
623.37
631.11
638.66
645.98
653.07
659.91
666.48
672.78
678.77
684.46
689.83
694.87
699.57
703.91
707.88
711.49
714.71
717.55
719.99
722.03
723.67
724.91
725.73
726.14
546.04
555.00
563.95
572.85
581.69
590.45
599.11
607.66
616.07
624.33
632.41
640.31
648.00
655.46
662.68
669.65
676.34
682.75
688.85
694.65
700.11
705.24
710.02
714.43
718.48
722.15
725.43
728.31
730.80
732.88
734.54
735.80
736.64
737.06
553.82
562.98
572.13
581.22
590.26
599.21
608.05
616.78
625.37
633.79
642.04
650.09
657.93
665.54
672.90
680.00
686.82
693.35
699.57
705.47
711.04
716.26
721.13
725.62
729.75
733.48
736.82
739.76
742.29
744.40
746.10
747.38
748.23
748.66
562.04
571.42
580.78
590.08
599.32
608.46
617.50
626.42
635.19
643.79
652.21
660.42
668.42
676.19
683.69
690.94
697.89
704.55
710.89
716.90
722.58
727.90
732.86
737.44
741.64
745.44
748.85
751.84
754.42
756.57
758.30
759.60
760.47
760.91
570.69
580.30
589.87
599.39
608.84
618.19
627.43
636.54
645.50
654.28
662.88
671.27
679.44
687.36
695.02
702.41
709.51
716.30
722.77
728.90
734.69
740.11
745.17
749.84
754.12
758.00
761.47
764.52
767.14
769.34
771.11
772.43
773.32
773.76
579.74
589.57
599.38
609.12
618.78
628.35
637.80
647.11
656.27
665.24
674.03
682.60
690.94
699.03
706.85
714.39
721.63
728.56
735.16
741.42
747.32
752.86
758.01
762.78
767.14
771.10
774.64
777.75
780.43
782.67
784.47
785.82
786.72
787.17
589.15
599.23
609.26
619.24
629.13
638.92
648.58
658.10
667.46
676.64
685.61
694.37
702.88
711.14
719.13
726.83
734.23
741.30
748.04
754.42
760.45
766.10
771.36
776.22
780.67
784.71
788.31
791.49
794.22
796.51
798.34
799.72
800.64
801.10
598.90
609.23
619.50
629.71
639.84
649.85
659.74
669.47
679.04
688.42
697.59
706.54
715.24
723.68
731.84
739.70
747.25
754.47
761.35
767.87
774.02
779.78
785.15
790.12
794.66
798.78
802.46
805.70
808.49
810.82
812.69
814.10
815.04
815.51
608.97
619.54
630.07
640.52
650.88
661.13
671.24
681.20
690.98
700.57
709.94
719.08
727.97
736.60
744.93
752.96
760.67
768.04
775.07
781.72
788.00
793.89
799.37
804.43
809.07
813.28
817.03
820.34
823.19
825.57
827.48
828.91
829.87
830.35
619.32
630.15
640.93
651.62
662.23
672.71
683.05
693.23
703.24
713.04
722.62
731.96
741.05
749.85
758.37
766.57
774.44
781.98
789.15
795.94
802.35
808.36
813.96
819.13
823.87
828.16
831.99
835.37
838.28
840.71
842.66
844.12
845.10
845.59
629.92
641.01
652.05
663.00
673.84
684.57
695.15
705.56
715.78
725.80
735.60
745.14
754.42
763.42
772.12
780.50
788.54
796.23
803.55
810.50
817.04
823.18
828.89
834.17
839.01
843.39
847.31
850.75
853.72
856.20
858.19
859.69
860.69
861.18
640.76
652.11
663.40
674.61
685.71
696.67
707.49
718.14
728.59
738.83
748.84
758.59
768.07
777.26
786.15
794.71
802.92
810.77
818.25
825.34
832.03
838.29
844.13
849.52
854.46
858.93
862.93
866.45
869.48
872.01
874.04
875.57
876.59
877.10
651.79
663.41
674.97
686.43
697.78
709.00
720.05
730.94
741.62
752.08
762.31
772.27
781.96
791.35
800.42
809.16
817.55
825.57
833.21
840.45
847.27
853.67
859.63
865.13
870.18
874.74
878.83
882.42
885.52
888.10
890.18
891.74
892.78
893.30
663.00
674.89
686.71
698.43
710.04
721.50
732.81
743.93
754.84
765.53
775.98
786.16
796.05
805.64
814.91
823.83
832.40
840.59
848.39
855.78
862.75
869.28
875.37
880.99
886.14
890.80
894.97
898.64
901.80
904.44
906.56
908.16
909.22
909.75
674.36
686.52
698.61
710.59
722.45
734.17
745.72
757.08
768.23
779.15
789.82
800.21
810.32
820.11
829.57
838.68
847.43
855.79
863.76
871.30
878.42
885.09
891.31
897.05
902.30
907.07
911.33
915.07
918.30
921.00
923.16
924.79
925.88
926.42
685.84
698.28
710.63
722.88
735.00
746.97
758.76
770.37
781.76
792.91
803.80
814.41
824.73
834.73
844.39
853.69
862.62
871.16
879.29
886.99
894.26
901.07
907.41
913.28
918.65
923.51
927.86
931.69
934.98
937.74
939.95
941.61
942.72
943.28
697.42
710.13
722.75
735.26
747.64
759.87
771.91
783.76
795.39
806.77
817.89
828.73
839.25
849.46
859.32
868.82
877.93
886.65
894.95
902.81
910.23
917.19
923.66
929.65
935.13
940.10
944.54
948.45
951.82
954.63
956.89
958.59
959.72
960.29
709.08
722.06
734.95
747.73
760.37
772.85
785.14
797.23
809.10
820.72
832.07
843.12
853.87
864.28
874.35
884.04
893.34
902.24
910.71
918.74
926.31
933.41
940.02
946.14
951.74
956.81
961.35
965.34
968.77
971.65
973.96
975.69
976.85
977.43
720.79
734.04
747.20
760.24
773.14
785.87
798.42
810.76
822.87
834.72
846.30
857.58
868.54
879.17
889.44
899.33
908.82
917.90
926.54
934.74
942.47
949.72
956.47
962.71
968.43
973.61
978.24
982.32
985.83
988.77
991.12
992.90
994.08
994.67
732.52
746.05
759.47
772.78
785.94
798.93
811.73
824.31
836.66
848.75
860.56
872.07
883.25
894.09
904.56
914.65
924.34
933.60
942.43
950.79
958.68
966.08
972.97
979.34
985.18
990.47
995.21
999.37
1002.96
1005.96
1008.36
1010.17
1011.38
1011.99
744.26
758.06
771.75
785.32
798.74
811.99
825.04
837.87
850.46
862.79
874.83
886.56
897.97
909.02
919.70
930.00
939.88
949.33
958.33
966.87
974.92
982.47
989.51
996.01
1001.97
1007.38
1012.21
1016.47
1020.13
1023.19
1025.66
1027.51
1028.74
1029.36
755.98
770.05
784.01
797.84
811.52
825.03
838.33
851.41
864.24
876.81
889.08
901.04
912.67
923.94
934.83
945.33
955.41
965.05
974.23
982.94
991.16
998.87
1006.05
1012.70
1018.78
1024.30
1029.24
1033.58
1037.33
1040.46
1042.97
1044.86
1046.13
1046.76
767.67
782.00
796.23
810.32
824.26
838.02
851.57
864.90
877.98
890.78
903.29
915.48
927.33
938.82
949.92
960.63
970.90
980.74
990.11
999.00
1007.38
1015.25
1022.58
1029.37
1035.58
1041.22
1046.26
1050.70
1054.53
1057.73
1060.30
1062.23
1063.52
1064.16
779.29
793.89
808.39
822.74
836.94
850.95
864.75
878.33
891.65
904.69
917.43
929.85
941.93
953.64
964.96
975.87
986.35
996.38
1005.94
1015.00
1023.56
1031.59
1039.08
1046.00
1052.35
1058.11
1063.26
1067.80
1071.71
1074.98
1077.61
1079.58
1080.90
1081.56
790.84
805.71
820.46
835.07
849.52
863.79
877.84
891.67
905.23
918.51
931.49
944.14
956.44
968.37
979.91
991.03
1001.72
1011.94
1021.69
1030.94
1039.68
1047.87
1055.52
1062.59
1069.07
1074.96
1080.22
1084.86
1088.86
1092.20
1094.89
1096.91
1098.25
1098.93
802.28
817.41
832.43
847.30
862.01
876.52
890.83
904.89
918.70
932.22
945.44
958.32
970.85
983.01
994.76
1006.10
1016.99
1027.42
1037.36
1046.80
1055.71
1064.08
1071.88
1079.10
1085.73
1091.74
1097.12
1101.86
1105.95
1109.37
1112.11
1114.18
1115.56
1116.25
813.61
829.00
844.27
859.40
874.36
889.13
903.68
917.99
932.04
945.81
959.26
972.37
985.13
997.51
1009.49
1021.04
1032.14
1042.77
1052.91
1062.54
1071.64
1080.18
1088.15
1095.52
1102.29
1108.44
1113.94
1118.79
1122.96
1126.46
1129.28
1131.39
1132.80
1133.51
824.81
840.45
855.98
871.36
886.57
901.59
916.39
930.94
945.24
959.24
972.92
986.28
999.27
1011.87
1024.07
1035.84
1047.15
1057.99
1068.34
1078.16
1087.44
1096.16
1104.30
1111.84
1118.76
1125.04
1130.66
1135.62
1139.90
1143.48
1146.35
1148.52
1149.96
1150.69
835.84
851.74
867.52
883.15
898.61
913.88
928.92
943.72
958.26
972.50
986.42
1000.01
1013.23
1026.07
1038.49
1050.48
1062.01
1073.06
1083.61
1093.63
1103.11
1112.01
1120.32
1128.03
1135.10
1141.52
1147.28
1152.35
1156.73
1160.39
1163.34
1165.56
1167.04
1167.78
846.71
862.86
878.89
894.77
910.47
925.98
941.27
956.32
971.09
985.57
999.73
1013.55
1027.01
1040.07
1052.73
1064.94
1076.69
1087.96
1098.71
1108.94
1118.61
1127.70
1136.20
1144.07
1151.30
1157.87
1163.76
1168.96
1173.44
1177.20
1180.21
1182.49
1184.00
1184.76
857.39
873.78
890.06
906.18
922.13
937.88
953.42
968.70
983.72
998.43
1012.84
1026.89
1040.58
1053.88
1066.76
1079.20
1091.17
1102.66
1113.63
1124.07
1133.94
1143.23
1151.91
1159.96
1167.35
1174.08
1180.11
1185.43
1190.02
1193.87
1196.97
1199.30
1200.86
1201.63
867.86
884.50
901.01
917.38
933.57
949.56
965.34
980.86
996.11
1011.07
1025.71
1040.00
1053.93
1067.46
1080.57
1093.24
1105.45
1117.15
1128.35
1138.99
1149.08
1158.57
1167.44
1175.67
1183.24
1190.13
1196.31
1201.76
1206.47
1210.42
1213.60
1215.99
1217.58
1218.38
878.10
894.98
911.74
928.34
944.77
961.00
977.01
992.78
1008.27
1023.46
1038.34
1052.87
1067.03
1080.80
1094.15
1107.05
1119.48
1131.42
1142.84
1153.71
1164.00
1173.70
1182.77
1191.20
1198.95
1206.00
1212.34
1217.93
1222.76
1226.82
1230.08
1232.54
1234.18
1235.00
888.11
905.23
922.21
939.05
955.72
972.19
988.43
1004.43
1020.16
1035.59
1050.70
1065.47
1079.87
1093.88
1107.46
1120.60
1133.27
1145.44
1157.09
1168.18
1178.70
1188.61
1197.90
1206.52
1214.46
1221.69
1228.19
1233.93
1238.90
1243.06
1246.42
1248.95
1250.63
1251.48
897.87
915.21
932.43
949.50
966.39
983.09
999.57
1015.81
1031.77
1047.44
1062.79
1077.80
1092.43
1106.68
1120.50
1133.88
1146.79
1159.20
1171.08
1182.41
1193.16
1203.30
1212.79
1221.63
1229.77
1237.19
1243.86
1249.76
1254.86
1259.15
1262.60
1265.20
1266.94
1267.81
907.35
924.92
942.36
959.66
976.78
993.71
1010.42
1026.89
1043.08
1058.99
1074.57
1089.82
1104.70
1119.18
1133.25
1146.87
1160.02
1172.67
1184.80
1196.37
1207.35
1217.72
1227.45
1236.50
1244.85
1252.47
1259.33
1265.40
1270.65
1275.07
1278.62
1281.31
1283.10
1284.00
916.56
934.34
952.01
969.52
986.87
1004.02
1020.96
1037.65
1054.08
1070.22
1086.04
1101.52
1116.64
1131.37
1145.68
1159.55
1172.95
1185.85
1198.22
1210.04
1221.27
1231.89
1241.85
1251.14
1259.71
1267.54
1274.59
1280.84
1286.25
1290.81
1294.48
1297.25
1299.11
1300.03
925.46
943.46
961.34
979.07
996.64
1014.01
1031.17
1048.09
1064.75
1081.11
1097.17
1112.89
1128.25
1143.22
1157.78
1171.90
1185.55
1198.71
1211.34
1223.41
1234.90
1245.76
1255.98
1265.51
1274.32
1282.37
1289.63
1296.07
1301.66
1306.37
1310.17
1313.04
1314.96
1315.92
934.05
952.26
970.35
988.30
1006.07
1023.66
1041.04
1058.18
1075.06
1091.66
1107.95
1123.91
1139.51
1154.72
1169.53
1183.90
1197.81
1211.23
1224.12
1236.46
1248.21
1259.34
1269.82
1279.60
1288.66
1296.96
1304.45
1311.10
1316.88
1321.75
1325.69
1328.66
1330.65
1331.65
942.32
960.73
979.02
997.17
1015.16
1032.96
1050.55
1067.91
1085.02
1101.84
1118.36
1134.55
1150.39
1165.85
1180.91
1195.54
1209.71
1223.39
1236.55
1249.16
1261.19
1272.60
1283.35
1293.41
1302.74
1311.29
1319.02
1325.91
1331.89
1336.95
1341.03
1344.12
1346.20
1347.24
950.25
968.86
987.34
1005.69
1023.88
1041.89
1059.69
1077.27
1094.59
1111.63
1128.38
1144.80
1160.88
1176.59
1191.90
1206.78
1221.22
1235.17
1248.61
1261.50
1273.82
1285.52
1296.56
1306.91
1316.52
1325.35
1333.35
1340.48
1346.70
1351.95
1356.21
1359.43
1361.60
1362.68
957.83
976.62
995.30
1013.84
1032.23
1050.44
1068.44
1086.22
1103.76
1121.02
1137.99
1154.65
1170.96
1186.92
1202.48
1217.62
1232.32
1246.55
1260.27
1273.46
1286.07
1298.07
1309.42
1320.08
1330.00
1339.13
1347.42
1354.83
1361.29
1366.77
1371.22
1374.59
1376.86
1377.99
965.05
984.02
1002.88
1021.61
1040.19
1058.59
1076.79
1094.77
1112.51
1129.99
1147.18
1164.07
1180.62
1196.81
1212.62
1228.03
1243.00
1257.51
1271.52
1285.01
1297.93
1310.25
1321.92
1332.90
1343.15
1352.61
1361.22
1368.93
1375.68
1381.41
1386.07
1389.61
1391.99
1393.19
971.89
991.04
1010.07
1028.98
1047.74
1066.32
1084.72
1102.89
1120.84
1138.52
1155.93
1173.04
1189.82
1206.25
1222.32
1237.99
1253.23
1268.02
1282.33
1296.12
1309.36
1322.01
1334.02
1345.36
1355.96
1365.77
1374.73
1382.77
1389.84
1395.85
1400.76
1404.50
1407.02
1408.28
978.35
997.66
1016.86
1035.94
1054.87
1073.63
1092.21
1110.58
1128.72
1146.60
1164.22
1181.54
1198.55
1215.23
1231.54
1247.46
1262.98
1278.06
1292.67
1306.77
1320.34
1333.34
1345.71
1357.41
1368.39
1378.59
1387.93
1396.35
1403.77
1410.12
1415.31
1419.27
1421.95
1423.30
984.41
1003.87
1023.23
1042.47
1061.57
1080.50
1099.26
1117.81
1136.13
1154.21
1172.03
1189.57
1206.80
1223.70
1240.26
1256.44
1272.23
1287.60
1302.51
1316.94
1330.85
1344.20
1356.95
1369.04
1380.43
1391.04
1400.81
1409.65
1417.47
1424.19
1429.72
1433.95
1436.82
1438.27
990.07
1009.68
1029.18
1048.58
1067.83
1086.93
1105.84
1124.56
1143.07
1161.34
1179.35
1197.09
1214.54
1231.67
1248.46
1264.90
1280.96
1296.61
1311.82
1326.58
1340.83
1354.55
1367.69
1380.20
1392.03
1403.09
1413.33
1422.64
1430.93
1438.09
1444.00
1448.56
1451.66
1453.23
995.31
1015.05
1034.70
1054.23
1073.63
1092.88
1111.96
1130.84
1149.52
1167.96
1186.16
1204.10
1221.75
1239.10
1256.12
1272.81
1289.13
1305.06
1320.58
1335.66
1350.27
1364.37
1377.91
1390.86
1403.15
1414.71
1425.46
1435.30
1444.13
1451.80
1458.18
1463.14
1466.52
1468.24
1000.13
1019.99
1039.77
1059.44
1078.97
1098.36
1117.58
1136.62
1155.46
1174.07
1192.44
1210.56
1228.41
1245.97
1263.22
1280.14
1296.72
1312.93
1328.75
1344.15
1359.11
1373.59
1387.56
1400.96
1413.74
1425.84
1437.16
1447.60
1457.03
1465.31
1472.27
1477.72
1481.47
1483.39
1004.51
1024.49
1044.39
1064.18
1083.84
1103.36
1122.72
1141.89
1160.87
1179.64
1198.18
1216.48
1234.51
1252.26
1269.72
1286.87
1303.70
1320.17
1336.28
1352.01
1367.32
1382.19
1396.58
1410.45
1423.75
1436.41
1448.36
1459.47
1469.61
1478.62
1486.28
1492.35
1496.59
1498.77
1008.45
1028.54
1048.54
1068.44
1088.22
1107.86
1127.34
1146.64
1165.76
1184.67
1203.36
1221.82
1240.02
1257.96
1275.62
1292.98
1310.04
1326.77
1343.16
1359.19
1374.85
1390.09
1404.91
1419.26
1433.10
1446.36
1458.98
1470.84
1481.80
1491.67
1500.21
1507.10
1511.99
1514.53
1011.95
1032.13
1052.23
1072.22
1092.10
1111.85
1131.44
1150.86
1170.10
1189.14
1207.97
1226.57
1244.93
1263.04
1280.88
1298.44
1315.71
1332.68
1349.34
1365.66
1381.64
1397.26
1412.50
1427.32
1441.70
1455.59
1468.92
1481.60
1493.49
1504.40
1514.05
1522.03
1527.84
1530.90
1014.99
1035.25
1055.43
1075.52
1095.49
1115.33
1135.02
1154.54
1173.89
1193.04
1211.99
1230.72
1249.22
1267.48
1285.48
1303.23
1320.70
1337.88
1354.78
1371.38
1387.66
1403.63
1419.27
1434.56
1449.47
1463.99
1478.06
1491.62
1504.54
1516.67
1527.70
1537.19
1544.47
1548.26
1017.57
1037.91
1058.16
1078.32
1098.36
1118.28
1138.06
1157.67
1177.11
1196.36
1215.42
1234.26
1252.88
1271.27
1289.42
1307.32
1324.96
1342.34
1359.45
1376.29
1392.86
1409.15
1425.15
1440.87
1456.30
1471.43
1486.24
1500.69
1514.73
1528.23
1540.98
1552.57
1562.85
1567.43
1019.69
1040.08
1060.40
1080.62
1100.73
1120.71
1140.55
1160.24
1179.76
1199.09
1218.23
1237.17
1255.89
1274.39
1292.66
1310.69
1328.48
1346.03
1363.32
1380.38
1397.18
1413.75
1430.08
1446.18
1462.08
1477.77
1493.27
1508.60
1523.76
1538.72
1553.43
1567.42
1575.79
1579.68
1021.35
1041.78
1062.14
1082.41
1102.57
1122.60
1142.50
1162.25
1181.82
1201.22
1220.43
1239.44
1258.25
1276.83
1295.20
1313.34
1331.24
1348.92
1366.37
1383.59
1400.59
1417.39
1433.99
1450.42
1466.70
1482.88
1498.99
1515.10
1531.27
1547.64
1564.80
1576.75
1583.95
1587.33
1022.53
1042.99
1063.39
1083.69
1103.89
1123.96
1143.90
1163.68
1183.30
1202.75
1222.01
1241.07
1259.94
1278.59
1297.02
1315.23
1333.23
1351.00
1368.56
1385.91
1403.05
1420.02
1436.82
1453.50
1470.08
1486.62
1503.21
1519.94
1536.91
1554.15
1571.41
1582.34
1588.87
1591.93
1023.24
1043.72
1064.14
1084.46
1104.68
1124.77
1144.73
1164.54
1184.19
1203.67
1222.96
1242.05
1260.95
1279.64
1298.12
1316.38
1334.42
1352.26
1369.88
1387.30
1404.54
1421.61
1438.54
1455.36
1472.13
1488.92
1505.81
1522.96
1540.56
1558.64
1575.10
1585.36
1591.50
1594.39
1023.48
1043.97
1064.39
1084.72
1104.94
1125.04
1145.01
1164.83
1184.49
1203.97
1223.27
1242.38
1261.29
1279.99
1298.48
1316.76
1334.82
1352.67
1370.32
1387.77
1405.04
1422.14
1439.11
1455.99
1472.82
1489.69
1506.69
1524.00
1541.94
1561.33
1576.35
1586.31
1592.33
1595.17
1023.24
1043.72
1064.13
1084.46
1104.67
1124.77
1144.73
1164.54
1184.19
1203.66
1222.95
1242.05
1260.95
1279.64
1298.11
1316.37
1334.42
1352.25
1369.88
1387.30
1404.54
1421.61
1438.54
1455.36
1472.13
1488.91
1505.81
1522.96
1540.55
1558.63
1575.09
1585.35
1591.50
1594.39
1022.53
1042.99
1063.38
1083.69
1103.88
1123.95
1143.89
1163.68
1183.30
1202.74
1222.00
1241.07
1259.93
1278.58
1297.01
1315.23
1333.22
1350.99
1368.55
1385.90
1403.05
1420.01
1436.81
1453.48
1470.07
1486.61
1503.20
1519.93
1536.90
1554.14
1571.40
1582.33
1588.85
1591.92
1021.34
1041.77
1062.13
1082.40
1102.56
1122.60
1142.49
1162.24
1181.82
1201.22
1220.43
1239.44
1258.24
1276.83
1295.19
1313.33
1331.23
1348.91
1366.36
1383.58
1400.58
1417.37
1433.97
1450.40
1466.68
1482.86
1498.97
1515.07
1531.25
1547.62
1564.77
1576.73
1583.93
1587.31
1019.69
1040.07
1060.39
1080.61
1100.72
1120.70
1140.54
1160.23
1179.75
1199.08
1218.22
1237.16
1255.88
1274.38
1292.65
1310.68
1328.47
1346.01
1363.31
1380.36
1397.17
1413.73
1430.06
1446.17
1462.06
1477.75
1493.25
1508.58
1523.73
1538.69
1553.40
1567.40
1575.77
1579.66
1017.56
1037.90
1058.15
1078.31
1098.35
1118.27
1138.04
1157.66
1177.10
1196.35
1215.40
1234.25
1252.87
1271.25
1289.40
1307.30
1324.94
1342.32
1359.43
1376.27
1392.84
1409.12
1425.13
1440.85
1456.27
1471.40
1486.21
1500.66
1514.70
1528.20
1540.94
1552.54
1562.82
1567.40
1014.98
1035.24
1055.42
1075.51
1095.48
1115.31
1135.00
1154.53
1173.87
1193.03
1211.98
1230.71
1249.21
1267.46
1285.47
1303.21
1320.68
1337.86
1354.76
1371.35
1387.64
1403.61
1419.24
1434.53
1449.44
1463.96
1478.03
1491.58
1504.51
1516.63
1527.66
1537.15
1544.44
1548.22
1011.93
1032.11
1052.21
1072.21
1092.09
1111.83
1131.42
1150.85
1170.09
1189.13
1207.95
1226.55
1244.91
1263.02
1280.86
1298.42
1315.69
1332.66
1349.31
1365.64
1381.62
1397.23
1412.47
1427.29
1441.67
1455.56
1468.89
1481.56
1493.45
1504.36
1514.00
1521.99
1527.80
1530.86
1008.44
1028.52
1048.53
1068.42
1088.20
1107.84
1127.32
1146.63
1165.74
1184.65
1203.34
1221.80
1240.00
1257.94
1275.59
1292.96
1310.01
1326.74
1343.13
1359.16
1374.81
1390.06
1404.88
1419.23
1433.06
1446.33
1458.94
1470.80
1481.76
1491.63
1500.17
1507.06
1511.94
1514.48
1004.49
1024.47
1044.37
1064.16
1083.82
1103.34
1122.69
1141.87
1160.85
1179.62
1198.16
1216.45
1234.48
1252.24
1269.70
1286.85
1303.67
1320.14
1336.25
1351.98
1367.28
1382.15
1396.54
1410.41
1423.71
1436.37
1448.31
1459.42
1469.57
1478.57
1486.23
1492.31
1496.54
1498.72
1000.11
1019.97
1039.75
1059.42
1078.95
1098.34
1117.56
1136.60
1155.43
1174.04
1192.42
1210.54
1228.38
1245.94
1263.19
1280.11
1296.69
1312.89
1328.71
1344.11
1359.07
1373.55
1387.52
1400.92
1413.70
1425.79
1437.11
1447.55
1456.99
1465.27
1472.22
1477.67
1481.42
1483.34
995.29
1015.03
1034.68
1054.21
1073.61
1092.86
1111.93
1130.82
1149.49
1167.94
1186.13
1204.07
1221.72
1239.07
1256.09
1272.78
1289.09
1305.03
1320.54
1335.62
1350.23
1364.32
1377.87
1390.82
1403.10
1414.66
1425.41
1435.25
1444.08
1451.75
1458.13
1463.08
1466.47
1468.19
990.05
1009.65
1029.16
1048.55
1067.80
1086.90
1105.82
1124.54
1143.04
1161.31
1179.32
1197.06
1214.51
1231.64
1248.43
1264.87
1280.92
1296.57
1311.78
1326.54
1340.79
1354.51
1367.65
1380.16
1391.98
1403.05
1413.28
1422.59
1430.88
1438.04
1443.95
1448.51
1451.61
1453.17
984.39
1003.85
1023.21
1042.45
1061.54
1080.48
1099.23
1117.78
1136.10
1154.18
1172.00
1189.54
1206.77
1223.67
1240.22
1256.41
1272.19
1287.56
1302.47
1316.89
1330.80
1344.15
1356.90
1368.99
1380.38
1390.99
1400.75
1409.59
1417.42
1424.14
1429.66
1433.89
1436.76
1438.21
978.33
997.63
1016.83
1035.91
1054.84
1073.60
1092.18
1110.55
1128.68
1146.57
1164.19
1181.51
1198.52
1215.19
1231.50
1247.42
1262.94
1278.02
1292.62
1306.73
1320.30
1333.29
1345.66
1357.36
1368.34
1378.53
1387.87
1396.29
1403.71
1410.06
1415.25
1419.21
1421.89
1423.24
971.87
991.01
1010.04
1028.95
1047.71
1066.29
1084.68
1102.86
1120.80
1138.49
1155.89
1173.00
1189.78
1206.21
1222.28
1237.94
1253.19
1267.97
1282.28
1296.07
1309.31
1321.96
1333.97
1345.30
1355.90
1365.71
1374.67
1382.71
1389.78
1395.79
1400.70
1404.44
1406.95
1408.22
965.02
983.99
1002.85
1021.58
1040.15
1058.55
1076.75
1094.74
1112.48
1129.95
1147.14
1164.03
1180.58
1196.77
1212.58
1227.99
1242.96
1257.46
1271.47
1284.96
1297.88
1310.19
1321.87
1332.85
1343.09
1352.55
1361.16
1368.87
1375.61
1381.35
1386.01
1389.55
1391.93
1393.12
957.80
976.59
995.27
1013.81
1032.20
1050.40
1068.41
1086.19
1103.72
1120.98
1137.95
1154.61
1170.92
1186.87
1202.43
1217.58
1232.28
1246.50
1260.22
1273.41
1286.02
1298.02
1309.37
1320.02
1329.94
1339.07
1347.36
1354.77
1361.23
1366.71
1371.16
1374.53
1376.79
1377.93
950.22
968.82
987.31
1005.66
1023.85
1041.85
1059.65
1077.23
1094.55
1111.59
1128.34
1144.76
1160.84
1176.54
1191.85
1206.74
1221.17
1235.12
1248.56
1261.45
1273.76
1285.46
1296.50
1306.85
1316.46
1325.29
1333.29
1340.42
1346.63
1351.89
1356.14
1359.37
1361.53
1362.61
942.29
960.70
978.99
997.14
1015.12
1032.92
1050.51
1067.87
1084.97
1101.80
1118.31
1134.50
1150.34
1165.80
1180.86
1195.49
1209.65
1223.33
1236.49
1249.11
1261.13
1272.54
1283.29
1293.35
1302.67
1311.22
1318.96
1325.84
1331.83
1336.88
1340.97
1344.06
1346.13
1347.17
934.02
952.23
970.31
988.26
1006.04
1023.62
1041.00
1058.14
1075.02
1091.62
1107.90
1123.86
1139.46
1154.67
1169.48
1183.85
1197.76
1211.17
1224.06
1236.40
1248.15
1259.28
1269.76
1279.54
1288.60
1296.89
1304.38
1311.03
1316.81
1321.68
1325.62
1328.59
1330.58
1331.58
925.43
943.42
961.30
979.03
996.60
1013.97
1031.13
1048.05
1064.70
1081.07
1097.12
1112.84
1128.20
1143.17
1157.73
1171.85
1185.50
1198.65
1211.28
1223.35
1234.84
1245.70
1255.92
1265.44
1274.25
1282.30
1289.56
1296.01
1301.59
1306.30
1310.10
1312.96
1314.88
1315.85
916.52
934.30
951.97
969.48
986.83
1003.98
1020.91
1037.61
1054.03
1070.17
1085.99
1101.47
1116.59
1131.32
1145.63
1159.49
1172.89
1185.79
1198.16
1209.98
1221.21
1231.82
1241.79
1251.07
1259.64
1267.47
1274.52
1280.77
1286.18
1290.74
1294.41
1297.18
1299.03
1299.96
907.32
924.88
942.32
959.62
976.74
993.67
1010.37
1026.84
1043.03
1058.94
1074.52
1089.77
1104.64
1119.13
1133.19
1146.81
1159.96
1172.61
1184.74
1196.31
1207.29
1217.66
1227.38
1236.44
1244.79
1252.40
1259.26
1265.32
1270.58
1274.99
1278.55
1281.23
1283.03
1283.92
897.83
915.17
932.39
949.45
966.35
983.05
999.52
1015.76
1031.72
1047.39
1062.74
1077.74
1092.38
1106.62
1120.45
1133.82
1146.73
1159.14
1171.02
1182.35
1193.09
1203.23
1212.73
1221.56
1229.70
1237.12
1243.79
1249.68
1254.79
1259.07
1262.53
1265.13
1266.87
1267.74
888.07
905.18
922.17
939.01
955.67
972.14
988.38
1004.38
1020.11
1035.54
1050.65
1065.42
1079.82
1093.82
1107.40
1120.54
1133.21
1145.38
1157.02
1168.12
1178.63
1188.55
1197.83
1206.45
1214.39
1221.62
1228.12
1233.86
1238.82
1242.99
1246.34
1248.87
1250.56
1251.40
878.06
894.94
911.69
928.29
944.72
960.95
976.96
992.72
1008.21
1023.41
1038.28
1052.81
1066.97
1080.74
1094.09
1106.99
1119.42
1131.36
1142.77
1153.64
1163.93
1173.63
1182.70
1191.13
1198.88
1205.93
1212.26
1217.85
1222.69
1226.74
1230.00
1232.46
1234.10
1234.92
867.81
884.45
900.97
917.33
933.52
949.51
965.28
980.81
996.06
1011.02
1025.65
1039.95
1053.87
1067.40
1080.51
1093.18
1105.38
1117.09
1128.28
1138.93
1149.01
1158.49
1167.37
1175.60
1183.17
1190.05
1196.23
1201.68
1206.39
1210.34
1213.52
1215.91
1217.51
1218.30
857.34
873.74
890.01
906.13
922.08
937.83
953.36
968.65
983.66
998.38
1012.78
1026.83
1040.52
1053.82
1066.70
1079.13
1091.11
1102.59
1113.56
1124.00
1133.87
1143.16
1151.83
1159.88
1167.28
1174.00
1180.03
1185.35
1189.95
1193.80
1196.89
1199.22
1200.78
1201.55
846.66
862.81
878.84
894.72
910.42
925.93
941.22
956.26
971.03
985.51
999.67
1013.49
1026.95
1040.01
1052.66
1064.87
1076.62
1087.89
1098.64
1108.87
1118.54
1127.63
1136.12
1143.99
1151.23
1157.79
1163.68
1168.88
1173.36
1177.12
1180.13
1182.41
1183.92
1184.68
835.80
851.70
867.47
883.10
898.56
913.82
928.87
943.67
958.20
972.44
986.36
999.95
1013.17
1026.00
1038.42
1050.41
1061.94
1072.99
1083.54
1093.56
1103.03
1111.94
1120.25
1127.95
1135.02
1141.44
1147.20
1152.27
1156.64
1160.31
1163.26
1165.47
1166.95
1167.69
824.76
840.40
855.93
871.31
886.52
901.53
916.33
930.89
945.18
959.18
972.86
986.21
999.20
1011.80
1024.00
1035.77
1047.08
1057.92
1068.26
1078.09
1087.37
1096.09
1104.22
1111.76
1118.68
1124.96
1130.58
1135.54
1139.81
1143.40
1146.27
1148.44
1149.88
1150.60
813.57
828.95
844.22
859.35
874.31
889.07
903.62
917.94
931.98
945.74
959.19
972.31
985.07
997.44
1009.42
1020.97
1032.07
1042.70
1052.84
1062.47
1071.56
1080.10
1088.07
1095.45
1102.21
1108.36
1113.86
1118.70
1122.88
1126.38
1129.19
1131.31
1132.72
1133.42
802.24
817.36
832.38
847.25
861.95
876.47
890.77
904.84
918.64
932.16
945.37
958.26
970.78
982.94
994.69
1006.02
1016.91
1027.34
1037.28
1046.72
1055.63
1064.00
1071.80
1079.02
1085.65
1091.66
1097.04
1101.78
1105.86
1109.28
1112.03
1114.10
1115.47
1116.16
790.79
805.65
820.41
835.02
849.47
863.73
877.79
891.60
905.17
918.45
931.42
944.07
956.38
968.30
979.84
990.96
1001.64
1011.87
1021.62
1030.87
1039.60
1047.80
1055.44
1062.51
1068.99
1074.87
1080.14
1084.78
1088.77
1092.12
1094.80
1096.82
1098.17
1098.84
779.24
793.84
808.33
822.69
836.88
850.89
864.69
878.27
891.58
904.63
917.37
929.79
941.86
953.57
964.89
975.80
986.27
996.30
1005.86
1014.93
1023.48
1031.51
1039.00
1045.92
1052.27
1058.03
1063.18
1067.72
1071.62
1074.90
1077.52
1079.50
1080.82
1081.47
767.61
781.95
796.18
810.27
824.20
837.96
851.51
864.84
877.91
890.72
903.22
915.41
927.26
938.75
949.85
960.55
970.83
980.66
990.03
998.92
1007.30
1015.17
1022.50
1029.28
1035.50
1041.13
1046.18
1050.62
1054.44
1057.64
1060.21
1062.14
1063.43
1064.08
755.93
770.00
783.96
797.79
811.46
824.97
838.27
851.35
864.18
876.74
889.01
900.97
912.60
923.87
934.76
945.25
955.33
964.97
974.15
982.86
991.08
998.79
1005.97
1012.61
1018.70
1024.22
1029.15
1033.50
1037.24
1040.37
1042.89
1044.78
1046.04
1046.67
744.21
758.00
771.70
785.26
798.68
811.93
824.98
837.81
850.40
862.72
874.76
886.49
897.90
908.95
919.63
929.92
939.80
949.25
958.25
966.79
974.84
982.39
989.42
995.93
1001.89
1007.29
1012.13
1016.38
1020.04
1023.11
1025.57
1027.42
1028.65
1029.27
732.47
745.99
759.42
772.72
785.88
798.87
811.67
824.25
836.60
848.69
860.49
872.00
883.18
894.02
904.49
914.58
924.26
933.52
942.35
950.71
958.60
966.00
972.89
979.26
985.10
990.39
995.12
999.28
1002.87
1005.87
1008.28
1010.09
1011.29
1011.90
720.73
733.99
747.14
760.18
773.08
785.81
798.36
810.70
822.80
834.65
846.23
857.51
868.47
879.09
889.36
899.25
908.74
917.82
926.46
934.66
942.39
949.63
956.38
962.62
968.34
973.52
978.15
982.23
985.74
988.68
991.03
992.81
993.99
994.58
709.03
722.01
734.89
747.67
760.31
772.78
785.08
797.17
809.03
820.65
832.00
843.05
853.80
864.21
874.27
883.96
893.26
902.16
910.63
918.66
926.23
933.33
939.94
946.05
951.65
956.72
961.26
965.25
968.68
971.56
973.87
975.60
976.76
977.34
697.37
710.08
722.70
735.21
747.58
759.81
771.85
783.70
795.32
806.70
817.82
828.65
839.18
849.38
859.24
868.74
877.85
886.57
894.87
902.73
910.15
917.10
923.58
929.56
935.04
940.01
944.45
948.36
951.73
954.54
956.80
958.50
959.63
960.20
685.79
698.22
710.57
722.82
734.94
746.90
758.70
770.30
781.69
792.84
803.73
814.34
824.65
834.65
844.31
853.61
862.54
871.08
879.21
886.91
894.17
900.99
907.33
913.19
918.56
923.42
927.77
931.60
934.89
937.65
939.86
941.52
942.63
943.18
674.31
686.47
698.55
710.53
722.39
734.11
745.65
757.01
768.16
779.08
789.75
800.14
810.24
820.03
829.49
838.61
847.35
855.71
863.67
871.22
878.34
885.01
891.22
896.96
902.22
906.98
911.24
914.98
918.21
920.91
923.07
924.70
925.79
926.33
662.95
674.84
686.65
698.37
709.98
721.44
732.74
743.86
754.77
765.46
775.91
786.08
795.98
805.56
814.83
823.75
832.32
840.51
848.30
855.70
862.66
869.20
875.28
880.90
886.05
890.71
894.88
898.55
901.71
904.35
906.47
908.07
909.13
909.66
651.74
663.36
674.91
686.37
697.72
708.93
719.99
730.87
741.55
752.01
762.23
772.20
781.88
791.27
800.34
809.08
817.47
825.49
833.13
840.36
847.19
853.58
859.54
865.05
870.09
874.65
878.74
882.33
885.42
888.01
890.09
891.65
892.69
893.21
640.70
652.06
663.35
674.55
685.64
696.61
707.43
718.07
728.52
738.76
748.76
758.52
768.00
777.19
786.07
794.63
802.84
810.69
818.17
825.26
831.94
838.20
844.04
849.43
854.37
858.84
862.84
866.36
869.38
871.92
873.95
875.48
876.50
877.01
629.87
640.96
651.99
662.94
673.78
684.50
695.08
705.49
715.72
725.73
735.52
745.07
754.35
763.34
772.04
780.42
788.46
796.15
803.47
810.41
816.96
823.09
828.80
834.08
838.92
843.30
847.21
850.66
853.63
856.11
858.10
859.59
860.59
861.09
619.26
630.09
640.87
651.56
662.16
672.64
682.99
693.17
703.17
712.97
722.55
731.89
740.97
749.78
758.29
766.49
774.36
781.89
789.06
795.86
802.27
808.28
813.87
819.04
823.78
828.07
831.90
835.28
838.18
840.61
842.56
844.03
845.01
845.49
608.91
619.49
630.01
640.46
650.82
661.06
671.17
681.13
690.91
700.50
709.87
719.01
727.90
736.52
744.85
752.88
760.59
767.96
774.98
781.64
787.92
793.80
799.28
804.34
808.98
813.18
816.94
820.25
823.09
825.47
827.38
828.82
829.78
830.26
598.85
609.17
619.45
629.65
639.77
649.79
659.67
669.41
678.97
688.35
697.52
706.47
715.17
723.60
731.76
739.62
747.17
754.39
761.27
767.79
773.93
779.70
785.07
790.03
794.57
798.69
802.37
805.61
808.40
810.73
812.60
814.01
814.94
815.41
589.10
599.17
609.21
619.18
629.07
638.85
648.51
658.03
667.39
676.56
685.54
694.29
702.81
711.07
719.05
726.75
734.14
741.22
747.95
754.34
760.36
766.01
771.27
776.13
780.58
784.62
788.22
791.40
794.13
796.41
798.25
799.63
800.55
801.01
579.68
589.52
599.32
609.06
618.72
628.29
637.73
647.04
656.20
665.17
673.96
682.52
690.86
698.95
706.77
714.31
721.55
728.48
735.08
741.33
747.24
752.77
757.92
762.69
767.05
771.01
774.54
777.65
780.33
782.57
784.37
785.72
786.63
787.08
570.64
580.24
589.81
599.33
608.77
618.13
627.37
636.47
645.43
654.21
662.81
671.20
679.36
687.28
694.94
702.33
709.43
716.21
722.68
728.81
734.60
740.03
745.08
749.75
754.03
757.91
761.37
764.42
767.05
769.25
771.01
772.34
773.22
773.66
561.99
571.37
580.72
590.02
599.26
608.40
617.44
626.35
635.12
643.72
652.13
660.35
668.35
676.11
683.62
690.85
697.81
704.46
710.81
716.82
722.49
727.81
732.77
737.35
741.55
745.35
748.75
751.75
754.32
756.48
758.21
759.51
760.38
760.81
553.76
562.93
572.07
581.16
590.20
599.14
607.99
616.71
625.30
633.72
641.97
650.02
657.85
665.46
672.82
679.92
686.74
693.27
699.49
705.39
710.95
716.17
721.04
725.54
729.65
733.39
736.73
739.66
742.19
744.31
746.01
747.29
748.14
748.56
545.99
554.95
563.89
572.79
581.63
590.39
599.05
607.59
616.00
624.26
632.34
640.23
647.92
655.38
662.60
669.57
676.26
682.66
688.77
694.56
700.03
705.15
709.93
714.34
718.39
722.05
725.33
728.22
730.70
732.78
734.45
735.71
736.54
736.96
538.69
547.46
556.21
564.92
573.58
582.16
590.65
599.02
607.27
615.37
623.29
631.04
638.58
645.90
652.99
659.83
666.40
672.69
678.69
684.38
689.75
694.78
699.48
703.82
707.79
711.39
714.62
717.45
719.90
721.94
723.58
724.81
725.64
726.05
531.90
540.48
549.06
557.59
566.08
574.49
582.82
591.04
599.13
607.07
614.86
622.46
629.87
637.07
644.03
650.75
657.21
663.39
669.29
674.88
680.16
685.11
689.73
693.99
697.90
701.45
704.62
707.41
709.81
711.82
713.44
714.65
715.46
715.86
525.63
534.05
542.46
550.83
559.16
567.42
575.59
583.66
591.61
599.42
607.07
614.54
621.83
628.90
635.75
642.36
648.71
654.80
660.60
666.10
671.30
676.17
680.72
684.92
688.77
692.26
695.38
698.13
700.49
702.47
704.06
705.26
706.05
706.45
524.62
533.04
541.45
549.83
558.16
566.43
574.61
582.69
590.64
598.46
606.12
613.61
620.90
627.99
634.85
641.47
647.84
653.93
659.75
665.26
670.47
675.36
679.91
684.12
687.98
691.48
694.61
697.36
699.73
701.72
703.31
704.51
705.31
705.71
530.91
539.49
548.07
556.61
565.11
573.53
581.86
590.09
598.19
606.15
613.95
621.56
628.98
636.19
643.17
649.90
656.37
662.57
668.48
674.08
679.37
684.34
688.97
693.24
697.16
700.72
703.90
706.69
709.10
711.12
712.74
713.95
714.76
715.17
537.72
546.49
555.25
563.97
572.63
581.22
589.72
598.11
606.37
614.48
622.42
630.18
637.73
645.07
652.17
659.03
665.61
671.92
677.93
683.63
689.01
694.06
698.77
703.12
707.10
710.71
713.95
716.79
719.24
721.29
722.93
724.17
724.99
725.41
545.04
554.01
562.95
571.86
580.71
589.48
598.16
606.71
615.14
623.41
631.51
639.41
647.11
654.59
661.83
668.81
675.52
681.94
688.06
693.86
699.34
704.48
709.27
713.70
717.75
721.43
724.72
727.61
730.10
732.19
733.86
735.12
735.96
736.38
552.84
562.01
571.16
580.27
589.31
598.27
607.13
615.87
624.47
632.91
641.17
649.24
657.09
664.72
672.10
679.21
686.05
692.59
698.83
704.74
710.32
715.56
720.44
724.95
729.08
732.82
736.17
739.11
741.65
743.77
745.48
746.76
747.61
748.04
561.09
570.48
579.84
589.16
598.41
607.57
616.62
625.55
634.33
642.95
651.38
659.62
667.63
675.41
682.94
690.20
697.17
703.84
710.20
716.23
721.92
727.25
732.23
736.82
741.03
744.85
748.26
751.26
753.84
756.01
757.74
759.05
759.92
760.35
569.77
579.38
588.97
598.50
607.96
617.33
626.58
635.71
644.68
653.49
662.10
670.51
678.70
686.64
694.32
701.72
708.84
715.65
722.13
728.28
734.08
739.53
744.59
749.28
753.57
757.46
760.94
764.00
766.64
768.84
770.61
771.94
772.83
773.27
578.84
588.69
598.50
608.26
617.94
627.53
636.99
646.32
655.50
664.49
673.30
681.89
690.24
698.35
706.20
713.76
721.02
727.97
734.58
740.86
746.78
752.33
757.50
762.28
766.66
770.63
774.18
777.30
779.98
782.23
784.04
785.39
786.30
786.75
588.28
598.37
608.43
618.42
628.32
638.13
647.81
657.35
666.73
675.93
684.93
693.70
702.24
710.53
718.54
726.26
733.67
740.76
747.52
753.93
759.97
765.63
770.91
775.79
780.25
784.30
787.92
791.11
793.85
796.14
797.98
799.37
800.29
800.75
598.07
608.41
618.70
628.93
639.07
649.11
659.01
668.77
678.36
687.76
696.96
705.93
714.65
723.12
731.30
739.18
746.75
754.00
760.90
767.44
773.60
779.39
784.77
789.75
794.31
798.44
802.14
805.39
808.18
810.53
812.40
813.82
814.76
815.23
608.16
618.76
629.30
639.77
650.15
660.42
670.56
680.54
690.35
699.96
709.36
718.52
727.44
736.09
744.44
752.50
760.23
767.63
774.67
781.35
787.65
793.56
799.05
804.14
808.79
813.01
816.78
820.10
822.95
825.34
827.26
828.70
829.66
830.14
618.54
629.39
640.19
650.91
661.54
672.05
682.41
692.62
702.65
712.48
722.09
731.46
740.57
749.40
757.94
766.17
774.07
781.62
788.82
795.64
802.07
808.10
813.71
818.90
823.66
827.96
831.81
835.20
838.12
840.56
842.51
843.98
844.97
845.46
629.18
640.30
651.35
662.33
673.20
683.95
694.55
704.99
715.25
725.30
735.12
744.69
754.00
763.03
771.75
780.16
788.22
795.94
803.29
810.26
816.82
822.98
828.72
834.01
838.87
843.26
847.20
850.65
853.63
856.12
858.12
859.62
860.63
861.13
640.05
651.43
662.75
673.98
685.10
696.10
706.94
717.62
728.10
738.37
748.41
758.19
767.71
776.93
785.84
794.43
802.67
810.55
818.05
825.17
831.88
838.16
844.02
849.43
854.39
858.88
862.89
866.42
869.47
872.01
874.05
875.58
876.61
877.12
651.12
662.77
674.35
685.84
697.22
708.46
719.55
730.47
741.18
751.68
761.93
771.93
781.65
791.07
800.17
808.94
817.36
825.41
833.08
840.34
847.19
853.61
859.59
865.12
870.18
874.77
878.87
882.47
885.58
888.18
890.26
891.83
892.87
893.40
662.36
674.28
686.13
697.88
709.52
721.02
732.35
743.51
754.46
765.18
775.66
785.87
795.80
805.42
814.72
823.67
832.27
840.49
848.32
855.74
862.74
869.29
875.40
881.05
886.21
890.90
895.09
898.77
901.94
904.59
906.72
908.32
909.39
909.92
673.76
685.95
698.07
710.08
721.98
733.73
745.31
756.71
767.89
778.85
789.55
799.98
810.12
819.95
829.44
838.59
847.37
855.76
863.76
871.33
878.48
885.17
891.41
897.18
902.45
907.24
911.52
915.28
918.52
921.23
923.40
925.04
926.13
926.67
685.27
697.74
710.13
722.41
734.57
746.57
758.41
770.05
781.47
792.66
803.59
814.24
824.59
834.62
844.32
853.66
862.62
871.19
879.35
887.09
894.38
901.22
907.59
913.48
918.87
923.75
928.12
931.97
935.27
938.04
940.26
941.93
943.05
943.60
696.89
709.63
722.29
734.84
747.25
759.52
771.60
783.49
795.15
806.58
817.73
828.61
839.18
849.42
859.31
868.85
878.00
886.75
895.08
902.98
910.43
917.41
923.91
929.92
935.43
940.42
944.88
948.81
952.19
955.01
957.28
958.99
960.13
960.69
708.58
721.60
734.53
747.34
760.02
772.54
784.88
797.01
808.92
820.58
831.96
843.06
853.85
864.30
874.40
884.13
893.47
902.40
910.91
918.97
926.58
933.71
940.35
946.48
952.11
957.20
961.76
965.77
969.22
972.11
974.43
976.17
977.33
977.91
720.32
733.62
746.82
759.90
772.84
785.61
798.20
810.59
822.74
834.63
846.25
857.57
868.58
879.25
889.55
899.48
909.01
918.13
926.81
935.04
942.80
950.08
956.86
963.13
968.87
974.08
978.73
982.83
986.35
989.30
991.67
993.45
994.64
995.23
732.09
745.66
759.13
772.48
785.68
798.72
811.56
824.19
836.58
848.72
860.57
872.12
883.34
894.23
904.74
914.87
924.60
933.90
942.76
951.16
959.08
966.51
973.44
979.84
985.70
991.02
995.77
999.95
1003.55
1006.57
1008.99
1010.81
1012.02
1012.63
743.87
757.71
771.45
785.06
798.53
811.82
824.92
837.79
850.43
862.80
874.89
886.67
898.12
909.22
919.94
930.28
940.20
949.69
958.73
967.30
975.39
982.98
990.04
996.58
1002.57
1008.00
1012.85
1017.12
1020.81
1023.89
1026.36
1028.22
1029.46
1030.08
755.63
769.74
783.75
797.63
811.35
824.90
838.25
851.38
864.26
876.87
889.20
901.20
912.88
924.19
935.13
945.67
955.79
965.47
974.70
983.45
991.70
999.44
1006.66
1013.33
1019.45
1024.99
1029.95
1034.32
1038.08
1041.23
1043.75
1045.65
1046.92
1047.55
767.35
781.73
796.00
810.15
824.13
837.94
851.54
864.92
878.05
890.90
903.46
915.70
927.59
939.13
950.28
961.03
971.35
981.23
990.64
999.57
1007.99
1015.89
1023.26
1030.08
1036.32
1041.98
1047.05
1051.51
1055.36
1058.57
1061.15
1063.10
1064.39
1065.04
779.01
793.66
808.20
822.60
836.85
850.91
864.77
878.39
891.77
904.86
917.65
930.12
942.25
954.01
965.37
976.33
986.86
996.93
1006.53
1015.64
1024.24
1032.31
1039.83
1046.79
1053.16
1058.95
1064.13
1068.69
1072.61
1075.90
1078.54
1080.53
1081.85
1082.51
790.59
805.51
820.31
834.98
849.48
863.80
877.91
891.78
905.40
918.73
931.76
944.46
956.82
968.80
980.39
991.56
1002.29
1012.56
1022.35
1031.65
1040.42
1048.66
1056.34
1063.44
1069.96
1075.87
1081.16
1085.82
1089.84
1093.20
1095.90
1097.93
1099.28
1099.96
802.07
817.25
832.32
847.24
862.00
876.57
890.93
905.05
918.92
932.49
945.76
958.70
971.28
983.49
995.29
1006.68
1017.62
1028.09
1038.08
1047.56
1056.52
1064.93
1072.77
1080.03
1086.68
1092.72
1098.13
1102.90
1107.00
1110.44
1113.20
1115.28
1116.66
1117.36
813.43
828.88
844.20
859.38
874.40
889.22
903.83
918.20
932.30
946.12
959.63
972.80
985.61
998.05
1010.08
1021.68
1032.83
1043.51
1053.70
1063.37
1072.51
1081.10
1089.10
1096.52
1103.32
1109.49
1115.02
1119.90
1124.10
1127.61
1130.44
1132.56
1133.98
1134.69
824.66
840.36
855.94
871.38
886.65
901.72
916.58
931.19
945.54
959.60
973.35
986.75
999.80
1012.46
1024.71
1036.54
1047.90
1058.79
1069.19
1079.06
1088.38
1097.15
1105.32
1112.90
1119.85
1126.17
1131.82
1136.80
1141.10
1144.70
1147.60
1149.77
1151.22
1151.95
835.73
851.69
867.52
883.21
898.73
914.05
929.16
944.02
958.61
972.91
986.89
1000.54
1013.82
1026.71
1039.19
1051.23
1062.82
1073.92
1084.52
1094.59
1104.11
1113.06
1121.42
1129.16
1136.26
1142.72
1148.51
1153.61
1158.01
1161.69
1164.66
1166.89
1168.37
1169.12
846.63
862.84
878.92
894.86
910.63
926.20
941.55
956.65
971.49
986.03
1000.25
1014.13
1027.65
1040.77
1053.48
1065.75
1077.56
1088.88
1099.69
1109.96
1119.68
1128.82
1137.36
1145.27
1152.54
1159.14
1165.07
1170.29
1174.80
1178.57
1181.61
1183.89
1185.42
1186.18
857.34
873.79
890.13
906.31
922.32
938.14
953.73
969.08
984.16
998.94
1013.40
1027.52
1041.27
1054.63
1067.57
1080.06
1092.10
1103.64
1114.66
1125.15
1135.07
1144.41
1153.13
1161.23
1168.66
1175.42
1181.49
1186.84
1191.46
1195.33
1198.44
1200.79
1202.35
1203.13
867.84
884.54
901.12
917.54
933.80
949.86
965.69
981.28
996.60
1011.62
1026.32
1040.68
1054.66
1068.26
1081.43
1094.16
1106.42
1118.19
1129.43
1140.14
1150.27
1159.81
1168.73
1177.01
1184.62
1191.54
1197.76
1203.24
1207.98
1211.95
1215.15
1217.55
1219.16
1219.96
878.12
895.06
911.87
928.54
945.04
961.33
977.41
993.24
1008.79
1024.05
1038.99
1053.59
1067.82
1081.65
1095.06
1108.02
1120.51
1132.51
1143.98
1154.91
1165.26
1175.01
1184.13
1192.60
1200.39
1207.49
1213.86
1219.48
1224.35
1228.43
1231.71
1234.18
1235.83
1236.66
888.15
905.33
922.38
939.29
956.02
972.55
988.86
1004.93
1020.72
1036.22
1051.40
1066.24
1080.70
1094.77
1108.42
1121.62
1134.35
1146.59
1158.29
1169.44
1180.02
1189.98
1199.32
1207.99
1215.98
1223.25
1229.79
1235.56
1240.56
1244.75
1248.12
1250.67
1252.37
1253.22
897.94
915.34
932.63
949.76
966.73
983.49
1000.04
1016.34
1032.37
1048.11
1063.53
1078.60
1093.31
1107.62
1121.51
1134.95
1147.92
1160.40
1172.34
1183.73
1194.53
1204.73
1214.28
1223.16
1231.35
1238.81
1245.53
1251.46
1256.60
1260.91
1264.39
1267.01
1268.76
1269.63
907.45
925.08
942.59
959.96
977.15
994.15
1010.92
1027.46
1043.72
1059.70
1075.35
1090.67
1105.61
1120.17
1134.30
1147.99
1161.21
1173.92
1186.11
1197.74
1208.79
1219.22
1229.00
1238.11
1246.51
1254.17
1261.07
1267.17
1272.46
1276.91
1280.49
1283.19
1285.00
1285.90
916.68
934.53
952.26
969.85
987.27
1004.49
1021.50
1038.26
1054.76
1070.96
1086.86
1102.41
1117.60
1132.40
1146.78
1160.72
1174.18
1187.15
1199.59
1211.47
1222.76
1233.44
1243.46
1252.80
1261.43
1269.30
1276.40
1282.69
1288.14
1292.73
1296.43
1299.22
1301.09
1302.02
925.61
943.68
961.63
979.43
997.07
1014.51
1031.74
1048.73
1065.46
1081.90
1098.03
1113.82
1129.25
1144.29
1158.92
1173.11
1186.83
1200.06
1212.75
1224.89
1236.45
1247.38
1257.65
1267.24
1276.10
1284.21
1291.52
1298.01
1303.63
1308.38
1312.20
1315.09
1317.02
1317.99
934.23
952.50
970.66
988.68
1006.53
1024.19
1041.64
1058.85
1075.81
1092.48
1108.84
1124.87
1140.54
1155.83
1170.71
1185.16
1199.14
1212.62
1225.59
1237.99
1249.81
1261.01
1271.55
1281.40
1290.52
1298.87
1306.41
1313.11
1318.93
1323.84
1327.81
1330.80
1332.81
1333.82
942.52
961.00
979.36
997.58
1015.64
1033.52
1051.18
1068.61
1085.79
1102.69
1119.28
1135.55
1151.46
1167.00
1182.13
1196.83
1211.08
1224.83
1238.06
1250.75
1262.85
1274.32
1285.14
1295.27
1304.66
1313.27
1321.06
1327.99
1334.03
1339.12
1343.24
1346.36
1348.45
1349.50
950.47
969.15
987.71
1006.13
1024.39
1042.47
1060.35
1078.00
1095.39
1112.51
1129.34
1145.84
1161.99
1177.77
1193.16
1208.12
1222.63
1236.66
1250.17
1263.14
1275.53
1287.30
1298.41
1308.83
1318.51
1327.40
1335.47
1342.65
1348.92
1354.22
1358.51
1361.76
1363.95
1365.04
958.07
976.94
995.69
1014.30
1032.76
1051.04
1069.12
1086.98
1104.59
1121.93
1138.98
1155.71
1172.11
1188.13
1203.77
1219.00
1233.78
1248.08
1261.88
1275.14
1287.83
1299.91
1311.33
1322.07
1332.05
1341.25
1349.61
1357.08
1363.60
1369.13
1373.62
1377.02
1379.31
1380.46
965.31
984.35
1003.29
1022.09
1040.74
1059.22
1077.49
1095.55
1113.37
1130.93
1148.20
1165.16
1181.79
1198.06
1213.96
1229.44
1244.49
1259.08
1273.17
1286.74
1299.74
1312.14
1323.89
1334.95
1345.27
1354.81
1363.49
1371.26
1378.07
1383.86
1388.57
1392.15
1394.55
1395.76
972.17
991.39
1010.50
1029.48
1048.31
1066.98
1085.45
1103.70
1121.72
1139.49
1156.97
1174.16
1191.02
1207.54
1223.68
1239.43
1254.76
1269.63
1284.02
1297.90
1311.22
1323.95
1336.05
1347.47
1358.15
1368.04
1377.08
1385.20
1392.33
1398.41
1403.37
1407.15
1409.70
1410.98
978.65
998.03
1017.30
1036.46
1055.47
1074.31
1092.96
1111.41
1129.62
1147.59
1165.29
1182.69
1199.78
1216.54
1232.93
1248.94
1264.54
1279.70
1294.40
1308.59
1322.25
1335.33
1347.79
1359.58
1370.65
1380.93
1390.36
1398.87
1406.36
1412.78
1418.03
1422.04
1424.76
1426.12
984.73
1004.26
1023.70
1043.01
1062.19
1081.20
1100.03
1118.66
1137.06
1155.23
1173.13
1190.74
1208.06
1225.04
1241.68
1257.95
1273.82
1289.27
1304.27
1318.79
1332.79
1346.24
1359.08
1371.27
1382.75
1393.46
1403.32
1412.25
1420.17
1426.97
1432.57
1436.86
1439.77
1441.23
990.40
1010.08
1029.66
1049.13
1068.46
1087.64
1106.63
1125.43
1144.02
1162.37
1180.47
1198.29
1215.82
1233.03
1249.91
1266.43
1282.58
1298.32
1313.62
1328.47
1342.82
1356.64
1369.88
1382.49
1394.42
1405.59
1415.93
1425.34
1433.73
1440.99
1446.99
1451.61
1454.76
1456.36
995.65
1015.47
1035.19
1054.80
1074.28
1093.61
1112.76
1131.73
1150.48
1169.01
1187.29
1205.31
1223.05
1240.48
1257.59
1274.37
1290.78
1306.80
1322.41
1337.59
1352.29
1366.49
1380.14
1393.20
1405.60
1417.28
1428.14
1438.10
1447.04
1454.83
1461.31
1466.35
1469.80
1471.56
1000.48
1020.42
1040.28
1060.02
1079.64
1099.11
1118.41
1137.52
1156.44
1175.14
1193.59
1211.80
1229.73
1247.37
1264.71
1281.72
1298.39
1314.69
1330.61
1346.11
1361.17
1375.76
1389.83
1403.35
1416.25
1428.47
1439.92
1450.50
1460.07
1468.48
1475.56
1481.12
1484.95
1486.91
1004.87
1024.93
1044.91
1064.77
1084.51
1104.11
1123.55
1142.81
1161.87
1180.73
1199.35
1217.73
1235.84
1253.69
1271.23
1288.47
1305.39
1321.96
1338.17
1353.99
1369.41
1384.39
1398.89
1412.89
1426.32
1439.12
1451.20
1462.46
1472.77
1481.93
1489.75
1495.96
1500.30
1502.54
1008.83
1028.99
1049.07
1069.05
1088.91
1108.62
1128.19
1147.57
1166.77
1185.77
1204.54
1223.08
1241.37
1259.40
1277.15
1294.60
1311.75
1328.58
1345.07
1361.20
1376.96
1392.33
1407.26
1421.74
1435.71
1449.13
1461.90
1473.93
1485.07
1495.14
1503.88
1510.95
1515.98
1518.60
1012.33
1032.59
1052.77
1072.84
1092.80
1112.63
1132.30
1151.80
1171.13
1190.25
1209.16
1227.85
1246.29
1264.49
1282.42
1300.07
1317.44
1334.51
1351.26
1367.69
1383.78
1399.52
1414.88
1429.84
1444.36
1458.41
1471.91
1484.78
1496.88
1508.02
1517.91
1526.13
1532.13
1535.29
1015.38
1035.72
1055.98
1076.15
1096.20
1116.11
1135.88
1155.49
1174.92
1194.16
1213.19
1232.01
1250.60
1268.94
1287.04
1304.87
1322.44
1339.72
1356.72
1373.42
1389.82
1405.91
1421.67
1437.10
1452.17
1466.85
1481.10
1494.87
1508.03
1520.43
1531.77
1541.55
1548.96
1552.81
1017.97
1038.38
1058.71
1078.95
1099.08
1119.08
1138.93
1158.63
1178.15
1197.49
1216.63
1235.56
1254.27
1272.74
1290.98
1308.97
1326.71
1344.19
1361.41
1378.36
1395.03
1411.44
1427.58
1443.44
1459.02
1474.32
1489.32
1503.99
1518.29
1532.11
1545.20
1557.05
1567.04
1571.26
1020.10
1040.56
1060.96
1081.25
1101.45
1121.51
1141.43
1161.20
1180.81
1200.23
1219.45
1238.47
1257.28
1275.87
1294.23
1312.36
1330.24
1347.89
1365.29
1382.45
1399.37
1416.06
1432.52
1448.77
1464.81
1480.68
1496.38
1511.93
1527.35
1542.61
1557.56
1570.99
1578.82
1582.44
1021.75
1042.27
1062.70
1083.05
1103.29
1123.41
1143.39
1163.21
1182.88
1202.36
1221.66
1240.75
1259.65
1278.32
1296.78
1315.01
1333.01
1350.79
1368.34
1385.67
1402.79
1419.70
1436.44
1453.01
1469.45
1485.79
1502.10
1518.43
1534.86
1551.43
1568.26
1579.48
1586.21
1589.38
1022.94
1043.48
1063.95
1084.34
1104.61
1124.77
1144.79
1164.65
1184.36
1203.89
1223.24
1242.39
1261.34
1280.08
1298.60
1316.91
1335.00
1352.87
1370.54
1387.99
1405.26
1422.34
1439.28
1456.09
1472.83
1489.55
1506.33
1523.28
1540.55
1558.10
1574.35
1584.57
1590.70
1593.59
1023.65
1044.21
1064.71
1085.11
1105.41
1125.58
1145.63
1165.52
1185.25
1204.81
1224.19
1243.37
1262.35
1281.13
1299.70
1318.06
1336.20
1354.13
1371.86
1389.39
1406.75
1423.94
1441.00
1457.96
1474.89
1491.84
1508.92
1526.30
1544.26
1563.46
1577.79
1587.33
1593.12
1595.86
1023.89
1044.46
1064.96
1085.36
1105.67
1125.85
1145.90
1165.81
1185.55
1205.12
1224.50
1243.70
1262.69
1281.48
1300.07
1318.44
1336.60
1354.55
1372.30
1389.86
1407.24
1424.47
1441.57
1458.59
1475.58
1492.61
1509.79
1527.31
1545.48
1564.91
1578.86
1588.20
1593.88
1596.57
1023.65
1044.21
1064.70
1085.11
1105.40
1125.58
1145.62
1165.52
1185.25
1204.81
1224.18
1243.37
1262.35
1281.13
1299.70
1318.05
1336.20
1354.13
1371.86
1389.39
1406.74
1423.93
1440.99
1457.96
1474.88
1491.83
1508.91
1526.29
1544.25
1563.45
1577.78
1587.32
1593.11
1595.85
1022.94
1043.48
1063.95
1084.33
1104.61
1124.76
1144.78
1164.65
1184.35
1203.89
1223.23
1242.38
1261.33
1280.07
1298.60
1316.90
1334.99
1352.87
1370.53
1387.98
1405.25
1422.33
1439.27
1456.08
1472.82
1489.53
1506.31
1523.27
1540.53
1558.08
1574.33
1584.56
1590.69
1593.58
1021.75
1042.26
1062.70
1083.04
1103.28
1123.40
1143.38
1163.21
1182.87
1202.35
1221.65
1240.75
1259.64
1278.31
1296.77
1315.00
1333.00
1350.78
1368.33
1385.66
1402.78
1419.69
1436.42
1452.99
1469.43
1485.78
1502.08
1518.41
1534.84
1551.40
1568.24
1579.46
1586.19
1589.37
1020.09
1040.56
1060.95
1081.25
1101.44
1121.50
1141.43
1161.19
1180.80
1200.21
1219.44
1238.46
1257.27
1275.86
1294.22
1312.34
1330.23
1347.87
1365.27
1382.43
1399.35
1416.04
1432.50
1448.75
1464.79
1480.65
1496.35
1511.91
1527.32
1542.58
1557.53
1570.96
1578.80
1582.42
1017.96
1038.37
1058.70
1078.94
1099.07
1119.07
1138.92
1158.62
1178.14
1197.48
1216.61
1235.54
1254.25
1272.73
1290.97
1308.96
1326.70
1344.17
1361.39
1378.34
1395.01
1411.42
1427.55
1443.41
1458.99
1474.29
1489.29
1503.96
1518.26
1532.07
1545.17
1557.02
1567.02
1571.24
1015.37
1035.71
1055.97
1076.13
1096.18
1116.10
1135.87
1155.48
1174.91
1194.15
1213.18
1231.99
1250.58
1268.93
1287.02
1304.85
1322.42
1339.70
1356.70
1373.40
1389.80
1405.89
1421.65
1437.07
1452.14
1466.81
1481.07
1494.83
1507.99
1520.39
1531.73
1541.51
1548.92
1552.77
1012.32
1032.58
1052.75
1072.83
1092.79
1112.61
1132.28
1151.79
1171.11
1190.23
1209.14
1227.83
1246.27
1264.47
1282.40
1300.05
1317.42
1334.48
1351.24
1367.67
1383.76
1399.49
1414.85
1429.81
1444.33
1458.37
1471.87
1484.74
1496.84
1507.98
1517.87
1526.09
1532.08
1535.25
1008.81
1028.98
1049.06
1069.03
1088.89
1108.61
1128.17
1147.55
1166.75
1185.75
1204.52
1223.06
1241.35
1259.37
1277.12
1294.58
1311.72
1328.55
1345.04
1361.17
1376.93
1392.29
1407.23
1421.71
1435.68
1449.09
1461.86
1473.89
1485.03
1495.10
1503.83
1510.90
1515.93
1518.55
1004.86
1024.92
1044.89
1064.75
1084.50
1104.09
1123.53
1142.79
1161.85
1180.70
1199.32
1217.70
1235.82
1253.66
1271.21
1288.45
1305.36
1321.93
1338.14
1353.96
1369.37
1384.35
1398.86
1412.85
1426.28
1439.07
1451.16
1462.42
1472.72
1481.89
1489.70
1495.91
1500.25
1502.49
1000.46
1020.40
1040.26
1060.00
1079.62
1099.08
1118.38
1137.50
1156.42
1175.11
1193.57
1211.77
1229.70
1247.34
1264.68
1281.69
1298.36
1314.66
1330.57
1346.07
1361.13
1375.72
1389.79
1403.31
1416.21
1428.43
1439.88
1450.45
1460.02
1468.43
1475.51
1481.07
1484.90
1486.86
995.63
1015.45
1035.17
1054.78
1074.26
1093.59
1112.74
1131.70
1150.46
1168.98
1187.27
1205.28
1223.02
1240.45
1257.56
1274.33
1290.74
1306.76
1322.38
1337.55
1352.25
1366.45
1380.10
1393.16
1405.55
1417.23
1428.09
1438.05
1446.99
1454.78
1461.26
1466.30
1469.75
1471.50
990.37
1010.05
1029.64
1049.11
1068.44
1087.61
1106.61
1125.41
1143.99
1162.34
1180.44
1198.26
1215.78
1233.00
1249.88
1266.40
1282.54
1298.28
1313.58
1328.43
1342.78
1356.59
1369.83
1382.44
1394.37
1405.54
1415.88
1425.29
1433.68
1440.93
1446.93
1451.56
1454.71
1456.30
984.70
1004.24
1023.67
1042.98
1062.16
1081.17
1100.00
1118.63
1137.03
1155.19
1173.09
1190.71
1208.02
1225.01
1241.64
1257.91
1273.78
1289.23
1304.23
1318.75
1332.75
1346.19
1359.03
1371.22
1382.70
1393.41
1403.27
1412.20
1420.11
1426.92
1432.51
1436.80
1439.71
1441.18
978.62
998.00
1017.28
1036.43
1055.44
1074.28
1092.93
1111.38
1129.59
1147.56
1165.25
1182.66
1199.75
1216.50
1232.89
1248.90
1264.50
1279.66
1294.35
1308.54
1322.20
1335.28
1347.74
1359.53
1370.60
1380.88
1390.31
1398.81
1406.31
1412.72
1417.97
1421.98
1424.70
1426.06
972.14
991.36
1010.47
1029.45
1048.28
1066.94
1085.41
1103.67
1121.69
1139.45
1156.94
1174.12
1190.98
1207.50
1223.64
1239.39
1254.71
1269.58
1283.97
1297.85
1311.17
1323.90
1336.00
1347.41
1358.09
1367.98
1377.02
1385.14
1392.27
1398.35
1403.31
1407.09
1409.63
1410.91
965.28
984.32
1003.26
1022.06
1040.71
1059.18
1077.46
1095.52
1113.34
1130.89
1148.16
1165.12
1181.75
1198.02
1213.91
1229.40
1244.44
1259.03
1273.12
1286.69
1299.69
1312.08
1323.83
1334.90
1345.22
1354.75
1363.43
1371.20
1378.01
1383.80
1388.51
1392.08
1394.49
1395.70
958.04
976.90
995.65
1014.27
1032.73
1051.01
1069.09
1086.94
1104.55
1121.89
1138.94
1155.67
1172.06
1188.09
1203.73
1218.95
1233.73
1248.03
1261.83
1275.09
1287.78
1299.85
1311.28
1322.01
1331.99
1341.19
1349.55
1357.02
1363.54
1369.07
1373.55
1376.96
1379.24
1380.39
950.44
969.11
987.67
1006.09
1024.36
1042.44
1060.31
1077.96
1095.35
1112.47
1129.29
1145.79
1161.95
1177.73
1193.11
1208.07
1222.58
1236.60
1250.12
1263.08
1275.47
1287.24
1298.35
1308.77
1318.45
1327.34
1335.40
1342.59
1348.85
1354.15
1358.44
1361.70
1363.88
1364.97
942.49
960.96
979.32
997.55
1015.60
1033.48
1051.14
1068.57
1085.75
1102.65
1119.24
1135.50
1151.42
1166.95
1182.08
1196.78
1211.02
1224.78
1238.01
1250.69
1262.79
1274.26
1285.08
1295.21
1304.59
1313.20
1321.00
1327.93
1333.96
1339.05
1343.17
1346.29
1348.38
1349.43
934.19
952.47
970.62
988.64
1006.49
1024.15
1041.60
1058.81
1075.76
1092.43
1108.79
1124.82
1140.49
1155.78
1170.66
1185.10
1199.08
1212.57
1225.53
1237.93
1249.75
1260.95
1271.49
1281.33
1290.45
1298.80
1306.34
1313.04
1318.86
1323.77
1327.73
1330.73
1332.74
1333.74
925.57
943.64
961.59
979.39
997.02
1014.47
1031.70
1048.69
1065.41
1081.85
1097.98
1113.77
1129.20
1144.24
1158.87
1173.06
1186.78
1200.00
1212.69
1224.83
1236.38
1247.31
1257.59
1267.17
1276.03
1284.14
1291.45
1297.94
1303.56
1308.30
1312.13
1315.02
1316.95
1317.92
916.64
934.49
952.22
969.81
987.22
1004.45
1021.45
1038.21
1054.71
1070.92
1086.81
1102.36
1117.55
1132.34
1146.72
1160.66
1174.12
1187.09
1199.53
1211.41
1222.70
1233.37
1243.40
1252.73
1261.36
1269.23
1276.33
1282.62
1288.07
1292.66
1296.36
1299.15
1301.01
1301.95
907.41
925.04
942.55
959.91
977.10
994.10
1010.88
1027.41
1043.67
1059.65
1075.30
1090.61
1105.56
1120.11
1134.24
1147.93
1161.15
1173.86
1186.05
1197.68
1208.72
1219.15
1228.93
1238.04
1246.44
1254.10
1261.00
1267.10
1272.39
1276.83
1280.41
1283.12
1284.92
1285.83
897.90
915.30
932.58
949.72
966.68
983.45
999.99
1016.29
1032.32
1048.06
1063.47
1078.55
1093.25
1107.56
1121.45
1134.89
1147.86
1160.33
1172.28
1183.66
1194.47
1204.66
1214.21
1223.09
1231.28
1238.74
1245.45
1251.39
1256.52
1260.84
1264.31
1266.93
1268.68
1269.56
888.11
905.29
922.34
939.24
955.97
972.50
988.81
1004.88
1020.67
1036.17
1051.35
1066.18
1080.64
1094.71
1108.36
1121.56
1134.29
1146.52
1158.22
1169.38
1179.95
1189.91
1199.25
1207.92
1215.90
1223.18
1229.71
1235.49
1240.48
1244.67
1248.05
1250.59
1252.29
1253.14
878.07
895.01
911.83
928.49
944.99
961.28
977.36
993.18
1008.74
1024.00
1038.94
1053.53
1067.76
1081.58
1094.99
1107.96
1120.45
1132.44
1143.92
1154.84
1165.19
1174.94
1184.06
1192.53
1200.32
1207.41
1213.78
1219.41
1224.27
1228.35
1231.63
1234.10
1235.75
1236.58
867.79
884.49
901.07
917.50
933.75
949.81
965.64
981.23
996.54
1011.56
1026.26
1040.62
1054.60
1068.20
1081.37
1094.10
1106.36
1118.12
1129.37
1140.07
1150.20
1159.74
1168.66
1176.93
1184.54
1191.47
1197.68
1203.16
1207.90
1211.87
1215.07
1217.47
1219.08
1219.88
857.29
873.75
890.08
906.26
922.27
938.09
953.68
969.02
984.10
998.88
1013.34
1027.46
1041.21
1054.56
1067.50
1080.00
1092.03
1103.57
1114.59
1125.08
1135.00
1144.33
1153.06
1161.15
1168.59
1175.35
1181.41
1186.76
1191.38
1195.25
1198.36
1200.70
1202.27
1203.05
846.58
862.79
878.87
894.81
910.58
926.15
941.49
956.60
971.43
985.97
1000.19
1014.07
1027.58
1040.71
1053.41
1065.68
1077.49
1088.81
1099.61
1109.89
1119.61
1128.74
1137.28
1145.19
1152.46
1159.07
1164.99
1170.21
1174.72
1178.49
1181.53
1183.81
1185.34
1186.10
835.68
851.64
867.47
883.16
898.68
914.00
929.10
943.96
958.55
972.85
986.83
1000.47
1013.75
1026.64
1039.12
1051.16
1062.75
1073.85
1084.45
1094.52
1104.04
1112.98
1121.34
1129.08
1136.19
1142.64
1148.43
1153.53
1157.93
1161.61
1164.57
1166.80
1168.29
1169.03
824.61
840.31
855.89
871.33
886.59
901.67
916.52
931.14
945.48
959.54
973.28
986.69
999.73
1012.39
1024.65
1036.47
1047.83
1058.72
1069.11
1078.98
1088.31
1097.07
1105.25
1112.82
1119.77
1126.08
1131.74
1136.72
1141.02
1144.62
1147.51
1149.69
1151.14
1151.87
813.38
828.83
844.15
859.33
874.34
889.17
903.77
918.14
932.24
946.06
959.56
972.74
985.55
997.98
1010.01
1021.61
1032.76
1043.44
1053.62
1063.30
1072.43
1081.02
1089.02
1096.44
1103.24
1109.41
1114.94
1119.81
1124.01
1127.53
1130.35
1132.48
1133.90
1134.61
802.02
817.20
832.26
847.19
861.95
876.52
890.87
904.99
918.85
932.43
945.69
958.63
971.21
983.42
995.22
1006.61
1017.54
1028.02
1038.01
1047.49
1056.44
1064.85
1072.69
1079.94
1086.60
1092.64
1098.05
1102.81
1106.92
1110.36
1113.12
1115.19
1116.58
1117.27
790.54
805.45
820.26
834.92
849.42
863.74
877.85
891.72
905.33
918.67
931.69
944.40
956.75
968.73
980.31
991.48
1002.21
1012.48
1022.28
1031.57
1040.34
1048.58
1056.25
1063.36
1069.87
1075.78
1081.08
1085.73
1089.75
1093.11
1095.81
1097.84
1099.20
1099.87
778.96
793.61
808.14
822.55
836.79
850.85
864.71
878.33
891.70
904.79
917.59
930.05
942.18
953.94
965.30
976.26
986.78
996.85
1006.45
1015.56
1024.16
1032.22
1039.74
1046.70
1053.08
1058.86
1064.04
1068.60
1072.53
1075.82
1078.45
1080.44
1081.76
1082.43
767.29
781.68
795.95
810.09
824.07
837.88
851.48
864.86
877.98
890.83
903.39
915.63
927.52
939.06
950.21
960.96
971.28
981.15
990.56
999.49
1007.91
1015.81
1023.18
1029.99
1036.24
1041.90
1046.97
1051.43
1055.27
1058.48
1061.07
1063.01
1064.30
1064.95
755.57
769.68
783.69
797.57
811.29
824.84
838.19
851.32
864.20
876.81
889.13
901.13
912.80
924.12
935.06
945.59
955.71
965.40
974.62
983.37
991.62
999.36
1006.58
1013.25
1019.36
1024.91
1029.87
1034.23
1037.99
1041.14
1043.66
1045.56
1046.83
1047.46
743.82
757.65
771.39
785.00
798.47
811.76
824.85
837.73
850.37
862.74
874.82
886.60
898.05
909.14
919.87
930.20
940.12
949.61
958.65
967.22
975.31
982.89
989.96
996.49
1002.48
1007.91
1012.76
1017.04
1020.72
1023.80
1026.27
1028.13
1029.37
1029.99
732.04
745.61
759.07
772.42
785.62
798.65
811.50
824.12
836.51
848.65
860.50
872.05
883.27
894.15
904.67
914.80
924.52
933.82
942.68
951.08
959.00
966.43
973.35
979.75
985.61
990.93
995.68
999.86
1003.47
1006.48
1008.90
1010.72
1011.93
1012.54
720.27
733.56
746.76
759.84
772.78
785.55
798.14
810.52
822.67
834.56
846.18
857.50
868.51
879.17
889.48
899.40
908.93
918.05
926.73
934.96
942.72
950.00
956.78
963.04
968.78
973.99
978.64
982.74
986.26
989.21
991.58
993.36
994.55
995.14
708.53
721.54
734.47
747.28
759.96
772.48
784.81
796.94
808.85
820.51
831.89
842.99
853.77
864.22
874.32
884.05
893.39
902.32
910.83
918.89
926.49
933.62
940.26
946.40
952.02
957.11
961.67
965.68
969.13
972.02
974.33
976.08
977.24
977.82
696.84
709.58
722.23
734.78
747.19
759.45
771.54
783.42
795.09
806.51
817.66
828.53
839.10
849.34
859.24
868.77
877.92
886.67
895.00
902.90
910.34
917.32
923.83
929.84
935.34
940.33
944.79
948.71
952.09
954.92
957.19
958.89
960.03
960.60
685.22
697.68
710.07
722.35
734.50
746.51
758.34
769.98
781.40
792.59
803.52
814.16
824.52
834.55
844.24
853.58
862.54
871.11
879.27
887.01
894.30
901.14
907.51
913.39
918.78
923.66
928.03
931.87
935.18
937.95
940.17
941.84
942.95
943.51
673.70
685.89
698.01
710.02
721.92
733.66
745.25
756.64
767.83
778.78
789.48
799.91
810.05
819.87
829.37
838.51
847.29
855.68
863.67
871.25
878.39
885.09
891.32
897.09
902.36
907.15
911.42
915.19
918.42
921.13
923.31
924.94
926.03
926.58
662.31
674.22
686.07
697.82
709.46
720.95
732.29
743.44
754.39
765.11
775.58
785.80
795.72
805.34
814.64
823.59
832.19
840.41
848.24
855.65
862.65
869.21
875.31
880.96
886.12
890.81
894.99
898.68
901.85
904.50
906.63
908.23
909.30
909.83
651.06
662.71
674.29
685.78
697.16
708.40
719.49
730.40
741.11
751.60
761.86
771.86
781.57
790.99
800.09
808.86
817.28
825.33
832.99
840.25
847.10
853.53
859.50
865.03
870.09
874.68
878.78
882.38
885.49
888.08
890.17
891.73
892.78
893.30
639.99
651.37
662.69
673.92
685.04
696.03
706.88
717.55
728.03
738.30
748.33
758.12
767.63
776.85
785.76
794.34
802.58
810.47
817.97
825.08
831.79
838.08
843.93
849.34
854.30
858.79
862.80
866.33
869.37
871.91
873.96
875.49
876.51
877.02
629.13
640.24
651.29
662.26
673.14
683.88
694.49
704.93
715.18
725.22
735.04
744.62
753.92
762.95
771.67
780.07
788.14
795.86
803.20
810.17
816.74
822.89
828.63
833.92
838.78
843.17
847.10
850.56
853.54
856.03
858.03
859.53
860.53
861.03
618.49
629.34
640.13
650.85
661.48
671.98
682.35
692.55
702.58
712.41
722.01
731.38
740.49
749.32
757.86
766.09
773.99
781.54
788.73
795.55
801.98
808.01
813.63
818.81
823.57
827.87
831.72
835.11
838.02
840.46
842.42
843.89
844.87
845.36
608.11
618.70
629.24
639.71
650.09
660.36
670.49
680.47
690.28
699.89
709.28
718.45
727.36
736.01
744.36
752.42
760.15
767.55
774.59
781.27
787.56
793.47
798.97
804.05
808.70
812.92
816.69
820.00
822.86
825.25
827.17
828.61
829.57
830.05
598.01
608.35
618.64
628.87
639.01
649.04
658.95
668.70
678.29
687.69
696.89
705.85
714.58
723.04
731.22
739.10
746.67
753.91
760.81
767.35
773.52
779.30
784.68
789.66
794.22
798.35
802.04
805.29
808.09
810.43
812.31
813.72
814.66
815.13
588.23
598.32
608.37
618.35
628.26
638.06
647.75
657.29
666.66
675.86
684.85
693.63
702.17
710.45
718.46
726.17
733.59
740.68
747.43
753.84
759.88
765.54
770.82
775.70
780.16
784.21
787.83
791.01
793.75
796.05
797.89
799.27
800.19
800.65
578.78
588.63
598.45
608.20
617.88
627.46
636.93
646.25
655.43
664.42
673.22
681.81
690.17
698.27
706.12
713.68
720.94
727.88
734.50
740.77
746.69
752.24
757.41
762.19
766.57
770.54
774.08
777.20
779.89
782.14
783.94
785.30
786.20
786.65
569.71
579.33
588.91
598.44
607.90
617.26
626.52
635.64
644.61
653.42
662.03
670.44
678.62
686.56
694.24
701.64
708.76
715.56
722.05
728.20
734.00
739.44
744.50
749.19
753.48
757.37
760.85
763.91
766.54
768.75
770.51
771.84
772.73
773.17
561.04
570.42
579.78
589.10
598.34
607.50
616.55
625.48
634.26
642.88
651.31
659.54
667.56
675.33
682.86
690.11
697.09
703.76
710.11
716.14
721.83
727.17
732.14
736.73
740.94
744.75
748.16
751.17
753.75
755.91
757.65
758.95
759.82
760.26
552.78
561.96
571.10
580.21
589.25
598.21
607.07
615.80
624.40
632.84
641.10
649.16
657.02
664.64
672.02
679.13
685.96
692.51
698.74
704.66
710.24
715.47
720.35
724.85
728.98
732.73
736.08
739.02
741.56
743.68
745.38
746.66
747.52
747.94
544.99
553.95
562.90
571.80
580.65
589.42
598.09
606.65
615.07
623.34
631.43
639.34
647.04
654.51
661.75
668.73
675.43
681.85
687.97
693.78
699.25
704.39
709.18
713.61
717.66
721.34
724.62
727.52
730.01
732.09
733.77
735.02
735.86
736.28
537.67
546.44
555.19
563.91
572.57
581.16
589.66
598.04
606.30
614.41
622.35
630.10
637.66
644.99
652.09
658.94
665.53
671.83
677.84
683.54
688.92
693.97
698.68
703.02
707.01
710.62
713.85
716.70
719.14
721.19
722.84
724.07
724.90
725.31
530.85
539.44
548.01
556.55
565.04
573.47
581.80
590.02
598.12
606.08
613.87
621.49
628.91
636.11
643.09
649.82
656.29
662.49
668.39
674.00
679.29
684.25
688.88
693.15
697.07
700.62
703.80
706.60
709.01
711.02
712.64
713.86
714.67
715.07
524.57
532.98
541.39
549.77
558.10
566.36
574.54
582.62
590.58
598.39
606.05
613.53
620.83
627.91
634.77
641.39
647.76
653.85
659.66
665.18
670.38
675.27
679.82
684.03
687.89
691.39
694.51
697.27
699.64
701.62
703.22
704.41
705.21
705.61
