521.40
529.81
538.22
546.61
554.95
563.23
571.43
579.53
587.50
595.35
603.03
610.55
617.87
624.99
631.88
638.53
644.93
651.06
656.90
662.45
667.69
672.60
677.18
681.42
685.30
688.82
691.97
694.75
697.13
699.13
700.74
701.94
702.75
703.15
527.74
536.33
544.91
553.47
561.97
570.41
578.77
587.02
595.15
603.13
610.96
618.61
626.06
633.30
640.31
647.08
653.59
659.82
665.76
671.40
676.73
681.72
686.38
690.68
694.63
698.21
701.41
704.23
706.65
708.68
710.31
711.54
712.36
712.76
534.62
543.40
552.16
560.90
569.58
578.20
586.72
595.14
603.42
611.57
619.54
627.34
634.93
642.30
649.45
656.34
662.96
669.30
675.35
681.09
686.51
691.59
696.33
700.71
704.72
708.36
711.62
714.48
716.95
719.02
720.67
721.92
722.75
723.17
542.00
550.98
559.95
568.88
577.75
586.55
595.25
603.84
612.30
620.61
628.75
636.69
644.44
651.96
659.24
666.26
673.01
679.47
685.63
691.48
696.99
702.17
706.99
711.45
715.54
719.25
722.56
725.48
727.99
730.09
731.77
733.04
733.89
734.31
549.88
559.07
568.24
577.37
586.45
595.44
604.33
613.11
621.75
630.23
638.54
646.65
654.55
662.22
669.64
676.81
683.69
690.28
696.56
702.52
708.14
713.41
718.33
722.87
727.04
730.81
734.19
737.16
739.72
741.86
743.57
744.87
745.73
746.16
558.20
567.62
577.01
586.35
595.64
604.84
613.93
622.90
631.73
640.40
648.88
657.16
665.23
673.06
680.64
687.94
694.97
701.69
708.09
714.17
719.90
725.28
730.29
734.93
739.17
743.02
746.46
749.49
752.10
754.28
756.03
757.34
758.22
758.66
566.96
576.61
586.22
595.79
605.29
614.71
624.01
633.18
642.21
651.07
659.73
668.20
676.44
684.43
692.17
699.63
706.80
713.66
720.20
726.40
732.25
737.74
742.85
747.57
751.90
755.83
759.34
762.42
765.08
767.31
769.09
770.44
771.33
771.78
576.12
586.00
595.86
605.66
615.39
625.02
634.54
643.92
653.15
662.21
671.07
679.72
688.14
696.31
704.21
711.83
719.15
726.15
732.83
739.16
745.13
750.73
755.95
760.77
765.19
769.19
772.77
775.92
778.63
780.90
782.73
784.09
785.01
785.46
585.65
595.78
605.88
615.92
625.88
635.74
645.48
655.08
664.52
673.78
682.84
691.69
700.29
708.64
716.71
724.50
731.97
739.13
745.94
752.41
758.50
764.22
769.55
774.47
778.98
783.07
786.72
789.94
792.71
795.02
796.88
798.28
799.21
799.68
595.52
605.91
616.26
626.54
636.74
646.84
656.81
666.63
676.29
685.76
695.03
704.07
712.86
721.39
729.64
737.60
745.23
752.54
759.50
766.11
772.33
778.17
783.61
788.64
793.24
797.41
801.15
804.43
807.25
809.62
811.52
812.94
813.90
814.37
605.71
616.36
626.96
637.50
647.94
658.28
668.48
678.54
688.42
698.10
707.58
716.82
725.81
734.53
742.96
751.09
758.89
766.36
773.47
780.22
786.58
792.54
798.09
803.23
807.93
812.19
816.00
819.35
822.24
824.66
826.59
828.05
829.02
829.51
616.19
627.10
637.96
648.75
659.45
670.03
680.47
690.76
700.87
710.77
720.46
729.91
739.10
748.02
756.63
764.94
772.91
780.54
787.81
794.70
801.20
807.29
812.96
818.20
823.01
827.36
831.25
834.68
837.62
840.09
842.07
843.56
844.55
845.04
626.92
638.10
649.23
660.28
671.23
682.06
692.75
703.27
713.61
723.74
733.65
743.31
752.70
761.81
770.62
779.11
787.26
795.05
802.48
809.51
816.15
822.37
828.17
833.53
838.43
842.88
846.85
850.35
853.36
855.88
857.90
859.42
860.44
860.94
637.89
649.34
660.74
672.05
683.26
694.34
705.28
716.04
726.61
736.97
747.10
756.98
766.58
775.89
784.89
793.56
801.89
809.85
817.44
824.63
831.41
837.77
843.69
849.16
854.17
858.71
862.77
866.35
869.42
871.99
874.06
875.61
876.65
877.16
649.06
660.79
672.46
684.03
695.50
706.84
718.02
729.03
739.84
750.43
760.79
770.88
780.69
790.21
799.41
808.27
816.78
824.91
832.66
840.00
846.93
853.43
859.47
865.06
870.18
874.82
878.97
882.62
885.76
888.39
890.50
892.09
893.15
893.67
660.41
672.42
684.35
696.20
707.93
719.53
730.96
742.22
753.27
764.09
774.67
784.99
795.02
804.74
814.14
823.19
831.88
840.19
848.11
855.61
862.69
869.32
875.50
881.21
886.44
891.18
895.42
899.15
902.36
905.04
907.20
908.82
909.90
910.44
671.91
684.19
696.41
708.52
720.52
732.38
744.06
755.57
766.86
777.92
788.73
799.27
809.52
819.45
829.05
838.29
847.17
855.66
863.74
871.41
878.64
885.41
891.72
897.56
902.90
907.74
912.07
915.88
919.16
921.91
924.11
925.76
926.87
927.42
683.53
696.10
708.59
720.98
733.24
745.35
757.30
769.05
780.59
791.89
802.93
813.70
824.16
834.30
844.11
853.55
862.62
871.29
879.54
887.37
894.75
901.68
908.12
914.08
919.54
924.49
928.91
932.80
936.15
938.96
941.20
942.90
944.02
944.59
695.26
708.10
720.87
733.53
746.06
758.44
770.64
782.64
794.43
805.97
817.24
828.24
838.92
849.28
859.29
868.93
878.19
887.04
895.47
903.47
911.01
918.08
924.66
930.75
936.32
941.38
945.90
949.87
953.29
956.16
958.46
960.19
961.34
961.91
707.05
720.18
733.23
746.16
758.96
771.60
784.06
796.31
808.34
820.13
831.64
842.86
853.77
864.34
874.56
884.40
893.85
902.89
911.50
919.67
927.37
934.59
941.31
947.53
953.22
958.38
963.00
967.06
970.56
973.49
975.84
977.60
978.78
979.37
718.90
732.31
745.63
758.84
771.90
784.81
797.53
810.04
822.32
834.34
846.09
857.54
868.67
879.46
889.89
899.94
909.59
918.82
927.61
935.94
943.80
951.18
958.04
964.39
970.21
975.49
980.20
984.35
987.93
990.92
993.32
995.12
996.33
996.93
730.78
744.47
758.07
771.54
784.88
798.05
811.02
823.79
836.32
848.58
860.57
872.25
883.61
894.62
905.27
915.52
925.37
934.79
943.76
952.27
960.29
967.82
974.84
981.32
987.26
992.65
997.47
1001.71
1005.36
1008.42
1010.87
1012.72
1013.95
1014.56
742.67
756.63
770.51
784.25
797.86
811.29
824.52
837.54
850.32
862.83
875.06
886.97
898.56
909.79
920.65
931.11
941.16
950.77
959.93
968.61
976.81
984.50
991.66
998.28
1004.35
1009.86
1014.78
1019.11
1022.84
1025.97
1028.47
1030.36
1031.62
1032.25
754.53
768.78
782.92
796.94
810.81
824.50
838.00
851.27
864.30
877.06
889.52
901.67
913.49
924.94
936.02
946.69
956.94
966.75
976.10
984.96
993.33
1001.17
1008.49
1015.25
1021.45
1027.08
1032.11
1036.54
1040.35
1043.54
1046.11
1048.03
1049.32
1049.96
766.36
780.88
795.30
809.59
823.72
837.68
851.43
864.96
878.23
891.24
903.94
916.33
928.38
940.06
951.35
962.24
972.69
982.70
992.24
1001.28
1009.82
1017.83
1025.30
1032.21
1038.55
1044.29
1049.43
1053.96
1057.86
1061.12
1063.74
1065.71
1067.03
1067.68
778.12
792.92
807.61
822.17
836.57
850.78
864.79
878.57
892.10
905.35
918.30
930.92
943.20
955.11
966.62
977.72
988.39
998.59
1008.32
1017.56
1026.27
1034.45
1042.08
1049.14
1055.61
1061.48
1066.73
1071.36
1075.35
1078.68
1081.36
1083.38
1084.72
1085.40
789.81
804.88
819.84
834.66
849.32
863.80
878.07
892.10
905.88
919.37
932.56
945.43
957.93
970.07
981.81
993.12
1004.00
1014.41
1024.34
1033.76
1042.66
1051.01
1058.80
1066.01
1072.62
1078.62
1083.99
1088.72
1092.80
1096.21
1098.95
1101.01
1102.39
1103.08
801.40
816.73
831.96
847.05
861.97
876.71
891.23
905.52
919.54
933.28
946.72
959.82
972.56
984.93
996.89
1008.42
1019.51
1030.13
1040.26
1049.88
1058.96
1067.49
1075.44
1082.81
1089.56
1095.70
1101.19
1106.02
1110.19
1113.69
1116.49
1118.60
1120.01
1120.71
812.86
828.47
843.96
859.31
874.49
889.48
904.26
918.80
933.08
947.06
960.74
974.08
987.06
999.65
1011.84
1023.60
1034.91
1045.74
1056.07
1065.88
1075.15
1083.86
1091.99
1099.51
1106.42
1112.69
1118.30
1123.25
1127.52
1131.09
1133.96
1136.12
1137.56
1138.28
824.19
840.06
855.81
871.42
886.86
902.11
917.14
931.93
946.45
960.69
974.61
988.19
1001.40
1014.23
1026.65
1038.63
1050.16
1061.20
1071.74
1081.76
1091.22
1100.11
1108.41
1116.11
1123.17
1129.58
1135.32
1140.38
1144.75
1148.41
1151.35
1153.56
1155.04
1155.77
835.36
851.49
867.50
883.36
899.06
914.56
929.85
944.89
959.66
974.14
988.30
1002.12
1015.58
1028.64
1041.29
1053.50
1065.25
1076.51
1087.26
1097.48
1107.14
1116.23
1124.71
1132.57
1139.79
1146.35
1152.23
1157.41
1161.88
1165.63
1168.64
1170.91
1172.42
1173.18
846.36
862.74
879.01
895.12
911.07
926.83
942.36
957.65
972.67
987.40
1001.80
1015.86
1029.56
1042.86
1055.74
1068.18
1080.16
1091.64
1102.61
1113.04
1122.90
1132.18
1140.85
1148.89
1156.28
1162.99
1169.01
1174.32
1178.90
1182.74
1185.83
1188.15
1189.70
1190.48
857.16
873.80
890.31
906.68
922.88
938.89
954.67
970.20
985.47
1000.44
1015.09
1029.39
1043.33
1056.87
1069.99
1082.66
1094.87
1106.58
1117.77
1128.41
1138.49
1147.97
1156.83
1165.05
1172.61
1179.48
1185.65
1191.09
1195.79
1199.72
1202.89
1205.28
1206.87
1207.67
867.76
884.64
901.40
918.02
934.47
950.72
966.75
982.53
998.04
1013.25
1028.15
1042.69
1056.87
1070.65
1084.01
1096.92
1109.36
1121.30
1132.72
1143.58
1153.87
1163.56
1172.62
1181.04
1188.77
1195.81
1202.13
1207.71
1212.53
1216.58
1219.83
1222.28
1223.91
1224.73
878.12
895.25
912.26
929.12
945.81
962.30
978.58
994.60
1010.36
1025.82
1040.95
1055.74
1070.16
1084.19
1097.79
1110.94
1123.61
1135.79
1147.44
1158.53
1169.04
1178.95
1188.22
1196.83
1204.76
1211.97
1218.46
1224.18
1229.13
1233.28
1236.63
1239.15
1240.83
1241.67
888.25
905.62
922.87
939.97
956.90
973.63
990.14
1006.41
1022.41
1038.11
1053.49
1068.53
1083.19
1097.46
1111.30
1124.69
1137.61
1150.03
1161.91
1173.24
1183.98
1194.11
1203.60
1212.42
1220.55
1227.95
1234.60
1240.48
1245.57
1249.84
1253.28
1255.87
1257.60
1258.47
898.12
915.72
933.21
950.54
967.71
984.68
1001.43
1017.94
1034.17
1050.12
1065.74
1081.02
1095.93
1110.44
1124.53
1138.17
1151.34
1164.00
1176.13
1187.70
1198.68
1209.04
1218.76
1227.79
1236.13
1243.72
1250.56
1256.61
1261.84
1266.24
1269.78
1272.45
1274.24
1275.13
907.72
925.55
943.26
960.83
978.23
995.43
1012.42
1029.16
1045.64
1061.82
1077.69
1093.21
1108.36
1123.12
1137.46
1151.35
1164.77
1177.68
1190.06
1201.88
1213.11
1223.71
1233.67
1242.93
1251.49
1259.29
1266.32
1272.55
1277.94
1282.47
1286.13
1288.88
1290.73
1291.65
917.03
935.08
953.02
970.81
988.44
1005.87
1023.09
1040.07
1056.78
1073.20
1089.31
1105.08
1120.48
1135.48
1150.08
1164.22
1177.89
1191.06
1203.70
1215.77
1227.26
1238.11
1248.32
1257.82
1266.61
1274.64
1281.88
1288.29
1293.85
1298.54
1302.31
1305.16
1307.07
1308.03
926.03
944.31
962.46
980.48
998.33
1015.99
1033.43
1050.64
1067.58
1084.24
1100.59
1116.60
1132.25
1147.50
1162.35
1176.75
1190.68
1204.11
1217.02
1229.36
1241.11
1252.23
1262.69
1272.45
1281.49
1289.75
1297.21
1303.83
1309.58
1314.43
1318.34
1321.29
1323.27
1324.26
934.72
953.21
971.58
989.81
1007.88
1025.76
1043.43
1060.86
1078.03
1094.93
1111.51
1127.76
1143.66
1159.17
1174.26
1188.93
1203.12
1216.82
1230.00
1242.61
1254.64
1266.04
1276.77
1286.81
1296.10
1304.62
1312.33
1319.17
1325.12
1330.14
1334.20
1337.27
1339.33
1340.35
943.08
961.78
980.35
998.79
1017.07
1035.17
1053.05
1070.71
1088.11
1105.23
1122.05
1138.55
1154.68
1170.45
1185.80
1200.73
1215.19
1229.17
1242.62
1255.52
1267.83
1279.52
1290.54
1300.87
1310.45
1319.24
1327.20
1334.29
1340.47
1345.68
1349.90
1353.10
1355.24
1356.32
951.10
969.99
988.77
1007.41
1025.90
1044.20
1062.30
1080.18
1097.80
1115.15
1132.20
1148.93
1165.32
1181.33
1196.94
1212.13
1226.87
1241.12
1254.87
1268.06
1280.67
1292.66
1303.99
1314.62
1324.50
1333.59
1341.83
1349.19
1355.61
1361.04
1365.45
1368.79
1371.03
1372.16
958.77
977.85
996.82
1015.66
1034.34
1052.85
1071.16
1089.24
1107.08
1124.66
1141.94
1158.90
1175.53
1191.79
1207.67
1223.12
1238.14
1252.67
1266.71
1280.20
1293.12
1305.43
1317.08
1328.04
1338.24
1347.65
1356.21
1363.86
1370.56
1376.23
1380.85
1384.35
1386.70
1387.89
966.06
985.33
1004.48
1023.51
1042.39
1061.09
1079.60
1097.89
1115.95
1133.74
1151.24
1168.44
1185.31
1201.82
1217.95
1233.67
1248.96
1263.79
1278.13
1291.93
1305.18
1317.81
1329.81
1341.11
1351.66
1361.42
1370.32
1378.30
1385.30
1391.25
1396.10
1399.79
1402.27
1403.52
972.98
992.42
1011.75
1030.96
1050.03
1068.92
1087.62
1106.11
1124.37
1142.37
1160.10
1177.52
1194.63
1211.38
1227.77
1243.76
1259.33
1274.45
1289.09
1303.22
1316.80
1329.78
1342.13
1353.80
1364.73
1374.87
1384.14
1392.49
1399.83
1406.10
1411.22
1415.13
1417.77
1419.09
979.51
999.11
1018.62
1038.00
1057.24
1076.31
1095.20
1113.89
1132.34
1150.55
1168.49
1186.13
1203.47
1220.47
1237.11
1253.37
1269.22
1284.63
1299.58
1314.04
1327.96
1341.30
1354.03
1366.09
1377.43
1387.97
1397.66
1406.42
1414.16
1420.79
1426.23
1430.39
1433.21
1434.63
985.64
1005.40
1025.06
1044.61
1064.01
1083.26
1102.33
1121.20
1139.84
1158.25
1176.39
1194.25
1211.81
1229.05
1245.94
1262.46
1278.59
1294.30
1309.57
1324.35
1338.63
1352.35
1365.47
1377.94
1389.72
1400.71
1410.86
1420.08
1428.26
1435.32
1441.13
1445.60
1448.63
1450.17
991.35
1011.26
1031.08
1050.78
1070.34
1089.75
1108.99
1128.03
1146.86
1165.45
1183.80
1201.87
1219.64
1237.11
1254.25
1271.03
1287.43
1303.44
1319.01
1334.14
1348.77
1362.87
1376.41
1389.33
1401.56
1413.05
1423.71
1433.44
1442.14
1449.69
1455.95
1460.79
1464.09
1465.77
996.65
1016.69
1036.65
1056.50
1076.21
1095.78
1115.17
1134.38
1153.38
1172.15
1190.68
1208.95
1226.94
1244.63
1262.00
1279.03
1295.71
1312.00
1327.89
1343.35
1358.35
1372.85
1386.81
1400.19
1412.92
1424.94
1436.16
1446.48
1455.77
1463.90
1470.70
1476.01
1479.65
1481.50
1001.51
1021.69
1041.77
1061.75
1081.61
1101.32
1120.86
1140.22
1159.38
1178.32
1197.03
1215.49
1233.68
1251.58
1269.17
1286.45
1303.39
1319.97
1336.16
1351.96
1367.32
1382.22
1396.62
1410.48
1423.74
1436.33
1448.17
1459.15
1469.13
1477.96
1485.42
1491.31
1495.39
1497.48
1005.94
1026.23
1046.44
1066.54
1086.52
1106.36
1126.04
1145.55
1164.86
1183.96
1202.83
1221.46
1239.84
1257.94
1275.75
1293.26
1310.45
1327.30
1343.80
1359.92
1375.64
1390.94
1405.79
1420.14
1433.95
1447.15
1459.67
1471.39
1482.17
1491.82
1500.12
1506.76
1511.43
1513.85
1009.93
1030.32
1050.64
1070.85
1090.95
1110.91
1130.71
1150.35
1169.80
1189.04
1208.07
1226.86
1245.41
1263.70
1281.71
1299.44
1316.86
1333.97
1350.76
1367.19
1383.27
1398.96
1414.25
1429.10
1443.48
1457.32
1470.56
1483.10
1494.80
1505.46
1514.80
1522.44
1527.94
1530.80
1013.46
1033.95
1054.36
1074.68
1094.88
1114.94
1134.86
1154.61
1174.18
1193.56
1212.72
1231.66
1250.37
1268.83
1287.03
1304.95
1322.60
1339.95
1357.00
1373.74
1390.15
1406.23
1421.95
1437.29
1452.23
1466.73
1480.74
1494.17
1506.91
1518.76
1529.41
1538.42
1545.21
1548.68
1016.53
1037.10
1057.60
1078.00
1098.29
1118.46
1138.47
1158.33
1178.01
1197.50
1216.79
1235.86
1254.70
1273.31
1291.68
1309.79
1327.63
1345.20
1362.50
1379.52
1396.24
1412.67
1428.80
1444.62
1460.12
1475.27
1490.06
1504.43
1518.30
1531.52
1543.80
1554.63
1564.07
1568.12
1019.14
1039.78
1060.35
1080.83
1101.20
1121.44
1141.54
1161.49
1181.26
1200.85
1220.24
1239.43
1258.40
1277.14
1295.65
1313.92
1331.94
1349.71
1367.22
1384.48
1401.49
1418.24
1434.75
1451.01
1467.02
1482.80
1498.35
1513.66
1528.71
1543.42
1557.49
1570.07
1577.49
1580.94
1021.28
1041.98
1062.61
1083.15
1103.58
1123.89
1144.06
1164.08
1183.93
1203.61
1223.09
1242.37
1261.44
1280.29
1298.92
1317.32
1335.49
1353.43
1371.13
1388.60
1405.85
1422.89
1439.72
1456.36
1472.85
1489.19
1505.44
1521.62
1537.80
1553.98
1569.59
1579.97
1586.27
1589.26
1022.95
1043.70
1064.37
1084.96
1105.44
1125.81
1146.03
1166.11
1186.02
1205.76
1225.31
1244.66
1263.82
1282.76
1301.48
1319.99
1338.28
1356.34
1374.20
1391.84
1409.29
1426.55
1443.65
1460.62
1477.49
1494.31
1511.13
1528.06
1545.30
1563.49
1577.13
1586.32
1591.93
1594.61
1024.14
1044.92
1065.63
1086.26
1106.77
1127.17
1147.44
1167.56
1187.51
1207.30
1226.90
1246.31
1265.52
1284.53
1303.32
1321.91
1340.28
1358.44
1376.41
1394.18
1411.77
1429.20
1446.50
1463.71
1480.87
1498.04
1515.29
1532.72
1550.48
1568.93
1581.72
1590.24
1595.44
1597.92
1024.86
1045.66
1066.39
1087.03
1107.57
1128.00
1148.28
1168.43
1188.41
1208.22
1227.86
1247.30
1266.54
1285.59
1304.43
1323.06
1341.48
1359.71
1377.74
1395.58
1413.26
1430.80
1448.23
1465.58
1482.92
1500.31
1517.82
1535.53
1553.51
1571.86
1584.22
1592.38
1597.37
1599.73
1025.10
1045.90
1066.64
1087.29
1107.84
1128.27
1148.57
1168.72
1188.71
1208.53
1228.17
1247.63
1266.88
1285.94
1304.79
1323.44
1341.88
1360.13
1378.18
1396.05
1413.76
1431.34
1448.80
1466.21
1483.61
1501.07
1518.67
1536.48
1554.53
1572.81
1585.02
1593.07
1597.98
1600.30
1024.86
1045.66
1066.39
1087.03
1107.57
1127.99
1148.28
1168.42
1188.41
1208.22
1227.85
1247.29
1266.54
1285.58
1304.42
1323.05
1341.48
1359.70
1377.73
1395.58
1413.26
1430.80
1448.22
1465.58
1482.91
1500.30
1517.81
1535.52
1553.50
1571.85
1584.22
1592.38
1597.36
1599.73
1024.14
1044.92
1065.63
1086.25
1106.77
1127.17
1147.43
1167.55
1187.51
1207.29
1226.89
1246.30
1265.51
1284.52
1303.31
1321.90
1340.27
1358.44
1376.40
1394.17
1411.76
1429.19
1446.49
1463.70
1480.86
1498.02
1515.27
1532.70
1550.46
1568.91
1581.70
1590.23
1595.43
1597.91
1022.94
1043.69
1064.37
1084.95
1105.44
1125.80
1146.02
1166.10
1186.01
1205.75
1225.30
1244.66
1263.81
1282.75
1301.47
1319.98
1338.27
1356.33
1374.19
1391.83
1409.27
1426.54
1443.64
1460.61
1477.47
1494.29
1511.11
1528.03
1545.26
1563.44
1577.09
1586.29
1591.91
1594.59
1021.27
1041.97
1062.60
1083.14
1103.57
1123.88
1144.05
1164.07
1183.92
1203.59
1223.08
1242.36
1261.43
1280.28
1298.91
1317.31
1335.48
1353.41
1371.11
1388.58
1405.83
1422.87
1439.70
1456.34
1472.82
1489.17
1505.41
1521.59
1537.76
1553.93
1569.53
1579.94
1586.24
1589.24
1019.13
1039.77
1060.34
1080.82
1101.19
1121.43
1141.53
1161.47
1181.25
1200.84
1220.23
1239.42
1258.38
1277.13
1295.63
1313.90
1331.92
1349.69
1367.20
1384.46
1401.47
1418.22
1434.72
1450.98
1467.00
1482.77
1498.32
1513.62
1528.67
1543.37
1557.45
1570.03
1577.46
1580.91
1016.52
1037.09
1057.59
1077.99
1098.28
1118.44
1138.46
1158.31
1177.99
1197.48
1216.77
1235.84
1254.69
1273.30
1291.66
1309.77
1327.61
1345.18
1362.48
1379.49
1396.22
1412.64
1428.77
1444.59
1460.08
1475.24
1490.02
1504.39
1518.26
1531.47
1543.75
1554.58
1564.03
1568.07
1013.44
1033.93
1054.35
1074.66
1094.86
1114.93
1134.84
1154.59
1174.16
1193.54
1212.70
1231.64
1250.35
1268.81
1287.00
1304.93
1322.57
1339.93
1356.98
1373.71
1390.12
1406.20
1421.91
1437.26
1452.20
1466.69
1480.70
1494.13
1506.86
1518.71
1529.36
1538.35
1545.13
1548.56
1009.91
1030.31
1050.62
1070.84
1090.93
1110.89
1130.70
1150.33
1169.78
1189.02
1208.05
1226.84
1245.39
1263.67
1281.68
1299.41
1316.83
1333.94
1350.73
1367.16
1383.24
1398.93
1414.22
1429.07
1443.44
1457.28
1470.52
1483.06
1494.75
1505.41
1514.74
1522.37
1527.85
1530.69
1005.92
1026.21
1046.42
1066.52
1086.50
1106.34
1126.02
1145.53
1164.84
1183.93
1202.81
1221.44
1239.81
1257.91
1275.72
1293.23
1310.42
1327.27
1343.76
1359.88
1375.61
1390.91
1405.75
1420.10
1433.91
1447.11
1459.62
1471.34
1482.12
1491.77
1500.06
1506.69
1511.36
1513.76
1001.49
1021.67
1041.75
1061.73
1081.59
1101.29
1120.84
1140.20
1159.36
1178.30
1197.00
1215.46
1233.65
1251.55
1269.14
1286.42
1303.35
1319.93
1336.13
1351.92
1367.28
1382.18
1396.58
1410.44
1423.69
1436.28
1448.12
1459.10
1469.08
1477.90
1485.36
1491.25
1495.32
1497.41
996.63
1016.67
1036.63
1056.47
1076.19
1095.75
1115.14
1134.35
1153.35
1172.12
1190.65
1208.92
1226.91
1244.59
1261.96
1279.00
1295.67
1311.96
1327.85
1343.31
1358.30
1372.80
1386.77
1400.14
1412.87
1424.89
1436.11
1446.43
1455.72
1463.85
1470.64
1475.95
1479.59
1481.44
991.33
1011.24
1031.05
1050.75
1070.32
1089.73
1108.96
1128.00
1146.83
1165.42
1183.76
1201.83
1219.61
1237.08
1254.21
1270.99
1287.39
1303.40
1318.97
1334.09
1348.72
1362.83
1376.36
1389.28
1401.51
1413.00
1423.65
1433.39
1442.09
1449.63
1455.89
1460.73
1464.03
1465.70
985.61
1005.37
1025.03
1044.58
1063.99
1083.23
1102.30
1121.17
1139.81
1158.21
1176.36
1194.22
1211.78
1229.01
1245.90
1262.42
1278.55
1294.26
1309.52
1324.31
1338.58
1352.30
1365.42
1377.89
1389.66
1400.66
1410.81
1420.02
1428.20
1435.25
1441.07
1445.53
1448.57
1450.10
979.48
999.09
1018.59
1037.97
1057.21
1076.28
1095.17
1113.85
1132.31
1150.51
1168.45
1186.10
1203.43
1220.43
1237.07
1253.32
1269.17
1284.59
1299.54
1313.99
1327.91
1341.25
1353.98
1366.04
1377.37
1387.92
1397.61
1406.36
1414.09
1420.73
1426.16
1430.32
1433.14
1434.56
972.95
992.39
1011.72
1030.93
1049.99
1068.89
1087.59
1106.08
1124.33
1142.34
1160.06
1177.48
1194.58
1211.34
1227.73
1243.72
1259.29
1274.41
1289.04
1303.17
1316.74
1329.73
1342.08
1353.74
1364.67
1374.81
1384.08
1392.43
1399.77
1406.04
1411.16
1415.06
1417.70
1419.03
966.03
985.30
1004.45
1023.48
1042.35
1061.06
1079.57
1097.86
1115.91
1133.70
1151.20
1168.40
1185.26
1201.77
1217.90
1233.63
1248.92
1263.74
1278.07
1291.88
1305.12
1317.76
1329.75
1341.05
1351.60
1361.36
1370.25
1378.23
1385.23
1391.18
1396.03
1399.72
1402.21
1403.45
958.74
977.81
996.78
1015.62
1034.31
1052.81
1071.12
1089.20
1107.04
1124.61
1141.89
1158.86
1175.48
1191.75
1207.62
1223.07
1238.08
1252.62
1266.65
1280.15
1293.07
1305.37
1317.02
1327.97
1338.18
1347.59
1356.14
1363.80
1370.49
1376.16
1380.78
1384.28
1386.63
1387.81
951.07
969.96
988.73
1007.38
1025.86
1044.16
1062.26
1080.14
1097.76
1115.11
1132.16
1148.89
1165.27
1181.28
1196.89
1212.08
1226.82
1241.07
1254.81
1268.00
1280.61
1292.60
1303.93
1314.55
1324.43
1333.52
1341.77
1349.12
1355.54
1360.97
1365.38
1368.72
1370.96
1372.08
943.05
961.74
980.31
998.75
1017.03
1035.13
1053.01
1070.67
1088.07
1105.19
1122.01
1138.50
1154.63
1170.39
1185.75
1200.67
1215.14
1229.11
1242.56
1255.46
1267.77
1279.46
1290.48
1300.80
1310.38
1319.17
1327.13
1334.22
1340.39
1345.61
1349.83
1353.03
1355.17
1356.24
934.69
953.17
971.54
989.77
1007.83
1025.71
1043.38
1060.81
1077.99
1094.88
1111.46
1127.71
1143.60
1159.11
1174.21
1188.87
1203.06
1216.76
1229.94
1242.55
1254.57
1265.97
1276.71
1286.74
1296.04
1304.55
1312.25
1319.10
1325.05
1330.07
1334.12
1337.19
1339.25
1340.28
925.99
944.27
962.42
980.44
998.28
1015.94
1033.39
1050.59
1067.54
1084.19
1100.54
1116.55
1132.19
1147.45
1162.29
1176.69
1190.62
1204.05
1216.95
1229.29
1241.04
1252.16
1262.62
1272.39
1281.42
1289.68
1297.14
1303.76
1309.51
1314.35
1318.26
1321.21
1323.19
1324.18
916.99
935.04
952.98
970.77
988.39
1005.83
1023.04
1040.02
1056.73
1073.15
1089.26
1105.02
1120.42
1135.43
1150.02
1164.16
1177.83
1191.00
1203.63
1215.71
1227.19
1238.05
1248.25
1257.75
1266.54
1274.56
1281.80
1288.21
1293.78
1298.46
1302.23
1305.09
1306.99
1307.95
907.68
925.51
943.22
960.78
978.18
995.38
1012.37
1029.11
1045.59
1061.77
1077.63
1093.15
1108.31
1123.07
1137.40
1151.29
1164.71
1177.62
1190.00
1201.81
1213.04
1223.64
1233.59
1242.86
1251.41
1259.22
1266.24
1272.47
1277.86
1282.39
1286.05
1288.80
1290.65
1291.57
898.08
915.68
933.16
950.50
967.66
984.63
1001.38
1017.89
1034.12
1050.06
1065.69
1080.96
1095.87
1110.38
1124.47
1138.11
1151.27
1163.93
1176.06
1187.63
1198.61
1208.97
1218.68
1227.72
1236.05
1243.65
1250.48
1256.53
1261.76
1266.16
1269.70
1272.37
1274.16
1275.05
888.21
905.57
922.82
939.92
956.85
973.58
990.09
1006.36
1022.35
1038.05
1053.43
1068.47
1083.13
1097.39
1111.24
1124.63
1137.55
1149.96
1161.84
1173.17
1183.91
1194.04
1203.53
1212.35
1220.47
1227.87
1234.52
1240.40
1245.49
1249.76
1253.20
1255.79
1257.52
1258.39
878.08
895.21
912.21
929.07
945.76
962.25
978.52
994.55
1010.30
1025.76
1040.89
1055.68
1070.10
1084.12
1097.72
1110.87
1123.55
1135.72
1147.37
1158.46
1168.97
1178.87
1188.14
1196.76
1204.68
1211.90
1218.38
1224.10
1229.05
1233.20
1236.54
1239.06
1240.74
1241.59
867.71
884.59
901.36
917.97
934.42
950.66
966.69
982.47
997.98
1013.19
1028.09
1042.63
1056.81
1070.59
1083.94
1096.85
1109.29
1121.23
1132.64
1143.51
1153.80
1163.48
1172.55
1180.96
1188.70
1195.73
1202.05
1207.63
1212.45
1216.49
1219.74
1222.19
1223.83
1224.65
857.11
873.75
890.26
906.63
922.83
938.83
954.61
970.15
985.41
1000.38
1015.03
1029.33
1043.26
1056.80
1069.92
1082.59
1094.80
1106.51
1117.69
1128.34
1138.41
1147.89
1156.75
1164.97
1172.53
1179.40
1185.56
1191.00
1195.70
1199.64
1202.81
1205.19
1206.78
1207.58
846.31
862.69
878.95
895.07
911.02
926.77
942.30
957.59
972.61
987.33
1001.74
1015.80
1029.49
1042.79
1055.67
1068.11
1080.09
1091.57
1102.53
1112.96
1122.83
1132.10
1140.77
1148.81
1156.19
1162.91
1168.92
1174.23
1178.81
1182.65
1185.74
1188.06
1189.62
1190.39
835.31
851.44
867.45
883.31
899.00
914.50
929.79
944.83
959.60
974.07
988.24
1002.05
1015.51
1028.57
1041.22
1053.43
1065.18
1076.44
1087.19
1097.40
1107.06
1116.15
1124.63
1132.49
1139.71
1146.26
1152.14
1157.33
1161.80
1165.54
1168.55
1170.82
1172.33
1173.09
824.14
840.01
855.76
871.36
886.80
902.05
917.08
931.87
946.39
960.62
974.54
988.12
1001.33
1014.16
1026.58
1038.56
1050.08
1061.13
1071.66
1081.68
1091.14
1100.03
1108.33
1116.02
1123.08
1129.49
1135.24
1140.30
1144.66
1148.32
1151.26
1153.47
1154.95
1155.69
812.81
828.41
843.90
859.25
874.43
889.42
904.20
918.74
933.01
947.00
960.67
974.01
986.99
999.58
1011.77
1023.53
1034.83
1045.66
1055.99
1065.80
1075.07
1083.78
1091.90
1099.43
1106.33
1112.60
1118.22
1123.16
1127.43
1131.00
1133.87
1136.03
1137.47
1138.19
801.34
816.68
831.90
846.99
861.91
876.65
891.17
905.45
919.48
933.22
946.65
959.75
972.49
984.85
996.81
1008.35
1019.44
1030.05
1040.18
1049.80
1058.88
1067.40
1075.36
1082.72
1089.48
1095.61
1101.10
1105.94
1110.10
1113.60
1116.40
1118.51
1119.92
1120.62
789.76
804.82
819.78
834.60
849.26
863.74
878.00
892.04
905.81
919.31
932.49
945.35
957.86
970.00
981.73
993.05
1003.92
1014.33
1024.26
1033.68
1042.58
1050.93
1058.72
1065.92
1072.54
1078.53
1083.90
1088.63
1092.71
1096.12
1098.86
1100.92
1102.30
1102.98
778.07
792.87
807.55
822.11
836.51
850.72
864.73
878.51
892.03
905.28
918.23
930.85
943.13
955.03
966.54
977.64
988.31
998.51
1008.24
1017.47
1026.19
1034.37
1042.00
1049.05
1055.52
1061.39
1066.64
1071.27
1075.26
1078.59
1081.27
1083.29
1084.63
1085.30
766.30
780.82
795.24
809.53
823.66
837.61
851.37
864.89
878.17
891.17
903.87
916.26
928.30
939.98
951.27
962.16
972.61
982.62
992.15
1001.20
1009.74
1017.75
1025.22
1032.13
1038.46
1044.20
1049.34
1053.87
1057.77
1061.03
1063.65
1065.62
1066.93
1067.59
754.48
768.72
782.86
796.88
810.75
824.44
837.93
851.21
864.23
876.99
889.45
901.60
913.41
924.87
935.94
946.61
956.86
966.67
976.01
984.88
993.24
1001.09
1008.40
1015.17
1021.36
1026.99
1032.02
1036.44
1040.26
1043.45
1046.01
1047.94
1049.22
1049.87
742.61
756.58
770.45
784.19
797.79
811.22
824.46
837.47
850.25
862.76
874.98
886.90
898.48
909.71
920.57
931.03
941.08
950.69
959.84
968.53
976.72
984.41
991.57
998.19
1004.26
1009.76
1014.69
1019.02
1022.75
1025.87
1028.38
1030.27
1031.52
1032.15
730.73
744.41
758.01
771.48
784.82
797.98
810.96
823.72
836.25
848.51
860.50
872.18
883.54
894.54
905.19
915.44
925.28
934.70
943.67
952.18
960.21
967.73
974.75
981.23
987.17
992.56
997.38
1001.62
1005.27
1008.32
1010.78
1012.62
1013.85
1014.47
718.85
732.26
745.57
758.78
771.84
784.74
797.46
809.97
822.25
834.27
846.02
857.47
868.60
879.38
889.81
899.86
909.51
918.73
927.52
935.86
943.72
951.09
957.95
964.30
970.12
975.39
980.11
984.26
987.83
990.82
993.22
995.03
996.23
996.83
707.00
720.12
733.17
746.10
758.89
771.53
783.99
796.24
808.27
820.05
831.56
842.78
853.69
864.26
874.48
884.32
893.77
902.81
911.42
919.58
927.28
934.50
941.22
947.44
953.13
958.29
962.91
966.97
970.47
973.39
975.74
977.51
978.69
979.27
695.20
708.04
720.81
733.47
745.99
758.37
770.57
782.57
794.36
805.89
817.17
828.16
838.84
849.20
859.20
868.85
878.10
886.96
895.39
903.38
910.92
917.99
924.57
930.66
936.23
941.28
945.80
949.78
953.20
956.06
958.36
960.09
961.24
961.82
683.47
696.04
708.53
720.91
733.17
745.29
757.23
768.98
780.52
791.82
802.86
813.62
824.08
834.22
844.02
853.47
862.53
871.20
879.46
887.28
894.66
901.58
908.03
913.99
919.45
924.39
928.81
932.70
936.06
938.86
941.11
942.80
943.93
944.49
671.85
684.14
696.35
708.46
720.46
732.31
744.00
755.50
766.79
777.85
788.66
799.19
809.44
819.37
828.96
838.21
847.08
855.57
863.66
871.32
878.55
885.32
891.63
897.47
902.81
907.65
911.98
915.79
919.07
921.81
924.01
925.66
926.77
927.32
660.35
672.36
684.29
696.14
707.87
719.46
730.89
742.15
753.20
764.02
774.60
784.91
794.94
804.66
814.05
823.10
831.79
840.10
848.02
855.52
862.59
869.23
875.41
881.12
886.34
891.08
895.32
899.05
902.26
904.94
907.10
908.72
909.80
910.34
649.00
660.73
672.39
683.97
695.44
706.77
717.95
728.96
739.77
750.36
760.71
770.80
780.62
790.13
799.32
808.18
816.69
824.82
832.57
839.92
846.84
853.33
859.38
864.97
870.09
874.73
878.88
882.53
885.67
888.30
890.40
891.99
893.05
893.58
637.83
649.28
660.68
671.99
683.19
694.27
705.21
715.97
726.54
736.90
747.02
756.90
766.50
775.81
784.81
793.48
801.80
809.77
817.35
824.54
831.32
837.67
843.59
849.07
854.08
858.62
862.68
866.25
869.32
871.90
873.96
875.51
876.55
877.07
626.87
638.05
649.17
660.22
671.17
681.99
692.68
703.20
713.54
723.67
733.57
743.23
752.62
761.73
770.54
779.03
787.17
794.97
802.39
809.42
816.06
822.28
828.08
833.43
838.34
842.78
846.76
850.25
853.26
855.78
857.80
859.32
860.34
860.84
616.13
627.04
637.90
648.69
659.38
669.96
680.40
690.69
700.79
710.70
720.39
729.83
739.02
747.93
756.55
764.86
772.83
780.46
787.72
794.61
801.10
807.19
812.87
818.11
822.91
827.26
831.15
834.58
837.52
839.99
841.97
843.46
844.45
844.94
605.65
616.30
626.90
637.43
647.88
658.21
668.41
678.46
688.34
698.03
707.50
716.74
725.73
734.45
742.88
751.01
758.81
766.27
773.38
780.13
786.48
792.45
798.00
803.13
807.84
812.10
815.91
819.26
822.14
824.56
826.49
827.95
828.92
829.41
595.46
605.85
616.19
626.48
636.68
646.77
656.74
666.56
676.22
685.69
694.95
703.99
712.78
721.31
729.56
737.51
745.15
752.45
759.42
766.02
772.24
778.08
783.52
788.54
793.15
797.32
801.05
804.33
807.16
809.52
811.42
812.84
813.80
814.27
585.59
595.72
605.82
615.85
625.81
635.67
645.41
655.01
664.45
673.71
682.77
691.61
700.21
708.56
716.63
724.41
731.89
739.04
745.85
752.32
758.41
764.13
769.45
774.38
778.88
782.97
786.62
789.84
792.61
794.92
796.78
798.18
799.11
799.58
576.06
585.94
595.80
605.60
615.32
624.95
634.47
643.85
653.08
662.13
670.99
679.64
688.06
696.22
704.13
711.74
719.06
726.06
732.74
739.07
745.04
750.64
755.85
760.67
765.09
769.09
772.67
775.82
778.54
780.80
782.63
783.99
784.91
785.36
566.90
576.55
586.16
595.73
605.23
614.64
623.94
633.11
642.14
650.99
659.66
668.12
676.36
684.35
692.09
699.55
706.71
713.57
720.11
726.31
732.16
737.64
742.75
747.48
751.81
755.73
759.24
762.33
764.99
767.21
768.99
770.34
771.23
771.68
558.15
567.56
576.95
586.29
595.57
604.77
613.86
622.83
631.66
640.32
648.80
657.08
665.15
672.98
680.55
687.86
694.88
701.60
708.01
714.08
719.81
725.19
730.20
734.83
739.08
742.92
746.36
749.39
752.00
754.18
755.93
757.24
758.12
758.56
549.82
559.01
568.18
577.31
586.38
595.37
604.27
613.04
621.68
630.16
638.46
646.57
654.47
662.14
669.56
676.72
683.60
690.19
696.47
702.43
708.05
713.32
718.24
722.78
726.94
730.72
734.09
737.06
739.62
741.76
743.47
744.77
745.63
746.06
541.95
550.93
559.89
568.82
577.69
586.48
595.19
603.77
612.23
620.54
628.67
636.62
644.36
651.88
659.15
666.17
672.92
679.38
685.54
691.39
696.90
702.08
706.90
711.36
715.45
719.15
722.46
725.38
727.89
729.99
731.68
732.94
733.79
734.21
534.56
543.34
552.10
560.84
569.52
578.13
586.65
595.07
603.35
611.49
619.47
627.26
634.85
642.22
649.36
656.25
662.88
669.22
675.26
681.00
686.42
691.50
696.24
700.62
704.63
708.27
711.52
714.39
716.85
718.92
720.57
721.82
722.65
723.07
527.68
536.27
544.85
553.41
561.91
570.35
578.70
586.95
595.08
603.06
610.88
618.53
625.98
633.22
640.23
647.00
653.50
659.73
665.68
671.31
676.64
681.63
686.29
690.59
694.54
698.11
701.31
704.13
706.56
708.58
710.21
711.44
712.26
712.66
521.34
529.76
538.16
546.55
554.89
563.16
571.36
579.46
587.43
595.27
602.96
610.47
617.79
624.91
631.80
638.45
644.84
650.97
656.81
662.36
667.59
672.51
677.09
681.32
685.21
688.73
691.88
694.65
697.04
699.03
700.64
701.84
702.65
703.05
520.31
528.73
537.14
545.53
553.87
562.15
570.36
578.46
586.45
594.29
601.99
609.51
616.85
623.97
630.87
637.54
643.95
650.08
655.94
661.50
666.74
671.67
676.26
680.51
684.40
687.93
691.08
693.86
696.25
698.26
699.86
701.07
701.88
702.28
526.67
535.27
543.85
552.41
560.92
569.36
577.73
585.98
594.12
602.12
609.95
617.61
625.07
632.33
639.35
646.13
652.65
658.89
664.85
670.50
675.83
680.84
685.50
689.82
693.77
697.36
700.57
703.39
705.82
707.86
709.49
710.72
711.54
711.95
533.57
542.35
551.13
559.87
568.56
577.18
585.71
594.13
602.43
610.58
618.57
626.38
633.98
641.37
648.52
655.43
662.07
668.42
674.48
680.23
685.66
690.76
695.51
699.90
703.92
707.57
710.83
713.70
716.18
718.25
719.91
721.16
721.99
722.41
540.98
549.97
558.94
567.87
576.75
585.56
594.27
602.88
611.35
619.67
627.82
635.78
643.53
651.07
658.36
665.40
672.16
678.64
684.81
690.67
696.20
701.39
706.22
710.69
714.79
718.51
721.83
724.75
727.27
729.38
731.07
732.34
733.19
733.61
548.88
558.08
567.26
576.40
585.48
594.48
603.39
612.18
620.83
629.33
637.65
645.77
653.69
661.38
668.82
675.99
682.89
689.50
695.79
701.76
707.40
712.69
717.62
722.17
726.35
730.13
733.52
736.49
739.06
741.21
742.93
744.22
745.09
745.52
557.23
566.65
576.05
585.41
594.70
603.92
613.02
622.01
630.85
639.53
648.03
656.33
664.42
672.26
679.86
687.18
694.22
700.96
707.38
713.47
719.22
724.62
729.64
734.29
738.54
742.40
745.85
748.89
751.50
753.69
755.45
756.77
757.65
758.09
566.01
575.67
585.30
594.88
604.40
613.82
623.14
632.33
641.37
650.25
658.93
667.42
675.67
683.69
691.44
698.92
706.11
712.99
719.54
725.76
731.63
737.13
742.26
746.99
751.34
755.27
758.79
761.89
764.56
766.79
768.58
769.93
770.82
771.27
575.20
585.10
594.96
604.78
614.52
624.17
633.71
643.11
652.36
661.43
670.32
678.98
687.42
695.61
703.54
711.17
718.51
725.54
732.23
738.58
744.57
750.18
755.42
760.25
764.69
768.70
772.29
775.45
778.18
780.45
782.28
783.65
784.57
785.03
584.76
594.91
605.02
615.07
625.05
634.93
644.69
654.32
663.78
673.06
682.14
691.00
699.63
708.00
716.09
723.90
731.40
738.57
745.41
751.89
758.01
763.74
769.08
774.02
778.55
782.65
786.31
789.54
792.32
794.64
796.51
797.91
798.84
799.31
594.66
605.07
615.43
625.73
635.95
646.07
656.06
665.91
675.59
685.08
694.37
703.43
712.25
720.81
729.08
737.06
744.72
752.05
759.03
765.65
771.90
777.76
783.21
788.26
792.88
797.06
800.81
804.10
806.94
809.31
811.21
812.65
813.60
814.08
604.88
615.55
626.17
636.73
647.19
657.55
667.78
677.86
687.76
697.47
706.97
716.24
725.26
734.00
742.46
750.61
758.44
765.93
773.06
779.83
786.21
792.19
797.77
802.92
807.64
811.91
815.74
819.10
822.00
824.42
826.36
827.83
828.80
829.29
615.39
626.32
637.21
648.02
658.74
669.35
679.82
690.13
700.26
710.20
719.91
729.39
738.61
747.55
756.19
764.52
772.52
780.18
787.47
794.38
800.90
807.01
812.70
817.97
822.79
827.15
831.06
834.49
837.45
839.93
841.91
843.41
844.40
844.90
626.16
637.36
648.51
659.59
670.56
681.42
692.14
702.69
713.05
723.21
733.15
742.84
752.26
761.40
770.24
778.75
786.93
794.75
802.20
809.26
815.92
822.17
827.98
833.36
838.28
842.75
846.74
850.25
853.27
855.80
857.83
859.35
860.37
860.88
637.16
648.64
660.06
671.40
682.63
693.75
704.71
715.50
726.11
736.50
746.66
756.56
766.20
775.54
784.57
793.27
801.62
809.62
817.23
824.44
831.25
837.63
843.57
849.06
854.09
858.65
862.73
866.32
869.40
871.99
874.06
875.62
876.66
877.18
648.36
660.12
671.81
683.42
694.92
706.29
717.50
728.54
739.39
750.01
760.40
770.52
780.37
789.92
799.14
808.04
816.57
824.74
832.52
839.89
846.84
853.36
859.43
865.04
870.18
874.84
879.00
882.67
885.82
888.46
890.58
892.17
893.23
893.77
659.75
671.78
683.75
695.63
707.39
719.02
730.49
741.78
752.86
763.72
774.34
784.69
794.75
804.51
813.93
823.02
831.74
840.08
848.03
855.56
862.66
869.32
875.53
881.26
886.51
891.27
895.52
899.27
902.49
905.19
907.35
908.98
910.06
910.61
671.28
683.60
695.84
707.99
720.02
731.91
743.64
755.18
766.51
777.61
788.45
799.03
809.31
819.27
828.91
838.19
847.10
855.62
863.74
871.43
878.69
885.49
891.83
897.68
903.05
907.91
912.26
916.08
919.38
922.13
924.34
926.00
927.11
927.67
682.94
695.54
708.06
720.49
732.79
744.94
756.92
768.71
780.29
791.63
802.71
813.51
824.01
834.19
844.03
853.51
862.61
871.31
879.60
887.46
894.87
901.82
908.30
914.28
919.76
924.73
929.17
933.08
936.44
939.26
941.52
943.22
944.35
944.92
694.70
707.58
720.38
733.08
745.65
758.07
770.31
782.35
794.18
805.76
817.07
828.10
838.83
849.22
859.27
868.95
878.25
887.13
895.60
903.63
911.20
918.30
924.91
931.02
936.62
941.69
946.23
950.23
953.66
956.54
958.85
960.59
961.74
962.32
706.53
719.70
732.78
745.75
758.59
771.27
783.78
796.07
808.15
819.97
831.52
842.79
853.73
864.35
874.61
884.49
893.98
903.05
911.70
919.90
927.63
934.88
941.63
947.88
953.60
958.78
963.42
967.50
971.01
973.95
976.31
978.08
979.27
979.86
718.42
731.87
745.23
758.48
771.58
784.53
797.29
809.85
822.17
834.24
846.03
857.52
868.70
879.53
890.00
900.09
909.78
919.04
927.87
936.24
944.14
951.54
958.44
964.82
970.66
975.96
980.69
984.86
988.45
991.46
993.87
995.68
996.89
997.50
730.33
744.07
757.70
771.22
784.60
797.81
810.84
823.65
836.22
848.53
860.57
872.29
883.70
894.75
905.44
915.73
925.62
935.08
944.09
952.63
960.70
968.26
975.30
981.82
987.79
993.20
998.04
1002.30
1005.97
1009.04
1011.50
1013.35
1014.59
1015.21
742.25
756.27
770.18
783.97
797.62
811.10
824.38
837.45
850.27
862.83
875.11
887.07
898.70
909.98
920.88
931.39
941.48
951.13
960.33
969.05
977.28
985.00
992.20
998.85
1004.95
1010.48
1015.42
1019.78
1023.53
1026.67
1029.19
1031.08
1032.34
1032.97
754.15
768.45
782.64
796.70
810.62
824.36
837.91
851.23
864.31
877.11
889.63
901.83
913.69
925.19
936.31
947.03
957.32
967.17
976.56
985.47
993.87
1001.75
1009.10
1015.90
1022.13
1027.78
1032.83
1037.28
1041.11
1044.32
1046.89
1048.83
1050.12
1050.77
766.02
780.59
795.05
809.39
823.57
837.58
851.39
864.96
878.29
891.35
904.10
916.54
928.63
940.36
951.70
962.64
973.14
983.19
992.77
1001.86
1010.43
1018.48
1025.99
1032.93
1039.29
1045.07
1050.23
1054.78
1058.70
1061.98
1064.61
1066.59
1067.91
1068.57
777.82
792.67
807.40
822.01
836.46
850.73
864.80
878.63
892.21
905.51
918.51
931.19
943.51
955.47
967.03
978.18
988.89
999.15
1008.92
1018.20
1026.95
1035.17
1042.84
1049.93
1056.43
1062.33
1067.61
1072.26
1076.26
1079.62
1082.31
1084.34
1085.69
1086.36
789.54
804.66
819.67
834.55
849.26
863.79
878.11
892.20
906.03
919.58
932.83
945.74
958.30
970.49
982.28
993.65
1004.57
1015.03
1025.00
1034.47
1043.41
1051.80
1059.63
1066.87
1073.52
1079.54
1084.94
1089.70
1093.79
1097.22
1099.98
1102.05
1103.43
1104.12
801.16
816.55
831.83
846.97
861.95
876.74
891.32
905.67
919.75
933.55
947.03
960.19
972.99
985.40
997.42
1009.01
1020.15
1030.81
1040.99
1050.65
1059.78
1068.35
1076.34
1083.74
1090.53
1096.69
1102.21
1107.07
1111.26
1114.77
1117.59
1119.71
1121.13
1121.84
812.66
828.32
843.87
859.27
874.51
889.56
904.40
918.99
933.33
947.37
961.11
974.50
987.54
1000.19
1012.43
1024.24
1035.60
1046.48
1056.86
1066.72
1076.04
1084.79
1092.95
1100.52
1107.46
1113.76
1119.40
1124.38
1128.66
1132.26
1135.14
1137.31
1138.76
1139.49
824.02
839.95
855.76
871.42
886.92
902.23
917.32
932.17
946.75
961.05
975.02
988.66
1001.94
1014.82
1027.30
1039.33
1050.91
1062.01
1072.60
1082.66
1092.17
1101.11
1109.45
1117.18
1124.28
1130.72
1136.50
1141.59
1145.98
1149.65
1152.61
1154.83
1156.32
1157.06
835.23
851.41
867.48
883.41
899.16
914.72
930.07
945.17
960.00
974.54
988.77
1002.65
1016.16
1029.28
1041.99
1054.26
1066.06
1077.38
1088.18
1098.45
1108.16
1117.29
1125.81
1133.72
1140.97
1147.57
1153.48
1158.69
1163.18
1166.95
1169.98
1172.26
1173.78
1174.54
846.26
862.70
879.02
895.20
911.21
927.03
942.63
957.98
973.06
987.85
1002.32
1016.44
1030.19
1043.56
1056.50
1069.00
1081.03
1092.57
1103.59
1114.07
1123.98
1133.31
1142.03
1150.11
1157.53
1164.28
1170.33
1175.67
1180.28
1184.14
1187.24
1189.58
1191.14
1191.92
857.09
873.79
890.37
906.80
923.06
939.13
954.97
970.57
985.90
1000.94
1015.65
1030.02
1044.02
1057.62
1070.80
1083.53
1095.79
1107.56
1118.81
1129.50
1139.63
1149.16
1158.07
1166.34
1173.93
1180.84
1187.04
1192.52
1197.24
1201.20
1204.39
1206.79
1208.39
1209.19
867.72
884.67
901.49
918.17
934.68
951.00
967.09
982.94
998.51
1013.80
1028.75
1043.37
1057.61
1071.45
1084.87
1097.84
1110.34
1122.34
1133.81
1144.73
1155.08
1164.82
1173.93
1182.39
1190.17
1197.25
1203.60
1209.22
1214.06
1218.13
1221.40
1223.87
1225.51
1226.33
878.12
895.31
912.38
929.31
946.06
962.62
978.96
995.05
1010.88
1026.40
1041.60
1056.46
1070.95
1085.03
1098.70
1111.91
1124.65
1136.89
1148.59
1159.74
1170.31
1180.27
1189.59
1198.25
1206.22
1213.48
1220.00
1225.76
1230.74
1234.92
1238.28
1240.81
1242.51
1243.35
888.27
905.71
923.02
940.19
957.18
973.99
990.57
1006.90
1022.97
1038.74
1054.19
1069.29
1084.02
1098.35
1112.26
1125.72
1138.70
1151.18
1163.13
1174.51
1185.31
1195.50
1205.04
1213.91
1222.08
1229.52
1236.22
1242.13
1247.25
1251.55
1255.01
1257.62
1259.36
1260.23
898.17
915.84
933.39
950.79
968.03
985.07
1001.89
1018.47
1034.77
1050.79
1066.48
1081.83
1096.80
1111.38
1125.54
1139.25
1152.48
1165.20
1177.40
1189.03
1200.07
1210.49
1220.26
1229.35
1237.73
1245.37
1252.25
1258.33
1263.60
1268.03
1271.59
1274.28
1276.08
1276.98
907.80
925.70
943.48
961.11
978.58
995.86
1012.91
1029.73
1046.27
1062.53
1078.46
1094.06
1109.28
1124.11
1138.52
1152.48
1165.96
1178.94
1191.39
1203.27
1214.56
1225.22
1235.23
1244.55
1253.16
1261.01
1268.08
1274.35
1279.78
1284.34
1288.02
1290.80
1292.65
1293.58
917.13
935.26
953.26
971.13
988.82
1006.33
1023.62
1040.67
1057.45
1073.95
1090.12
1105.96
1121.44
1136.52
1151.18
1165.39
1179.13
1192.37
1205.07
1217.21
1228.76
1239.68
1249.94
1259.51
1268.35
1276.43
1283.71
1290.17
1295.77
1300.48
1304.29
1307.16
1309.08
1310.04
926.16
944.51
962.73
980.82
998.74
1016.47
1033.99
1051.27
1068.29
1085.02
1101.44
1117.52
1133.24
1148.58
1163.49
1177.97
1191.97
1205.47
1218.44
1230.85
1242.67
1253.85
1264.38
1274.20
1283.29
1291.61
1299.12
1305.79
1311.58
1316.46
1320.40
1323.37
1325.37
1326.36
934.88
953.44
971.88
990.18
1008.32
1026.27
1044.02
1061.52
1078.77
1095.74
1112.40
1128.72
1144.69
1160.28
1175.45
1190.19
1204.45
1218.23
1231.47
1244.16
1256.25
1267.72
1278.52
1288.62
1297.98
1306.55
1314.31
1321.20
1327.20
1332.26
1336.35
1339.44
1341.51
1342.55
943.26
962.03
980.68
999.19
1017.54
1035.71
1053.67
1071.41
1088.88
1106.08
1122.98
1139.54
1155.76
1171.60
1187.03
1202.03
1216.57
1230.62
1244.14
1257.12
1269.50
1281.26
1292.35
1302.74
1312.39
1321.24
1329.26
1336.40
1342.62
1347.88
1352.14
1355.36
1357.52
1358.60
951.31
970.27
989.12
1007.83
1026.39
1044.78
1062.95
1080.90
1098.60
1116.03
1133.16
1149.96
1166.42
1182.51
1198.21
1213.47
1228.29
1242.62
1256.43
1269.70
1282.39
1294.45
1305.85
1316.55
1326.50
1335.66
1343.97
1351.38
1357.85
1363.33
1367.78
1371.15
1373.41
1374.54
958.99
978.14
997.19
1016.10
1034.86
1053.45
1071.83
1090.00
1107.91
1125.56
1142.92
1159.97
1176.67
1193.01
1208.96
1224.50
1239.59
1254.21
1268.32
1281.89
1294.89
1307.28
1319.01
1330.03
1340.31
1349.79
1358.42
1366.13
1372.88
1378.61
1383.27
1386.80
1389.18
1390.38
966.31
985.64
1004.88
1023.98
1042.93
1061.71
1080.30
1098.67
1116.80
1134.67
1152.25
1169.53
1186.48
1203.07
1219.28
1235.09
1250.46
1265.37
1279.78
1293.67
1306.99
1319.71
1331.78
1343.16
1353.80
1363.63
1372.60
1380.65
1387.71
1393.73
1398.62
1402.35
1404.86
1406.12
973.24
992.76
1012.17
1031.45
1050.59
1069.56
1088.34
1106.91
1125.25
1143.33
1161.14
1178.64
1195.83
1212.66
1229.13
1245.21
1260.86
1276.06
1290.79
1305.00
1318.66
1331.73
1344.16
1355.91
1366.93
1377.15
1386.50
1394.93
1402.34
1408.68
1413.85
1417.80
1420.47
1421.81
979.79
999.47
1019.05
1038.51
1057.82
1076.98
1095.95
1114.71
1133.24
1151.53
1169.55
1187.28
1204.70
1221.78
1238.50
1254.84
1270.78
1286.28
1301.31
1315.85
1329.86
1343.29
1356.11
1368.26
1379.69
1390.32
1400.10
1408.94
1416.76
1423.47
1428.97
1433.18
1436.04
1437.47
985.93
1005.77
1025.51
1045.13
1064.62
1083.95
1103.09
1122.04
1140.77
1159.25
1177.48
1195.42
1213.07
1230.39
1247.36
1263.97
1280.18
1295.98
1311.33
1326.21
1340.57
1354.38
1367.60
1380.17
1392.04
1403.13
1413.38
1422.69
1430.97
1438.10
1443.99
1448.52
1451.60
1453.16
991.66
1011.65
1031.54
1051.32
1070.96
1090.45
1109.77
1128.89
1147.80
1166.48
1184.90
1203.06
1220.92
1238.47
1255.69
1272.56
1289.05
1305.14
1320.81
1336.02
1350.75
1364.95
1378.58
1391.60
1403.94
1415.53
1426.30
1436.14
1444.95
1452.59
1458.94
1463.85
1467.21
1468.92
996.97
1017.09
1037.13
1057.05
1076.85
1096.49
1115.97
1135.26
1154.34
1173.19
1191.81
1210.16
1228.23
1246.00
1263.46
1280.58
1297.35
1313.73
1329.71
1345.27
1360.36
1374.96
1389.03
1402.51
1415.35
1427.49
1438.83
1449.27
1458.68
1466.93
1473.84
1479.23
1482.94
1484.84
1001.85
1022.10
1042.27
1062.33
1082.26
1102.05
1121.67
1141.11
1160.36
1179.38
1198.17
1216.71
1234.99
1252.97
1270.66
1288.02
1305.05
1321.72
1338.01
1353.90
1369.36
1384.37
1398.87
1412.84
1426.22
1438.94
1450.91
1462.02
1472.15
1481.11
1488.71
1494.71
1498.88
1501.03
1006.29
1026.66
1046.94
1067.13
1087.19
1107.11
1126.87
1146.46
1165.85
1185.03
1203.99
1222.71
1241.17
1259.35
1277.25
1294.85
1312.13
1329.07
1345.67
1361.89
1377.71
1393.12
1408.07
1422.54
1436.48
1449.81
1462.47
1474.34
1485.28
1495.11
1503.57
1510.36
1515.15
1517.64
1010.28
1030.76
1051.15
1071.45
1091.62
1111.67
1131.55
1151.27
1170.80
1190.13
1209.24
1228.12
1246.75
1265.12
1283.23
1301.04
1318.56
1335.76
1352.64
1369.18
1385.36
1401.16
1416.56
1431.54
1446.04
1460.02
1473.42
1486.13
1498.02
1508.88
1518.43
1526.27
1531.90
1534.85
1013.82
1034.39
1054.88
1075.28
1095.56
1115.71
1135.71
1155.54
1175.20
1194.66
1213.90
1232.93
1251.72
1270.27
1288.55
1306.57
1324.31
1341.76
1358.90
1375.74
1392.26
1408.44
1424.28
1439.75
1454.82
1469.47
1483.65
1497.26
1510.21
1522.31
1533.25
1542.49
1549.31
1552.83
1016.90
1037.56
1058.13
1078.62
1098.99
1119.23
1139.33
1159.27
1179.03
1198.60
1217.98
1237.14
1256.07
1274.77
1293.22
1311.42
1329.35
1347.02
1364.42
1381.53
1398.36
1414.90
1431.15
1447.09
1462.73
1478.04
1493.00
1507.57
1521.68
1535.22
1547.94
1558.93
1567.86
1571.60
1019.52
1040.24
1060.89
1081.45
1101.90
1122.22
1142.41
1162.43
1182.29
1201.97
1221.44
1240.72
1259.77
1278.60
1297.20
1315.55
1333.67
1351.53
1369.14
1386.51
1403.62
1420.48
1437.10
1453.49
1469.65
1485.58
1501.30
1516.82
1532.13
1547.27
1562.62
1573.43
1580.25
1583.48
1021.67
1042.45
1063.16
1083.78
1104.29
1124.68
1144.93
1165.04
1184.97
1204.73
1224.29
1243.66
1262.82
1281.76
1300.48
1318.97
1337.23
1355.26
1373.06
1390.63
1407.99
1425.13
1442.08
1458.85
1475.47
1491.97
1508.38
1524.76
1541.16
1557.58
1572.69
1582.40
1588.32
1591.15
1023.34
1044.17
1064.92
1085.59
1106.15
1126.60
1146.91
1167.07
1187.06
1206.88
1226.52
1245.96
1265.20
1284.23
1303.04
1321.64
1340.02
1358.18
1376.13
1393.88
1411.43
1428.80
1446.02
1463.11
1480.12
1497.08
1514.06
1531.14
1548.47
1566.52
1579.52
1588.23
1593.56
1596.11
1024.54
1045.40
1066.18
1086.89
1107.49
1127.97
1148.32
1168.52
1188.56
1208.43
1228.11
1247.61
1266.91
1286.00
1304.88
1323.56
1342.02
1360.28
1378.34
1396.21
1413.91
1431.45
1448.87
1466.20
1483.49
1500.80
1518.21
1535.77
1553.52
1571.55
1583.76
1591.87
1596.83
1599.19
1025.26
1046.13
1066.94
1087.67
1108.29
1128.79
1149.17
1169.39
1189.46
1209.36
1229.07
1248.60
1267.93
1287.06
1305.99
1324.71
1343.23
1361.55
1379.68
1397.62
1415.41
1433.05
1450.59
1468.07
1485.54
1503.07
1520.74
1538.61
1556.61
1574.36
1586.10
1593.87
1598.62
1600.88
1025.49
1046.38
1067.20
1087.93
1108.56
1129.07
1149.45
1169.68
1189.76
1209.66
1229.39
1248.93
1268.27
1287.42
1306.36
1325.10
1343.63
1361.97
1380.12
1398.09
1415.91
1433.59
1451.17
1468.70
1486.23
1503.83
1521.60
1539.61
1557.80
1575.31
1586.86
1594.50
1599.19
1601.42
1025.25
1046.13
1066.94
1087.67
1108.29
1128.79
1149.16
1169.39
1189.46
1209.35
1229.07
1248.60
1267.93
1287.06
1305.99
1324.71
1343.23
1361.55
1379.67
1397.62
1415.40
1433.05
1450.59
1468.07
1485.53
1503.06
1520.73
1538.61
1556.60
1574.36
1586.10
1593.86
1598.62
1600.88
1024.53
1045.39
1066.18
1086.88
1107.48
1127.96
1148.31
1168.51
1188.55
1208.42
1228.11
1247.60
1266.90
1285.99
1304.88
1323.55
1342.02
1360.28
1378.33
1396.20
1413.90
1431.44
1448.86
1466.19
1483.48
1500.79
1518.19
1535.75
1553.50
1571.53
1583.74
1591.85
1596.82
1599.18
1023.33
1044.16
1064.92
1085.58
1106.15
1126.59
1146.90
1167.06
1187.05
1206.88
1226.51
1245.95
1265.19
1284.22
1303.03
1321.63
1340.01
1358.17
1376.12
1393.86
1411.41
1428.79
1446.00
1463.10
1480.10
1497.06
1514.04
1531.11
1548.44
1566.48
1579.49
1588.21
1593.54
1596.09
1021.66
1042.44
1063.15
1083.77
1104.28
1124.67
1144.92
1165.03
1184.96
1204.72
1224.28
1243.65
1262.81
1281.75
1300.46
1318.95
1337.21
1355.24
1373.04
1390.61
1407.97
1425.11
1442.06
1458.83
1475.45
1491.94
1508.35
1524.72
1541.12
1557.53
1572.65
1582.37
1588.30
1591.13
1019.51
1040.23
1060.88
1081.44
1101.89
1122.21
1142.39
1162.42
1182.28
1201.95
1221.43
1240.70
1259.76
1278.58
1297.18
1315.54
1333.65
1351.51
1369.12
1386.48
1403.60
1420.46
1437.08
1453.46
1469.62
1485.55
1501.27
1516.78
1532.09
1547.23
1562.58
1573.40
1580.22
1583.44
1016.89
1037.54
1058.12
1078.60
1098.97
1119.22
1139.31
1159.25
1179.01
1198.59
1217.96
1237.12
1256.05
1274.75
1293.20
1311.39
1329.33
1347.00
1364.39
1381.51
1398.33
1414.87
1431.12
1447.06
1462.70
1478.00
1492.96
1507.52
1521.63
1535.17
1547.89
1558.87
1567.80
1571.50
1013.81
1034.38
1054.87
1075.26
1095.54
1115.69
1135.69
1155.52
1175.18
1194.64
1213.89
1232.91
1251.70
1270.25
1288.53
1306.55
1324.28
1341.73
1358.88
1375.71
1392.23
1408.41
1424.25
1439.71
1454.79
1469.43
1483.60
1497.22
1510.16
1522.26
1533.18
1542.40
1549.16
1552.57
1010.27
1030.74
1051.14
1071.43
1091.61
1111.65
1131.53
1151.25
1170.78
1190.11
1209.22
1228.09
1246.73
1265.10
1283.20
1301.01
1318.53
1335.73
1352.61
1369.15
1385.33
1401.13
1416.53
1431.50
1446.00
1459.98
1473.38
1486.08
1497.97
1508.82
1518.36
1526.18
1531.77
1534.67
1006.27
1026.64
1046.92
1067.11
1087.17
1107.09
1126.85
1146.43
1165.83
1185.01
1203.97
1222.68
1241.14
1259.33
1277.22
1294.82
1312.10
1329.04
1345.63
1361.85
1377.67
1393.08
1408.03
1422.50
1436.43
1449.77
1462.42
1474.29
1485.23
1495.05
1503.51
1510.29
1515.06
1517.52
1001.83
1022.08
1042.25
1062.30
1082.24
1102.02
1121.65
1141.09
1160.33
1179.36
1198.15
1216.69
1234.96
1252.94
1270.63
1287.99
1305.02
1321.68
1337.97
1353.86
1369.32
1384.32
1398.83
1412.80
1426.18
1438.89
1450.86
1461.97
1472.09
1481.05
1488.65
1494.64
1498.81
1500.94
996.95
1017.07
1037.11
1057.03
1076.82
1096.47
1115.94
1135.23
1154.31
1173.16
1191.78
1210.13
1228.20
1245.97
1263.43
1280.55
1297.31
1313.69
1329.67
1345.22
1360.32
1374.92
1388.98
1402.46
1415.30
1427.44
1438.77
1449.21
1458.63
1466.87
1473.78
1479.17
1482.88
1484.77
991.64
1011.62
1031.51
1051.29
1070.94
1090.43
1109.74
1128.86
1147.77
1166.45
1184.87
1203.02
1220.88
1238.43
1255.65
1272.52
1289.01
1305.10
1320.77
1335.98
1350.70
1364.90
1378.53
1391.55
1403.89
1415.48
1426.24
1436.08
1444.89
1452.53
1458.88
1463.79
1467.15
1468.85
985.91
1005.74
1025.48
1045.11
1064.59
1083.92
1103.06
1122.01
1140.73
1159.22
1177.44
1195.39
1213.03
1230.35
1247.32
1263.93
1280.14
1295.94
1311.29
1326.16
1340.52
1354.33
1367.55
1380.12
1391.98
1403.08
1413.32
1422.63
1430.90
1438.04
1443.93
1448.46
1451.53
1453.09
979.76
999.44
1019.02
1038.48
1057.79
1076.95
1095.91
1114.67
1133.21
1151.50
1169.51
1187.24
1204.66
1221.74
1238.46
1254.80
1270.73
1286.23
1301.27
1315.80
1329.81
1343.24
1356.06
1368.20
1379.63
1390.26
1400.04
1408.88
1416.70
1423.40
1428.90
1433.12
1435.97
1437.41
973.21
992.73
1012.13
1031.42
1050.56
1069.53
1088.31
1106.88
1125.21
1143.29
1161.10
1178.60
1195.78
1212.62
1229.09
1245.16
1260.81
1276.02
1290.74
1304.94
1318.60
1331.67
1344.10
1355.86
1366.87
1377.09
1386.44
1394.86
1402.28
1408.61
1413.78
1417.73
1420.40
1421.74
966.28
985.61
1004.84
1023.95
1042.90
1061.68
1080.26
1098.63
1116.76
1134.63
1152.21
1169.49
1186.43
1203.02
1219.23
1235.04
1250.41
1265.31
1279.73
1293.61
1306.93
1319.65
1331.72
1343.10
1353.73
1363.56
1372.54
1380.59
1387.65
1393.66
1398.55
1402.28
1404.79
1406.05
958.96
978.11
997.15
1016.07
1034.83
1053.41
1071.79
1089.95
1107.87
1125.52
1142.88
1159.92
1176.62
1192.96
1208.91
1224.45
1239.54
1254.15
1268.27
1281.84
1294.83
1307.22
1318.94
1329.97
1340.25
1349.73
1358.35
1366.07
1372.81
1378.54
1383.20
1386.73
1389.11
1390.30
951.27
970.23
989.08
1007.80
1026.36
1044.74
1062.91
1080.86
1098.56
1115.98
1133.11
1149.92
1166.38
1182.46
1198.15
1213.42
1228.23
1242.56
1256.38
1269.64
1282.33
1294.39
1305.79
1316.49
1326.44
1335.59
1343.90
1351.31
1357.78
1363.26
1367.70
1371.07
1373.33
1374.47
943.23
961.99
980.64
999.15
1017.50
1035.67
1053.63
1071.36
1088.84
1106.03
1122.93
1139.49
1155.71
1171.54
1186.97
1201.97
1216.51
1230.56
1244.08
1257.05
1269.44
1281.19
1292.29
1302.67
1312.32
1321.17
1329.19
1336.33
1342.55
1347.81
1352.06
1355.28
1357.45
1358.53
934.84
953.40
971.84
990.14
1008.28
1026.23
1043.97
1061.48
1078.73
1095.69
1112.35
1128.67
1144.64
1160.22
1175.39
1190.13
1204.40
1218.17
1231.41
1244.10
1256.19
1267.65
1278.45
1288.55
1297.91
1306.48
1314.24
1321.13
1327.12
1332.18
1336.27
1339.36
1341.43
1342.47
926.13
944.47
962.69
980.78
998.70
1016.43
1033.95
1051.22
1068.24
1084.97
1101.39
1117.47
1133.19
1148.52
1163.44
1177.91
1191.91
1205.41
1218.38
1230.79
1242.60
1253.79
1264.31
1274.13
1283.22
1291.54
1299.05
1305.71
1311.50
1316.38
1320.32
1323.29
1325.29
1326.28
917.09
935.21
953.22
971.08
988.78
1006.28
1023.57
1040.62
1057.40
1073.89
1090.07
1105.91
1121.38
1136.46
1151.12
1165.33
1179.07
1192.31
1205.01
1217.15
1228.69
1239.61
1249.87
1259.44
1268.27
1276.35
1283.63
1290.09
1295.69
1300.40
1304.21
1307.08
1309.00
1309.96
907.75
925.65
943.43
961.07
978.53
995.81
1012.86
1029.68
1046.22
1062.47
1078.41
1094.00
1109.22
1124.05
1138.46
1152.42
1165.90
1178.87
1191.32
1203.20
1214.49
1225.15
1235.16
1244.48
1253.08
1260.93
1268.01
1274.27
1279.70
1284.26
1287.94
1290.71
1292.57
1293.50
898.13
915.80
933.34
950.75
967.98
985.02
1001.84
1018.41
1034.72
1050.73
1066.42
1081.77
1096.74
1111.32
1125.48
1139.18
1152.41
1165.14
1177.33
1188.96
1200.00
1210.41
1220.18
1229.27
1237.65
1245.29
1252.17
1258.25
1263.52
1267.95
1271.51
1274.20
1276.00
1276.90
888.23
905.66
922.97
940.14
957.13
973.93
990.51
1006.85
1022.91
1038.68
1054.13
1069.23
1083.96
1098.29
1112.20
1125.65
1138.64
1151.11
1163.06
1174.44
1185.24
1195.42
1204.96
1213.83
1222.00
1229.45
1236.14
1242.05
1247.17
1251.47
1254.93
1257.54
1259.28
1260.15
878.07
895.26
912.33
929.26
946.01
962.57
978.91
995.00
1010.82
1026.34
1041.54
1056.40
1070.88
1084.97
1098.63
1111.84
1124.58
1136.82
1148.52
1159.67
1170.24
1180.19
1189.51
1198.17
1206.14
1213.40
1219.92
1225.68
1230.65
1234.83
1238.19
1240.73
1242.42
1243.27
867.67
884.62
901.44
918.12
934.63
950.94
967.04
982.88
998.46
1013.73
1028.69
1043.30
1057.54
1071.38
1084.80
1097.77
1110.27
1122.27
1133.74
1144.66
1155.00
1164.74
1173.85
1182.31
1190.09
1197.17
1203.52
1209.13
1213.98
1218.05
1221.32
1223.78
1225.43
1226.25
857.05
873.74
890.32
906.75
923.01
939.07
954.92
970.52
985.84
1000.88
1015.59
1029.95
1043.95
1057.55
1070.73
1083.46
1095.72
1107.49
1118.73
1129.43
1139.55
1149.08
1157.99
1166.25
1173.85
1180.76
1186.96
1192.43
1197.15
1201.12
1204.30
1206.70
1208.30
1209.10
846.21
862.65
878.97
895.15
911.16
926.97
942.57
957.92
973.00
987.78
1002.25
1016.37
1030.13
1043.49
1056.43
1068.93
1080.95
1092.49
1103.51
1113.99
1123.91
1133.23
1141.94
1150.02
1157.45
1164.19
1170.25
1175.58
1180.19
1184.05
1187.16
1189.49
1191.05
1191.83
835.18
851.36
867.43
883.35
899.11
914.67
930.01
945.11
959.94
974.48
988.70
1002.58
1016.09
1029.21
1041.92
1054.18
1065.99
1077.30
1088.10
1098.37
1108.08
1117.21
1125.73
1133.63
1140.89
1147.48
1153.39
1158.60
1163.10
1166.86
1169.89
1172.17
1173.69
1174.45
823.97
839.90
855.70
871.37
886.86
902.17
917.26
932.11
946.69
960.98
974.96
988.59
1001.86
1014.75
1027.22
1039.26
1050.84
1061.93
1072.52
1082.58
1092.09
1101.02
1109.37
1117.10
1124.19
1130.63
1136.41
1141.50
1145.89
1149.56
1152.52
1154.74
1156.23
1156.97
812.61
828.27
843.81
859.21
874.45
889.50
904.34
918.93
933.26
947.31
961.04
974.43
987.47
1000.12
1012.36
1024.17
1035.52
1046.40
1056.78
1066.64
1075.95
1084.70
1092.87
1100.43
1107.37
1113.67
1119.31
1124.29
1128.57
1132.17
1135.05
1137.22
1138.67
1139.40
801.11
816.50
831.77
846.91
861.89
876.68
891.26
905.60
919.68
933.48
946.96
960.12
972.91
985.33
997.34
1008.93
1020.07
1030.74
1040.91
1050.57
1059.69
1068.26
1076.25
1083.65
1090.44
1096.61
1102.12
1106.98
1111.17
1114.68
1117.50
1119.62
1121.04
1121.74
789.49
804.61
819.61
834.49
849.20
863.73
878.05
892.14
905.97
919.52
932.76
945.67
958.23
970.42
982.20
993.57
1004.49
1014.95
1024.92
1034.39
1043.32
1051.72
1059.54
1066.78
1073.43
1079.46
1084.85
1089.60
1093.70
1097.13
1099.88
1101.96
1103.34
1104.03
777.77
792.61
807.35
821.95
836.40
850.67
864.73
878.56
892.14
905.44
918.44
931.11
943.44
955.39
966.96
978.10
988.81
999.07
1008.84
1018.11
1026.87
1035.09
1042.75
1049.84
1056.34
1062.24
1067.52
1072.17
1076.17
1079.52
1082.22
1084.24
1085.59
1086.27
765.96
780.53
794.99
809.33
823.51
837.52
851.32
864.90
878.22
891.28
904.03
916.47
928.56
940.29
951.63
962.56
973.06
983.11
992.68
1001.77
1010.35
1018.40
1025.90
1032.84
1039.20
1044.97
1050.14
1054.69
1058.60
1061.88
1064.52
1066.50
1067.82
1068.48
754.10
768.39
782.58
796.64
810.56
824.30
837.84
851.16
864.24
877.04
889.55
901.75
913.61
925.11
936.23
946.95
957.24
967.09
976.48
985.38
993.78
1001.66
1009.01
1015.81
1022.04
1027.68
1032.74
1037.19
1041.02
1044.23
1046.80
1048.74
1050.03
1050.67
742.20
756.21
770.12
783.91
797.56
811.03
824.32
837.38
850.20
862.76
875.03
887.00
898.62
909.90
920.80
931.31
941.39
951.05
960.24
968.96
977.19
984.91
992.11
998.76
1004.86
1010.39
1015.33
1019.68
1023.43
1026.57
1029.09
1030.98
1032.25
1032.88
730.28
744.01
757.64
771.16
784.54
797.75
810.77
823.58
836.15
848.46
860.49
872.22
883.62
894.67
905.36
915.65
925.54
934.99
944.00
952.55
960.61
968.17
975.21
981.73
987.69
993.10
997.94
1002.20
1005.87
1008.94
1011.41
1013.26
1014.49
1015.11
718.36
731.81
745.17
758.41
771.52
784.46
797.23
809.78
822.10
834.17
845.96
857.45
868.62
879.45
889.92
900.01
909.69
918.96
927.78
936.15
944.05
951.45
958.35
964.72
970.57
975.86
980.60
984.77
988.36
991.36
993.77
995.58
996.79
997.40
706.48
719.64
732.72
745.69
758.53
771.21
783.71
796.00
808.07
819.90
831.45
842.71
853.65
864.27
874.52
884.41
893.89
902.97
911.61
919.81
927.54
934.79
941.54
947.78
953.50
958.69
963.32
967.40
970.91
973.85
976.21
977.99
979.17
979.76
694.64
707.52
720.32
733.02
745.59
758.00
770.24
782.28
794.10
805.68
817.00
828.03
838.75
849.14
859.19
868.87
878.16
887.05
895.51
903.54
911.11
918.20
924.82
930.93
936.53
941.60
946.14
950.13
953.57
956.44
958.75
960.49
961.65
962.22
682.88
695.48
708.00
720.42
732.72
744.87
756.85
768.64
780.21
791.55
802.63
813.43
823.93
834.11
843.95
853.42
862.52
871.23
879.51
887.37
894.78
901.73
908.20
914.19
919.67
924.63
929.07
932.98
936.35
939.16
941.42
943.12
944.25
944.82
671.22
683.54
695.78
707.93
719.96
731.85
743.57
755.11
766.43
777.53
788.38
798.95
809.23
819.19
828.82
838.10
847.01
855.53
863.65
871.34
878.59
885.40
891.73
897.59
902.95
907.81
912.16
915.98
919.28
922.03
924.24
925.90
927.01
927.57
659.69
671.72
683.69
695.57
707.33
718.95
730.42
741.71
752.79
763.65
774.26
784.61
794.67
804.42
813.85
822.93
831.66
840.00
847.94
855.47
862.57
869.23
875.43
881.17
886.42
891.17
895.43
899.17
902.39
905.09
907.25
908.88
909.96
910.51
648.31
660.06
671.75
683.36
694.86
706.22
717.43
728.47
739.31
749.94
760.32
770.44
780.29
789.83
799.06
807.95
816.49
824.65
832.43
839.80
846.75
853.27
859.34
864.95
870.09
874.74
878.91
882.57
885.72
888.36
890.48
892.07
893.13
893.67
637.10
648.58
660.00
671.33
682.57
693.68
704.64
715.43
726.03
736.42
746.58
756.48
766.12
775.45
784.48
793.18
801.54
809.53
817.14
824.35
831.16
837.54
843.48
848.97
854.00
858.56
862.63
866.22
869.30
871.89
873.96
875.52
876.56
877.08
626.10
637.30
648.45
659.52
670.50
681.35
692.07
702.61
712.98
723.14
733.07
742.76
752.18
761.32
770.15
778.67
786.84
794.66
802.11
809.17
815.83
822.07
827.89
833.26
838.19
842.65
846.64
850.15
853.17
855.70
857.73
859.25
860.27
860.78
615.33
626.26
637.15
647.96
658.67
669.28
679.75
690.06
700.19
710.12
719.83
729.31
738.52
747.46
756.11
764.44
772.44
780.09
787.38
794.29
800.80
806.92
812.61
817.87
822.69
827.06
830.96
834.40
837.35
839.83
841.81
843.31
844.30
844.80
604.82
615.49
626.11
636.66
647.13
657.48
667.71
677.79
687.69
697.40
706.90
716.16
725.18
733.92
742.38
750.53
758.35
765.84
772.97
779.74
786.12
792.10
797.67
802.82
807.54
811.81
815.64
819.00
821.90
824.32
826.26
827.73
828.70
829.19
594.60
605.01
615.37
625.67
635.89
646.00
655.99
665.84
675.52
685.01
694.29
703.35
712.17
720.72
729.00
736.97
744.63
751.96
758.94
765.56
771.81
777.66
783.12
788.16
792.78
796.97
800.71
804.00
806.84
809.21
811.11
812.55
813.50
813.98
584.70
594.85
604.96
615.01
624.99
634.87
644.62
654.24
663.70
672.98
682.06
690.92
699.55
707.92
716.01
723.81
731.31
738.48
745.32
751.80
757.91
763.65
768.99
773.93
778.45
782.55
786.21
789.44
792.22
794.54
796.41
797.81
798.74
799.21
575.14
585.04
594.90
604.72
614.46
624.11
633.64
643.04
652.29
661.36
670.24
678.91
687.34
695.53
703.45
711.09
718.43
725.45
732.14
738.49
744.47
750.09
755.32
760.16
764.59
768.60
772.20
775.36
778.08
780.35
782.18
783.55
784.47
784.93
565.96
575.61
585.24
594.82
604.33
613.76
623.07
632.26
641.30
650.17
658.86
667.34
675.59
683.61
691.36
698.84
706.02
712.90
719.45
725.67
731.53
737.03
742.16
746.90
751.24
755.18
758.69
761.79
764.46
766.69
768.48
769.82
770.72
771.17
557.17
566.59
575.99
585.35
594.64
603.85
612.95
621.94
630.78
639.46
647.96
656.25
664.34
672.18
679.77
687.10
694.13
700.87
707.29
713.38
719.13
724.52
729.55
734.19
738.45
742.30
745.75
748.79
751.40
753.59
755.35
756.67
757.55
757.99
548.82
558.02
567.19
576.33
585.41
594.42
603.32
612.11
620.76
629.25
637.57
645.70
653.61
661.29
668.73
675.91
682.80
689.41
695.70
701.67
707.31
712.59
717.52
722.08
726.25
730.03
733.42
736.40
738.96
741.11
742.83
744.12
744.99
745.42
540.93
549.91
558.88
567.81
576.69
585.49
594.21
602.81
611.27
619.59
627.74
635.70
643.45
650.98
658.28
665.31
672.07
678.55
684.72
690.58
696.11
701.29
706.13
710.60
714.69
718.41
721.73
724.65
727.17
729.28
730.97
732.24
733.09
733.51
533.52
542.30
551.07
559.80
568.49
577.11
585.64
594.06
602.36
610.51
618.50
626.30
633.90
641.29
648.44
655.34
661.98
668.33
674.39
680.14
685.57
690.66
695.41
699.80
703.82
707.47
710.73
713.60
716.08
718.15
719.81
721.06
721.89
722.31
526.62
535.21
543.79
552.35
560.85
569.30
577.66
585.91
594.05
602.04
609.88
617.53
624.99
632.25
639.27
646.04
652.56
658.80
664.76
670.41
675.74
680.74
685.41
689.72
693.68
697.26
700.47
703.29
705.72
707.76
709.39
710.62
711.44
711.85
520.26
528.67
537.08
545.46
553.81
562.09
570.29
578.39
586.37
594.22
601.91
609.43
616.77
623.89
630.79
637.45
643.86
650.00
655.85
661.41
666.65
671.58
676.17
680.41
684.30
687.83
690.98
693.76
696.16
698.16
699.76
700.97
701.78
702.18
