519.22
527.64
536.05
544.44
552.78
561.07
569.28
577.39
585.38
593.24
600.94
608.47
615.82
622.95
629.86
636.54
642.96
649.11
654.97
660.54
665.80
670.73
675.33
679.59
683.49
687.02
690.19
692.97
695.37
697.38
698.99
700.20
701.01
701.41
525.60
534.20
542.78
551.34
559.86
568.31
576.68
584.94
593.09
601.09
608.94
616.61
624.08
631.35
638.38
645.17
651.70
657.96
663.92
669.58
674.93
679.95
684.62
688.95
692.91
696.51
699.72
702.55
704.99
707.03
708.67
709.90
710.72
711.13
532.52
541.31
550.08
558.83
567.52
576.15
584.69
593.12
601.43
609.60
617.59
625.41
633.03
640.43
647.60
654.51
661.16
667.53
673.61
679.37
684.81
689.92
694.67
699.08
703.11
706.77
710.04
712.92
715.40
717.47
719.14
720.39
721.22
721.64
539.96
548.94
557.92
566.86
575.75
584.57
593.29
601.90
610.38
618.72
626.88
634.85
642.62
650.17
657.48
664.53
671.31
677.80
683.98
689.86
695.40
700.60
705.45
709.93
714.04
717.76
721.09
724.02
726.55
728.66
730.36
731.63
732.48
732.91
547.87
557.08
566.27
575.41
584.51
593.52
602.44
611.24
619.91
628.42
636.75
644.89
652.82
660.53
667.98
675.17
682.09
688.71
695.02
701.00
706.66
711.96
716.90
721.47
725.65
729.45
732.84
735.83
738.40
740.55
742.28
743.58
744.44
744.88
556.25
565.68
575.09
584.46
593.76
602.99
612.11
621.11
629.97
638.66
647.18
655.50
663.60
671.46
679.07
686.41
693.47
700.23
706.66
712.77
718.54
723.94
728.98
733.64
737.91
741.78
745.24
748.28
750.91
753.10
754.86
756.19
757.07
757.51
565.06
574.73
584.37
593.96
603.49
612.93
622.27
631.47
640.53
649.42
658.13
666.63
674.90
682.94
690.71
698.21
705.41
712.31
718.88
725.12
731.00
736.52
741.66
746.41
750.77
754.71
758.24
761.35
764.03
766.26
768.06
769.41
770.31
770.76
574.28
584.19
594.07
603.90
613.65
623.32
632.87
642.29
651.56
660.66
669.56
678.25
686.70
694.91
702.86
710.52
717.88
724.92
731.63
738.00
744.00
749.64
754.88
759.74
764.18
768.21
771.81
774.98
777.71
780.00
781.83
783.21
784.13
784.59
583.86
594.03
604.15
614.23
624.22
634.12
643.90
653.54
663.02
672.33
681.43
690.31
698.96
707.35
715.47
723.30
730.82
738.01
744.87
751.37
757.50
763.26
768.62
773.57
778.11
782.22
785.90
789.14
791.92
794.26
796.13
797.53
798.47
798.94
593.80
604.22
614.60
624.92
635.16
645.30
655.31
665.18
674.88
684.40
693.71
702.80
711.64
720.22
728.52
736.52
744.20
751.55
758.56
765.20
771.46
777.34
782.81
787.87
792.51
796.71
800.47
803.77
806.62
809.00
810.91
812.35
813.30
813.78
604.05
614.73
625.37
635.95
646.44
656.82
667.07
677.17
687.10
696.84
706.36
715.66
724.70
733.47
741.95
750.13
757.98
765.49
772.65
779.44
785.84
791.84
797.44
802.60
807.34
811.63
815.47
818.84
821.75
824.18
826.13
827.60
828.58
829.07
614.59
625.54
636.45
647.28
658.03
668.66
679.15
689.49
699.65
709.61
719.35
728.86
738.10
747.07
755.74
764.10
772.13
779.80
787.12
794.05
800.59
806.73
812.44
817.72
822.56
826.94
830.86
834.31
837.28
839.77
841.76
843.26
844.26
844.76
625.39
636.62
647.79
658.89
669.89
680.78
691.52
702.10
712.49
722.68
732.65
742.37
751.82
760.99
769.85
778.39
786.60
794.44
801.92
809.00
815.69
821.96
827.79
833.19
838.13
842.61
846.61
850.14
853.17
855.71
857.75
859.28
860.30
860.81
636.42
647.93
659.37
670.74
682.00
693.14
704.14
714.96
725.59
736.02
746.21
756.14
765.81
775.18
784.24
792.97
801.36
809.37
817.01
824.25
831.08
837.49
843.45
848.97
854.02
858.59
862.68
866.28
869.38
871.98
874.06
875.62
876.67
877.19
647.66
659.45
671.17
682.80
694.33
705.73
716.98
728.05
738.93
749.58
760.00
770.16
780.04
789.62
798.88
807.80
816.37
824.56
832.37
839.77
846.75
853.29
859.38
865.02
870.18
874.85
879.03
882.71
885.88
888.53
890.66
892.25
893.32
893.85
659.08
671.14
683.14
695.05
706.85
718.51
730.01
741.33
752.45
763.35
774.00
784.38
794.48
804.27
813.73
822.85
831.60
839.98
847.95
855.51
862.64
869.33
875.55
881.31
886.58
891.36
895.63
899.39
902.63
905.33
907.51
909.14
910.23
910.78
670.65
683.00
695.27
707.46
719.52
731.45
743.21
754.78
766.15
777.28
788.17
798.78
809.09
819.10
828.76
838.08
847.02
855.58
863.72
871.45
878.73
885.56
891.93
897.81
903.19
908.08
912.44
916.28
919.59
922.36
924.58
926.25
927.36
927.92
682.34
694.98
707.53
719.99
732.33
744.52
756.54
768.37
779.98
791.36
802.48
813.32
823.86
834.07
843.95
853.46
862.60
871.34
879.66
887.55
894.99
901.97
908.47
914.48
919.98
924.97
929.43
933.36
936.74
939.56
941.83
943.54
944.68
945.25
694.14
707.06
719.90
732.63
745.24
757.69
769.97
782.06
793.92
805.54
816.90
827.97
838.73
849.17
859.25
868.97
878.30
887.23
895.73
903.79
911.39
918.52
925.16
931.29
936.92
942.01
946.57
950.58
954.04
956.93
959.24
960.99
962.15
962.73
706.01
719.21
732.33
745.34
758.22
770.95
783.49
795.83
807.94
819.81
831.41
842.71
853.70
864.35
874.65
884.57
894.10
903.21
911.89
920.12
927.89
935.17
941.95
948.22
953.97
959.18
963.83
967.93
971.46
974.41
976.78
978.56
979.75
980.35
717.93
731.42
744.82
758.11
771.26
784.25
797.05
809.65
822.02
834.13
845.97
857.51
868.72
879.60
890.11
900.24
909.97
919.27
928.13
936.54
944.47
951.90
958.83
965.24
971.11
976.43
981.19
985.37
988.98
992.00
994.42
996.24
997.46
998.07
729.88
743.65
757.33
770.90
784.32
797.58
810.65
823.50
836.12
848.48
860.56
872.33
883.78
894.88
905.61
915.94
925.87
935.37
944.42
953.00
961.10
968.69
975.77
982.31
988.31
993.75
998.61
1002.89
1006.57
1009.66
1012.13
1014.00
1015.24
1015.86
741.84
755.89
769.85
783.69
797.38
810.91
824.24
837.35
850.23
862.83
875.15
887.16
898.84
910.17
921.11
931.66
941.79
951.49
960.73
969.49
977.76
985.51
992.74
999.42
1005.55
1011.10
1016.07
1020.45
1024.21
1027.37
1029.90
1031.80
1033.07
1033.71
753.77
768.11
782.35
796.46
810.43
824.22
837.81
851.18
864.31
877.16
889.73
901.98
913.89
925.44
936.60
947.37
957.71
967.60
977.03
985.97
994.41
1002.33
1009.71
1016.54
1022.80
1028.48
1033.55
1038.02
1041.88
1045.10
1047.69
1049.63
1050.93
1051.58
765.67
780.29
794.80
809.19
823.42
837.48
851.34
864.97
878.34
891.45
904.26
916.75
928.89
940.67
952.06
963.04
973.58
983.68
993.30
1002.43
1011.05
1019.13
1026.67
1033.65
1040.04
1045.84
1051.03
1055.60
1059.54
1062.84
1065.48
1067.47
1068.80
1069.46
777.51
792.40
807.19
821.85
836.35
850.68
864.79
878.68
892.31
905.67
918.72
931.45
943.83
955.83
967.45
978.64
989.40
999.70
1009.52
1018.84
1027.64
1035.89
1043.59
1050.72
1057.25
1063.18
1068.49
1073.16
1077.18
1080.55
1083.26
1085.30
1086.65
1087.33
789.27
804.44
819.50
834.43
849.20
863.78
878.16
892.30
906.19
919.79
933.09
946.06
958.67
970.91
982.75
994.17
1005.14
1015.65
1025.67
1035.18
1044.16
1052.59
1060.46
1067.74
1074.41
1080.47
1085.90
1090.67
1094.79
1098.24
1101.01
1103.09
1104.48
1105.17
800.92
816.37
831.70
846.89
861.93
876.78
891.41
905.81
919.95
933.80
947.35
960.56
973.41
985.88
997.95
1009.59
1020.78
1031.50
1041.72
1051.43
1060.59
1069.21
1077.24
1084.68
1091.50
1097.69
1103.24
1108.13
1112.34
1115.87
1118.70
1120.83
1122.26
1122.97
812.46
828.17
843.77
859.23
874.53
889.64
904.53
919.19
933.58
947.68
961.47
974.92
988.02
1000.72
1013.02
1024.89
1036.29
1047.23
1057.65
1067.56
1076.92
1085.72
1093.92
1101.52
1108.50
1114.83
1120.51
1125.51
1129.82
1133.43
1136.33
1138.51
1139.97
1140.70
823.85
839.83
855.70
871.42
886.98
902.35
917.50
932.41
947.05
961.40
975.44
989.13
1002.47
1015.41
1027.94
1040.03
1051.67
1062.81
1073.45
1083.56
1093.12
1102.10
1110.49
1118.26
1125.39
1131.87
1137.67
1142.79
1147.21
1150.90
1153.87
1156.11
1157.60
1158.35
835.09
851.33
867.46
883.44
899.26
914.88
930.29
945.45
960.35
974.95
989.23
1003.17
1016.75
1029.93
1042.69
1055.02
1066.87
1078.24
1089.10
1099.42
1109.18
1118.35
1126.92
1134.86
1142.16
1148.79
1154.73
1159.97
1164.49
1168.28
1171.32
1173.62
1175.15
1175.91
846.15
862.65
879.04
895.28
911.35
927.23
942.89
958.30
973.45
988.30
1002.83
1017.01
1030.83
1044.25
1057.25
1069.81
1081.90
1093.49
1104.57
1115.10
1125.07
1134.44
1143.20
1151.32
1158.79
1165.57
1171.66
1177.03
1181.66
1185.54
1188.67
1191.02
1192.59
1193.37
857.02
873.78
890.42
906.91
923.24
939.37
955.28
970.94
986.34
1001.43
1016.21
1030.64
1044.70
1058.37
1071.61
1084.40
1096.72
1108.55
1119.85
1130.60
1140.78
1150.36
1159.31
1167.62
1175.26
1182.21
1188.45
1193.95
1198.70
1202.68
1205.89
1208.30
1209.91
1210.72
867.68
884.69
901.58
918.32
934.90
951.28
967.43
983.35
998.99
1014.34
1029.36
1044.04
1058.34
1072.25
1085.73
1098.77
1111.33
1123.38
1134.91
1145.89
1156.29
1166.08
1175.24
1183.74
1191.57
1198.69
1205.08
1210.72
1215.60
1219.69
1222.98
1225.46
1227.12
1227.94
878.11
895.36
912.50
929.49
946.31
962.94
979.34
995.50
1011.39
1026.98
1042.26
1057.18
1071.73
1085.88
1099.61
1112.89
1125.69
1137.99
1149.75
1160.96
1171.58
1181.60
1190.97
1199.68
1207.69
1214.99
1221.55
1227.34
1232.35
1236.55
1239.94
1242.49
1244.19
1245.04
888.29
905.79
923.17
940.40
957.47
974.34
990.99
1007.39
1023.52
1039.36
1054.88
1070.05
1084.85
1099.25
1113.22
1126.75
1139.79
1152.33
1164.34
1175.79
1186.65
1196.89
1206.48
1215.40
1223.62
1231.11
1237.84
1243.79
1248.94
1253.27
1256.75
1259.37
1261.13
1262.01
898.22
915.95
933.57
951.04
968.35
985.46
1002.35
1018.99
1035.37
1051.45
1067.21
1082.63
1097.68
1112.33
1126.55
1140.33
1153.62
1166.41
1178.67
1190.36
1201.46
1211.94
1221.76
1230.90
1239.33
1247.02
1253.94
1260.07
1265.37
1269.82
1273.41
1276.12
1277.93
1278.83
907.87
925.84
943.69
961.39
978.93
996.28
1013.40
1030.29
1046.91
1063.23
1079.24
1094.90
1110.20
1125.10
1139.58
1153.60
1167.16
1180.20
1192.71
1204.66
1216.01
1226.73
1236.80
1246.17
1254.83
1262.73
1269.85
1276.16
1281.62
1286.21
1289.92
1292.71
1294.58
1295.52
917.23
935.43
953.50
971.44
989.20
1006.78
1024.14
1041.27
1058.12
1074.69
1090.94
1106.85
1122.39
1137.55
1152.28
1166.56
1180.37
1193.68
1206.45
1218.66
1230.27
1241.25
1251.57
1261.20
1270.09
1278.22
1285.55
1292.05
1297.69
1302.44
1306.27
1309.16
1311.10
1312.07
926.29
944.70
963.00
981.16
999.15
1016.96
1034.55
1051.90
1069.00
1085.80
1102.29
1118.45
1134.24
1149.65
1164.64
1179.18
1193.26
1206.83
1219.87
1232.35
1244.23
1255.48
1266.07
1275.95
1285.10
1293.48
1301.04
1307.75
1313.58
1318.49
1322.46
1325.46
1327.47
1328.47
935.03
953.66
972.17
990.55
1008.76
1026.79
1044.60
1062.19
1079.51
1096.55
1113.29
1129.69
1145.73
1161.39
1176.64
1191.45
1205.79
1219.63
1232.95
1245.71
1257.87
1269.40
1280.27
1290.43
1299.85
1308.49
1316.30
1323.24
1329.28
1334.38
1338.50
1341.61
1343.70
1344.75
943.44
962.27
981.00
999.58
1018.01
1036.25
1054.29
1072.10
1089.65
1106.93
1123.90
1140.54
1156.83
1172.75
1188.25
1203.33
1217.94
1232.07
1245.67
1258.71
1271.17
1283.00
1294.16
1304.62
1314.33
1323.24
1331.32
1338.52
1344.79
1350.09
1354.38
1357.63
1359.81
1360.90
951.50
970.54
989.46
1008.25
1026.89
1045.34
1063.60
1081.62
1099.40
1116.90
1134.11
1150.99
1167.53
1183.70
1199.47
1214.81
1229.70
1244.11
1258.00
1271.35
1284.11
1296.25
1307.72
1318.49
1328.51
1337.73
1346.10
1353.58
1360.10
1365.63
1370.11
1373.51
1375.79
1376.94
959.21
978.44
997.55
1016.54
1035.38
1054.04
1072.50
1090.74
1108.74
1126.47
1143.91
1161.03
1177.81
1194.23
1210.26
1225.88
1241.05
1255.74
1269.94
1283.59
1296.66
1309.12
1320.93
1332.03
1342.39
1351.94
1360.63
1368.41
1375.22
1381.00
1385.70
1389.27
1391.67
1392.87
966.55
985.96
1005.26
1024.44
1043.47
1062.33
1081.00
1099.45
1117.66
1135.60
1153.27
1170.62
1187.65
1204.32
1220.61
1236.50
1251.95
1266.94
1281.44
1295.40
1308.81
1321.61
1333.76
1345.22
1355.93
1365.84
1374.89
1383.01
1390.14
1396.21
1401.15
1404.92
1407.46
1408.73
973.50
993.09
1012.57
1031.94
1051.15
1070.20
1089.06
1107.71
1126.13
1144.29
1162.18
1179.76
1197.03
1213.95
1230.50
1246.65
1262.39
1277.67
1292.48
1306.77
1320.52
1333.67
1346.19
1358.03
1369.13
1379.43
1388.87
1397.37
1404.86
1411.25
1416.49
1420.48
1423.18
1424.54
980.06
999.82
1019.47
1039.01
1058.41
1077.64
1096.69
1115.53
1134.15
1152.51
1170.61
1188.42
1205.92
1223.09
1239.89
1256.32
1272.34
1287.92
1303.04
1317.67
1331.76
1345.29
1358.19
1370.43
1381.95
1392.68
1402.54
1411.47
1419.37
1426.15
1431.72
1435.98
1438.87
1440.33
986.22
1006.14
1025.95
1045.66
1065.22
1084.63
1103.85
1122.88
1141.69
1160.26
1178.56
1196.59
1214.32
1231.72
1248.78
1265.47
1281.77
1297.66
1313.09
1328.06
1342.51
1356.42
1369.73
1382.39
1394.36
1405.55
1415.89
1425.30
1433.67
1440.89
1446.86
1451.45
1454.57
1456.15
991.97
1012.03
1032.00
1051.86
1071.58
1091.15
1110.55
1129.75
1148.74
1167.50
1186.01
1204.24
1222.19
1239.83
1257.13
1274.08
1290.66
1306.84
1322.60
1337.91
1352.73
1367.02
1380.76
1393.87
1406.32
1418.02
1428.89
1438.84
1447.75
1455.50
1461.94
1466.93
1470.34
1472.07
997.29
1017.49
1037.60
1057.61
1077.48
1097.21
1116.76
1136.13
1155.30
1174.24
1192.93
1211.37
1229.52
1247.38
1264.93
1282.13
1298.98
1315.46
1331.53
1347.18
1362.37
1377.07
1391.24
1404.83
1417.78
1430.03
1441.49
1452.05
1461.59
1469.95
1476.97
1482.46
1486.25
1488.18
1002.18
1022.51
1042.76
1062.89
1082.91
1102.78
1122.48
1142.01
1161.33
1180.44
1199.32
1217.94
1236.30
1254.37
1272.14
1289.59
1306.71
1323.47
1339.85
1355.84
1371.40
1386.51
1401.12
1415.20
1428.70
1441.54
1453.64
1464.89
1475.16
1484.26
1492.00
1498.12
1502.39
1504.59
1006.63
1027.08
1047.44
1067.71
1087.85
1107.85
1127.69
1147.36
1166.84
1186.10
1205.15
1223.95
1242.49
1260.77
1278.75
1296.44
1313.81
1330.84
1347.53
1363.85
1379.77
1395.29
1410.35
1424.94
1439.00
1452.46
1465.26
1477.29
1488.39
1498.39
1507.02
1513.98
1518.91
1521.49
1010.64
1031.19
1051.66
1072.04
1092.30
1112.42
1132.39
1152.19
1171.80
1191.21
1210.41
1229.37
1248.09
1266.55
1284.74
1302.64
1320.25
1337.55
1354.52
1371.16
1387.44
1403.35
1418.87
1433.96
1448.59
1462.72
1476.27
1489.15
1501.22
1512.28
1522.05
1530.12
1535.96
1539.11
1014.19
1034.83
1055.40
1075.88
1096.24
1116.47
1136.55
1156.47
1176.21
1195.75
1215.09
1234.20
1253.07
1271.71
1290.08
1308.19
1326.01
1343.56
1360.80
1377.74
1394.36
1410.65
1426.60
1442.19
1457.40
1472.20
1486.53
1500.33
1513.49
1525.82
1537.03
1546.65
1553.57
1557.55
1017.27
1038.01
1058.66
1079.22
1099.68
1120.00
1140.18
1160.20
1180.05
1199.71
1219.17
1238.41
1257.43
1276.21
1294.75
1313.04
1331.07
1348.83
1366.32
1383.54
1400.47
1417.12
1433.48
1449.55
1465.32
1480.78
1495.91
1510.67
1525.01
1538.80
1551.85
1564.06
1571.41
1575.04
1019.90
1040.70
1061.43
1082.07
1102.60
1123.00
1143.27
1163.38
1183.32
1203.08
1222.64
1242.00
1261.14
1280.06
1298.74
1317.19
1335.39
1353.35
1371.06
1388.52
1405.74
1422.71
1439.45
1455.96
1472.25
1488.33
1504.22
1519.93
1535.49
1550.93
1566.01
1576.40
1582.78
1585.86
1022.05
1042.91
1063.70
1084.40
1104.99
1125.47
1145.80
1165.99
1186.01
1205.85
1225.50
1244.95
1264.19
1283.22
1302.03
1320.61
1338.96
1357.08
1374.98
1392.65
1410.11
1427.36
1444.43
1461.32
1478.08
1494.72
1511.29
1527.87
1544.60
1562.14
1575.50
1584.62
1590.22
1592.92
1023.73
1044.63
1065.47
1086.22
1106.86
1127.39
1147.78
1168.02
1188.10
1208.01
1227.73
1247.26
1266.58
1285.70
1304.60
1323.29
1341.76
1360.01
1378.06
1395.90
1413.55
1431.04
1448.37
1465.58
1482.71
1499.82
1516.96
1534.20
1551.60
1569.39
1581.73
1590.01
1595.08
1597.52
1024.93
1045.86
1066.73
1087.52
1108.20
1128.76
1149.19
1169.48
1189.60
1209.55
1229.33
1248.91
1268.29
1287.47
1306.44
1325.21
1343.76
1362.12
1380.27
1398.24
1416.04
1433.69
1451.22
1468.66
1486.08
1503.54
1521.11
1538.85
1556.68
1574.07
1585.67
1593.39
1598.13
1600.39
1025.65
1046.60
1067.49
1088.30
1109.00
1129.59
1150.04
1170.35
1190.50
1210.48
1230.29
1249.90
1269.32
1288.54
1307.55
1326.36
1344.97
1363.38
1381.61
1399.65
1417.54
1435.29
1452.94
1470.53
1488.13
1505.80
1523.66
1541.82
1560.20
1576.82
1587.87
1595.26
1599.81
1601.97
1025.89
1046.85
1067.75
1088.56
1109.27
1129.86
1150.33
1170.64
1190.80
1210.79
1230.61
1250.23
1269.66
1288.89
1307.92
1326.75
1345.38
1363.81
1382.05
1400.12
1418.04
1435.82
1453.51
1471.16
1488.81
1506.56
1524.54
1542.95
1562.43
1577.78
1588.58
1595.85
1600.34
1602.47
1025.64
1046.60
1067.49
1088.30
1109.00
1129.59
1150.04
1170.35
1190.50
1210.48
1230.28
1249.90
1269.32
1288.53
1307.55
1326.36
1344.97
1363.38
1381.60
1399.65
1417.53
1435.28
1452.93
1470.53
1488.12
1505.80
1523.65
1541.81
1560.19
1576.81
1587.86
1595.25
1599.80
1601.97
1024.92
1045.86
1066.73
1087.51
1108.19
1128.76
1149.19
1169.47
1189.60
1209.55
1229.32
1248.90
1268.28
1287.46
1306.44
1325.20
1343.76
1362.11
1380.26
1398.23
1416.03
1433.68
1451.21
1468.65
1486.07
1503.52
1521.09
1538.84
1556.66
1574.05
1585.66
1593.38
1598.12
1600.38
1023.72
1044.62
1065.46
1086.21
1106.85
1127.38
1147.77
1168.01
1188.09
1208.00
1227.72
1247.25
1266.57
1285.69
1304.59
1323.28
1341.75
1360.00
1378.05
1395.89
1413.54
1431.02
1448.35
1465.56
1482.70
1499.80
1516.94
1534.17
1551.57
1569.36
1581.71
1589.99
1595.07
1597.50
1022.04
1042.90
1063.69
1084.39
1104.98
1125.46
1145.79
1165.98
1185.99
1205.84
1225.49
1244.94
1264.18
1283.21
1302.02
1320.59
1338.95
1357.07
1374.96
1392.64
1410.09
1427.35
1444.41
1461.30
1478.05
1494.69
1511.27
1527.84
1544.57
1562.10
1575.47
1584.60
1590.20
1592.90
1019.89
1040.69
1061.42
1082.05
1102.59
1122.99
1143.26
1163.37
1183.31
1203.06
1222.63
1241.98
1261.12
1280.04
1298.73
1317.17
1335.37
1353.33
1371.04
1388.50
1405.71
1422.69
1439.42
1455.93
1472.22
1488.30
1504.19
1519.89
1535.45
1550.89
1565.97
1576.36
1582.74
1585.81
1017.26
1037.99
1058.65
1079.21
1099.66
1119.99
1140.17
1160.19
1180.04
1199.69
1219.15
1238.39
1257.41
1276.19
1294.73
1313.02
1331.05
1348.81
1366.30
1383.51
1400.45
1417.09
1433.45
1449.52
1465.29
1480.75
1495.87
1510.63
1524.96
1538.76
1551.80
1564.01
1571.32
1574.85
1014.17
1034.82
1055.39
1075.86
1096.23
1116.46
1136.54
1156.45
1176.19
1195.73
1215.06
1234.18
1253.05
1271.68
1290.06
1308.16
1325.99
1343.53
1360.77
1377.71
1394.33
1410.62
1426.57
1442.16
1457.37
1472.16
1486.49
1500.29
1513.44
1525.77
1536.97
1546.55
1553.35
1557.03
1010.62
1031.17
1051.65
1072.02
1092.28
1112.40
1132.37
1152.17
1171.78
1191.19
1210.38
1229.35
1248.07
1266.53
1284.71
1302.62
1320.22
1337.52
1354.49
1371.13
1387.41
1403.32
1418.83
1433.92
1448.55
1462.68
1476.22
1489.10
1501.17
1512.23
1521.99
1530.03
1535.79
1538.84
1006.62
1027.06
1047.42
1067.69
1087.83
1107.83
1127.67
1147.34
1166.81
1186.08
1205.12
1223.92
1242.46
1260.74
1278.72
1296.41
1313.78
1330.81
1347.50
1363.81
1379.74
1395.25
1410.31
1424.90
1438.95
1452.42
1465.21
1477.24
1488.34
1498.33
1506.96
1513.90
1518.80
1521.35
1002.16
1022.49
1042.73
1062.87
1082.88
1102.75
1122.46
1141.98
1161.31
1180.41
1199.29
1217.91
1236.27
1254.34
1272.11
1289.56
1306.67
1323.43
1339.82
1355.80
1371.36
1386.46
1401.08
1415.16
1428.65
1441.49
1453.59
1464.84
1475.10
1484.20
1491.93
1498.05
1502.31
1504.50
997.27
1017.47
1037.58
1057.58
1077.46
1097.18
1116.74
1136.11
1155.27
1174.21
1192.90
1211.34
1229.49
1247.35
1264.89
1282.10
1298.95
1315.42
1331.49
1347.14
1362.33
1377.02
1391.19
1404.78
1417.73
1429.98
1441.44
1452.00
1461.53
1469.89
1476.91
1482.40
1486.18
1488.10
991.94
1012.01
1031.97
1051.83
1071.55
1091.12
1110.52
1129.72
1148.71
1167.47
1185.98
1204.21
1222.15
1239.79
1257.09
1274.04
1290.62
1306.80
1322.56
1337.86
1352.68
1366.98
1380.71
1393.82
1406.26
1417.96
1428.83
1438.78
1447.69
1455.43
1461.87
1466.86
1470.27
1472.00
986.20
1006.11
1025.93
1045.63
1065.19
1084.60
1103.82
1122.85
1141.66
1160.22
1178.53
1196.55
1214.28
1231.68
1248.74
1265.43
1281.73
1297.61
1313.05
1328.01
1342.46
1356.36
1369.67
1382.34
1394.30
1405.49
1415.84
1425.24
1433.61
1440.83
1446.79
1451.38
1454.51
1456.09
980.04
999.79
1019.44
1038.98
1058.38
1077.61
1096.65
1115.49
1134.11
1152.48
1170.58
1188.38
1205.88
1223.04
1239.85
1256.27
1272.29
1287.87
1302.99
1317.62
1331.71
1345.23
1358.14
1370.37
1381.89
1392.62
1402.48
1411.41
1419.30
1426.08
1431.65
1435.91
1438.80
1440.26
973.47
993.06
1012.54
1031.90
1051.12
1070.17
1089.03
1107.68
1126.09
1144.25
1162.14
1179.72
1196.98
1213.90
1230.45
1246.61
1262.34
1277.62
1292.43
1306.72
1320.46
1333.62
1346.13
1357.97
1369.07
1379.37
1388.80
1397.30
1404.79
1411.19
1416.42
1420.41
1423.11
1424.47
966.51
985.92
1005.23
1024.41
1043.44
1062.30
1080.96
1099.41
1117.62
1135.56
1153.22
1170.58
1187.60
1204.27
1220.56
1236.45
1251.90
1266.89
1281.38
1295.35
1308.75
1321.55
1333.70
1345.16
1355.87
1365.78
1374.82
1382.94
1390.07
1396.14
1401.08
1404.85
1407.38
1408.66
959.18
978.40
997.52
1016.51
1035.34
1054.00
1072.46
1090.70
1108.70
1126.43
1143.86
1160.98
1177.76
1194.18
1210.21
1225.83
1240.99
1255.69
1269.88
1283.53
1296.60
1309.06
1320.87
1331.97
1342.32
1351.87
1360.56
1368.34
1375.15
1380.93
1385.62
1389.19
1391.59
1392.80
951.47
970.50
989.42
1008.22
1026.85
1045.30
1063.56
1081.58
1099.36
1116.86
1134.06
1150.95
1167.48
1183.65
1199.42
1214.76
1229.65
1244.06
1257.95
1271.29
1284.05
1296.18
1307.66
1318.43
1328.44
1337.66
1346.03
1353.51
1360.03
1365.55
1370.03
1373.43
1375.72
1376.86
943.40
962.24
980.96
999.54
1017.97
1036.21
1054.25
1072.05
1089.61
1106.88
1123.85
1140.49
1156.78
1172.69
1188.20
1203.27
1217.89
1232.01
1245.61
1258.65
1271.11
1282.93
1294.10
1304.55
1314.26
1323.17
1331.25
1338.44
1344.71
1350.01
1354.30
1357.55
1359.73
1360.82
934.99
953.62
972.13
990.50
1008.72
1026.74
1044.56
1062.14
1079.46
1096.50
1113.24
1129.64
1145.68
1161.33
1176.58
1191.39
1205.73
1219.57
1232.89
1245.64
1257.80
1269.34
1280.20
1290.36
1299.78
1308.41
1316.22
1323.17
1329.20
1334.30
1338.42
1341.54
1343.63
1344.67
926.25
944.66
962.96
981.12
999.11
1016.91
1034.50
1051.85
1068.95
1085.75
1102.24
1118.40
1134.19
1149.59
1164.58
1179.12
1193.20
1206.77
1219.81
1232.28
1244.16
1255.41
1266.00
1275.88
1285.03
1293.40
1300.96
1307.67
1313.50
1318.41
1322.38
1325.38
1327.39
1328.39
917.19
935.38
953.46
971.39
989.16
1006.73
1024.09
1041.21
1058.07
1074.64
1090.88
1106.79
1122.34
1137.49
1152.22
1166.50
1180.31
1193.61
1206.38
1218.59
1230.20
1241.18
1251.50
1261.12
1270.02
1278.14
1285.47
1291.97
1297.61
1302.36
1306.19
1309.08
1311.02
1311.98
907.83
925.79
943.64
961.35
978.88
996.23
1013.35
1030.24
1046.85
1063.18
1079.18
1094.85
1110.14
1125.04
1139.51
1153.54
1167.09
1180.13
1192.64
1204.59
1215.94
1226.66
1236.72
1246.10
1254.75
1262.65
1269.77
1276.08
1281.54
1286.13
1289.84
1292.63
1294.50
1295.44
898.18
915.91
933.52
951.00
968.30
985.40
1002.29
1018.94
1035.31
1051.39
1067.16
1082.57
1097.62
1112.26
1126.49
1140.26
1153.56
1166.34
1178.60
1190.29
1201.39
1211.86
1221.69
1230.83
1239.26
1246.94
1253.86
1259.99
1265.28
1269.74
1273.33
1276.03
1277.84
1278.75
888.25
905.74
923.12
940.35
957.42
974.29
990.93
1007.34
1023.47
1039.30
1054.82
1069.99
1084.79
1099.18
1113.16
1126.68
1139.73
1152.26
1164.27
1175.72
1186.57
1196.81
1206.40
1215.32
1223.54
1231.03
1237.76
1243.71
1248.86
1253.18
1256.66
1259.29
1261.04
1261.92
878.06
895.32
912.45
929.44
946.26
962.88
979.29
995.45
1011.33
1026.93
1042.19
1057.12
1071.67
1085.82
1099.54
1112.82
1125.62
1137.91
1149.68
1160.89
1171.51
1181.52
1190.89
1199.60
1207.61
1214.91
1221.46
1227.26
1232.27
1236.47
1239.85
1242.40
1244.10
1244.95
867.63
884.64
901.53
918.27
934.84
951.22
967.38
983.29
998.93
1014.27
1029.30
1043.97
1058.28
1072.18
1085.66
1098.70
1111.25
1123.31
1134.84
1145.81
1156.21
1166.00
1175.16
1183.66
1191.49
1198.60
1205.00
1210.64
1215.51
1219.60
1222.89
1225.37
1227.03
1227.86
856.97
873.73
890.37
906.86
923.18
939.31
955.22
970.88
986.27
1001.37
1016.15
1030.58
1044.64
1058.30
1071.54
1084.33
1096.65
1108.47
1119.77
1130.52
1140.70
1150.28
1159.23
1167.54
1175.18
1182.13
1188.36
1193.86
1198.61
1202.60
1205.80
1208.21
1209.82
1210.63
846.10
862.60
878.99
895.23
911.30
927.17
942.83
958.24
973.39
988.23
1002.76
1016.95
1030.76
1044.18
1057.18
1069.74
1081.83
1093.42
1104.49
1115.02
1124.99
1134.36
1143.12
1151.24
1158.70
1165.49
1171.57
1176.94
1181.57
1185.45
1188.58
1190.93
1192.50
1193.28
835.04
851.28
867.41
883.39
899.20
914.83
930.23
945.39
960.28
974.88
989.16
1003.10
1016.68
1029.86
1042.62
1054.94
1066.80
1078.17
1089.02
1099.34
1109.10
1118.27
1126.84
1134.78
1142.07
1148.70
1154.64
1159.88
1164.40
1168.19
1171.23
1173.52
1175.05
1175.82
823.80
839.78
855.64
871.37
886.92
902.29
917.44
932.34
946.98
961.34
975.37
989.07
1002.40
1015.34
1027.87
1039.96
1051.59
1062.74
1073.37
1083.48
1093.04
1102.02
1110.41
1118.17
1125.30
1131.78
1137.59
1142.70
1147.11
1150.81
1153.78
1156.02
1157.51
1158.26
812.41
828.12
843.71
859.17
874.47
889.58
904.47
919.12
933.51
947.61
961.40
974.85
987.94
1000.65
1012.94
1024.81
1036.22
1047.15
1057.57
1067.48
1076.84
1085.63
1093.84
1101.44
1108.41
1114.74
1120.42
1125.42
1129.73
1133.34
1136.24
1138.42
1139.88
1140.60
800.87
816.31
831.64
846.84
861.87
876.71
891.35
905.75
919.88
933.73
947.28
960.49
973.34
985.81
997.87
1009.51
1020.70
1031.42
1041.64
1051.34
1060.51
1069.12
1077.15
1084.59
1091.41
1097.60
1103.15
1108.04
1112.25
1115.78
1118.61
1120.74
1122.16
1122.87
789.21
804.38
819.44
834.37
849.14
863.72
878.09
892.24
906.12
919.72
933.02
945.99
958.60
970.84
982.67
994.09
1005.06
1015.57
1025.58
1035.09
1044.07
1052.51
1060.37
1067.65
1074.32
1080.38
1085.80
1090.58
1094.70
1098.14
1100.91
1102.99
1104.38
1105.08
777.45
792.35
807.14
821.79
836.29
850.61
864.73
878.61
892.24
905.60
918.65
931.37
943.75
955.76
967.37
978.56
989.32
999.62
1009.44
1018.75
1027.55
1035.81
1043.51
1050.63
1057.16
1063.09
1068.39
1073.06
1077.09
1080.46
1083.17
1085.20
1086.56
1087.24
765.62
780.23
794.74
809.13
823.36
837.42
851.27
864.90
878.28
891.38
904.18
916.67
928.81
940.59
951.98
962.95
973.50
983.59
993.22
1002.34
1010.96
1019.05
1026.58
1033.56
1039.95
1045.75
1050.94
1055.51
1059.44
1062.74
1065.39
1067.38
1068.70
1069.37
753.72
768.05
782.29
796.40
810.36
824.15
837.74
851.11
864.24
877.09
889.65
901.90
913.81
925.36
936.52
947.29
957.62
967.51
976.94
985.88
994.32
1002.24
1009.62
1016.45
1022.71
1028.38
1033.46
1037.93
1041.78
1045.00
1047.59
1049.54
1050.83
1051.48
741.78
755.83
769.79
783.63
797.32
810.84
824.17
837.28
850.15
862.76
875.08
887.09
898.76
910.09
921.03
931.58
941.71
951.40
960.64
969.40
977.67
985.42
992.65
999.33
1005.46
1011.01
1015.98
1020.35
1024.12
1027.27
1029.80
1031.70
1032.97
1033.61
729.82
743.59
757.27
770.84
784.26
797.51
810.58
823.43
836.05
848.41
860.48
872.26
883.70
894.80
905.52
915.86
925.79
935.28
944.33
952.91
961.01
968.60
975.68
982.22
988.22
993.65
998.51
1002.79
1006.48
1009.56
1012.04
1013.90
1015.14
1015.76
717.87
731.36
744.76
758.04
771.19
784.18
796.99
809.58
821.95
834.06
845.89
857.43
868.64
879.52
890.03
900.16
909.88
919.18
928.05
936.45
944.38
951.81
958.74
965.14
971.01
976.33
981.09
985.28
988.88
991.90
994.32
996.14
997.36
997.97
705.95
719.15
732.27
745.28
758.16
770.88
783.42
795.76
807.87
819.74
831.33
842.63
853.62
864.27
874.57
884.49
894.01
903.13
911.80
920.03
927.80
935.08
941.86
948.13
953.87
959.08
963.74
967.83
971.36
974.31
976.68
978.47
979.65
980.25
694.08
707.00
719.83
732.57
745.17
757.63
769.90
781.99
793.85
805.47
816.82
827.89
838.65
849.09
859.17
868.89
878.22
887.14
895.64
903.70
911.30
918.42
925.06
931.20
936.82
941.92
946.47
950.48
953.94
956.83
959.14
960.89
962.05
962.63
682.28
694.92
707.47
719.93
732.26
744.45
756.47
768.30
779.91
791.28
802.40
813.24
823.78
833.99
843.86
853.38
862.51
871.25
879.57
887.46
894.90
901.88
908.38
914.38
919.89
924.87
929.33
933.26
936.64
939.46
941.73
943.44
944.58
945.14
670.59
682.94
695.21
707.39
719.46
731.38
743.14
754.71
766.08
777.21
788.09
798.70
809.01
819.01
828.68
837.99
846.94
855.49
863.63
871.36
878.64
885.47
891.83
897.71
903.10
907.98
912.34
916.18
919.49
922.26
924.48
926.14
927.26
927.82
659.02
671.08
683.08
694.99
706.78
718.44
729.94
741.26
752.38
763.27
773.92
784.30
794.40
804.18
813.65
822.76
831.51
839.89
847.86
855.42
862.55
869.23
875.46
881.21
886.48
891.26
895.53
899.29
902.53
905.23
907.41
909.04
910.13
910.67
647.60
659.38
671.10
682.74
694.27
705.66
716.91
727.98
738.85
749.51
759.92
770.08
779.96
789.53
798.79
807.71
816.28
824.47
832.28
839.68
846.65
853.20
859.29
864.92
870.08
874.76
878.94
882.61
885.78
888.43
890.56
892.15
893.22
893.75
636.36
647.87
659.31
670.68
681.94
693.08
704.07
714.89
725.52
735.94
746.13
756.06
765.73
775.10
784.16
792.89
801.27
809.29
816.92
824.16
830.99
837.39
843.36
848.87
853.92
858.49
862.59
866.18
869.28
871.88
873.96
875.52
876.56
877.09
625.33
636.56
647.73
658.83
669.83
680.71
691.45
702.02
712.42
722.61
732.57
742.29
751.74
760.90
769.77
778.31
786.51
794.35
801.83
808.91
815.59
821.86
827.70
833.09
838.03
842.51
846.52
850.04
853.07
855.61
857.64
859.18
860.20
860.71
614.53
625.48
636.39
647.22
657.96
668.59
679.08
689.42
699.58
709.54
719.28
728.78
738.02
746.99
755.66
764.01
772.04
779.71
787.03
793.96
800.50
806.63
812.35
817.63
822.46
826.84
830.76
834.21
837.18
839.66
841.66
843.16
844.16
844.65
603.99
614.67
625.31
635.89
646.37
656.75
667.00
677.10
687.03
696.76
706.29
715.58
724.62
733.39
741.87
750.04
757.89
765.40
772.56
779.35
785.75
791.75
797.34
802.51
807.24
811.53
815.37
818.74
821.65
824.08
826.03
827.50
828.48
828.97
593.74
604.16
614.54
624.86
635.09
645.23
655.24
665.11
674.81
684.32
693.63
702.72
711.56
720.13
728.43
736.43
744.11
751.46
758.46
765.10
771.37
777.24
782.72
787.78
792.41
796.61
800.37
803.67
806.52
808.90
810.81
812.24
813.20
813.68
583.81
593.97
604.09
614.16
624.15
634.05
643.83
653.47
662.95
672.25
681.35
690.23
698.88
707.27
715.39
723.21
730.73
737.92
744.78
751.28
757.41
763.16
768.52
773.47
778.01
782.12
785.80
789.04
791.82
794.15
796.03
797.43
798.37
798.84
574.22
584.13
594.00
603.83
613.59
623.25
632.80
642.22
651.49
660.58
669.48
678.17
686.62
694.83
702.77
710.43
717.79
724.83
731.54
737.90
743.91
749.54
754.79
759.64
764.08
768.11
771.71
774.88
777.61
779.90
781.73
783.11
784.03
784.48
565.01
574.67
584.31
593.90
603.43
612.86
622.20
631.40
640.46
649.35
658.05
666.55
674.82
682.85
690.63
698.12
705.33
712.22
718.79
725.02
730.90
736.42
741.56
746.31
750.67
754.61
758.14
761.25
763.92
766.16
767.96
769.31
770.21
770.66
556.20
565.62
575.03
584.40
593.70
602.92
612.04
621.04
629.89
638.59
647.10
655.42
663.52
671.38
678.99
686.33
693.38
700.14
706.57
712.68
718.44
723.85
728.89
733.54
737.81
741.68
745.14
748.18
750.81
753.00
754.76
756.08
756.97
757.41
547.82
557.02
566.20
575.35
584.44
593.45
602.37
611.17
619.83
628.34
636.67
644.81
652.74
660.44
667.90
675.09
682.00
688.62
694.93
700.91
706.56
711.86
716.80
721.37
725.55
729.35
732.74
735.73
738.30
740.45
742.18
743.47
744.34
744.77
539.90
548.89
557.86
566.80
575.68
584.50
593.22
601.83
610.31
618.64
626.80
634.77
642.54
650.09
657.39
664.44
671.22
677.71
683.89
689.76
695.31
700.51
705.35
709.83
713.94
717.66
720.99
723.92
726.45
728.56
730.25
731.53
732.38
732.80
532.47
541.25
550.02
558.76
567.46
576.08
584.62
593.05
601.36
609.52
617.52
625.33
632.95
640.35
647.51
654.43
661.08
667.44
673.52
679.28
684.72
689.82
694.58
698.98
703.01
706.67
709.94
712.82
715.30
717.37
719.03
720.29
721.12
721.54
525.55
534.14
542.72
551.28
559.79
568.24
576.61
584.87
593.01
601.02
608.86
616.53
624.00
631.26
638.30
645.08
651.61
657.87
663.83
669.49
674.84
679.85
684.53
688.85
692.81
696.41
699.62
702.45
704.89
706.93
708.56
709.80
710.62
711.03
519.17
527.58
535.99
544.37
552.72
561.00
569.21
577.32
585.31
593.16
600.86
608.39
615.73
622.87
629.78
636.45
642.87
649.02
654.88
660.45
665.70
670.64
675.23
679.49
683.39
686.92
690.09
692.87
695.27
697.27
698.89
700.10
700.91
701.31
518.13
526.54
534.95
543.34
551.69
559.98
568.20
576.31
584.31
592.17
599.89
607.43
614.78
621.92
628.85
635.53
641.96
648.12
654.00
659.57
664.84
669.79
674.39
678.66
682.57
686.11
689.28
692.07
694.48
696.49
698.10
699.32
700.13
700.53
524.53
533.12
541.71
550.27
558.79
567.25
575.62
583.90
592.05
600.06
607.92
615.60
623.08
630.36
637.40
644.21
650.75
657.01
662.99
668.66
674.02
679.05
683.73
688.07
692.04
695.64
698.87
701.70
704.15
706.19
707.83
709.07
709.89
710.30
531.47
540.26
549.03
557.78
566.48
575.12
583.67
592.11
600.43
608.60
616.61
624.44
632.07
639.48
646.66
653.59
660.26
666.64
672.72
678.50
683.95
689.07
693.84
698.25
702.29
705.96
709.24
712.12
714.61
716.69
718.36
719.61
720.45
720.87
538.92
547.92
556.90
565.84
574.74
583.57
592.30
600.92
609.42
617.76
625.93
633.92
641.71
649.27
656.59
663.65
670.45
676.95
683.15
689.04
694.59
699.81
704.67
709.16
713.28
717.01
720.35
723.29
725.82
727.94
729.64
730.92
731.77
732.20
546.87
556.08
565.27
574.43
583.53
592.56
601.48
610.30
618.98
627.50
635.85
644.01
651.95
659.67
667.14
674.35
681.28
687.91
694.24
700.24
705.90
711.22
716.17
720.75
724.95
728.75
732.16
735.15
737.73
739.89
741.62
742.92
743.79
744.23
555.27
564.71
574.13
583.50
592.82
602.06
611.19
620.21
629.08
637.79
646.32
654.66
662.77
670.65
678.28
685.64
692.71
699.49
705.94
712.06
717.84
723.26
728.32
732.99
737.27
741.15
744.62
747.67
750.30
752.50
754.27
755.60
756.48
756.93
564.11
573.78
583.43
593.04
602.58
612.04
621.39
630.61
639.68
648.59
657.32
665.83
674.13
682.18
689.97
697.49
704.71
711.63
718.22
724.47
730.37
735.90
741.06
745.82
750.19
754.15
757.69
760.81
763.49
765.73
767.54
768.89
769.80
770.25
573.35
583.27
593.16
603.01
612.78
622.46
632.03
641.47
650.76
659.87
668.79
677.50
685.98
694.21
702.17
709.85
717.23
724.29
731.02
737.41
743.43
749.08
754.35
759.21
763.67
767.71
771.33
774.51
777.25
779.54
781.38
782.76
783.68
784.14
582.96
593.14
603.28
613.37
623.38
633.30
643.10
652.76
662.27
671.59
680.71
689.62
698.29
706.70
714.84
722.69
730.23
737.45
744.32
750.85
757.00
762.77
768.14
773.11
777.67
781.79
785.49
788.73
791.53
793.87
795.75
797.16
798.10
798.57
592.93
603.36
613.76
624.10
634.36
644.52
654.55
664.45
674.17
683.71
693.05
702.16
711.02
719.62
727.95
735.97
743.67
751.05
758.07
764.74
771.02
776.92
782.41
787.49
792.14
796.35
800.12
803.44
806.29
808.68
810.60
812.04
813.00
813.48
603.21
613.91
624.57
635.17
645.68
656.08
666.36
676.48
686.44
696.20
705.75
715.07
724.14
732.93
741.44
749.64
757.52
765.05
772.23
779.04
785.47
791.49
797.10
802.29
807.04
811.34
815.20
818.58
821.50
823.94
825.90
827.37
828.35
828.84
613.78
624.76
635.68
646.54
657.31
667.96
678.48
688.85
699.04
709.02
718.79
728.32
737.60
746.59
755.29
763.67
771.73
779.43
786.77
793.73
800.29
806.44
812.18
817.48
822.33
826.73
830.67
834.13
837.11
839.60
841.60
843.10
844.11
844.61
624.61
635.86
647.06
658.19
669.22
680.13
690.90
701.50
711.93
722.15
732.14
741.89
751.37
760.57
769.46
778.03
786.26
794.13
801.63
808.74
815.45
821.74
827.60
833.02
837.98
842.47
846.49
850.03
853.07
855.62
857.67
859.20
860.23
860.74
635.68
647.21
658.68
670.08
681.37
692.54
703.56
714.41
725.08
735.53
745.75
755.72
765.42
774.82
783.91
792.67
801.08
809.13
816.80
824.06
830.92
837.35
843.33
848.87
853.94
858.53
862.64
866.25
869.36
871.97
874.05
875.62
876.67
877.20
646.95
658.76
670.51
682.18
693.74
705.17
716.45
727.55
738.46
749.15
759.60
769.79
779.71
789.32
798.61
807.56
816.16
824.38
832.22
839.65
846.65
853.22
859.34
864.99
870.17
874.87
879.06
882.76
885.94
888.60
890.73
892.34
893.41
893.94
658.41
670.50
682.53
694.47
706.30
717.99
729.53
740.89
752.04
762.97
773.65
784.07
794.20
804.03
813.52
822.67
831.46
839.86
847.87
855.46
862.62
869.33
875.58
881.36
886.65
891.45
895.74
899.51
902.76
905.48
907.66
909.30
910.40
910.94
670.01
682.39
694.70
706.92
719.02
730.98
742.77
754.38
765.79
776.96
787.88
798.53
808.88
818.92
828.62
837.97
846.95
855.53
863.71
871.47
878.78
885.64
892.03
897.93
903.34
908.24
912.62
916.48
919.80
922.58
924.81
926.49
927.61
928.16
681.74
694.41
707.00
719.49
731.87
744.09
756.15
768.02
779.67
791.09
802.24
813.12
823.70
833.95
843.87
853.42
862.59
871.36
879.72
887.64
895.11
902.12
908.64
914.68
920.20
925.21
929.69
933.63
937.03
939.87
942.15
943.86
945.00
945.57
693.57
706.52
719.40
732.17
744.82
757.31
769.64
781.76
793.66
805.33
816.72
827.83
838.64
849.11
859.23
868.99
878.36
887.32
895.85
903.94
911.58
918.73
925.40
931.57
937.21
942.33
946.91
950.94
954.41
957.31
959.64
961.39
962.56
963.14
705.48
718.72
731.88
744.93
757.85
770.61
783.20
795.58
807.74
819.65
831.28
842.63
853.66
864.35
874.69
884.65
894.22
903.37
912.09
920.35
928.15
935.46
942.27
948.57
954.34
959.57
964.25
968.36
971.91
974.88
977.26
979.05
980.24
980.84
717.43
730.96
744.41
757.73
770.93
783.96
796.81
809.45
821.86
834.02
845.90
857.48
868.74
879.66
890.21
900.39
910.15
919.49
928.40
936.84
944.80
952.27
959.23
965.66
971.56
976.90
981.68
985.89
989.51
992.54
994.98
996.81
998.03
998.64
729.42
743.24
756.96
770.57
784.03
797.34
810.45
823.35
836.02
848.42
860.55
872.37
883.86
895.00
905.77
916.15
926.12
935.66
944.75
953.37
961.50
969.13
976.24
982.81
988.83
994.29
999.18
1003.48
1007.18
1010.28
1012.77
1014.64
1015.89
1016.51
741.41
755.51
769.52
783.40
797.14
810.71
824.09
837.25
850.17
862.83
875.20
887.26
898.98
910.35
921.34
931.94
942.11
951.85
961.12
969.92
978.23
986.02
993.28
999.99
1006.15
1011.73
1016.72
1021.12
1024.90
1028.07
1030.61
1032.52
1033.80
1034.44
753.39
767.77
782.05
796.22
810.23
824.07
837.71
851.13
864.31
877.21
889.83
902.12
914.08
925.68
936.89
947.70
958.09
968.02
977.49
986.48
994.96
1002.91
1010.33
1017.19
1023.48
1029.18
1034.28
1038.77
1042.64
1045.88
1048.48
1050.44
1051.74
1052.39
765.32
779.99
794.55
808.99
823.27
837.38
851.28
864.96
878.40
891.55
904.41
916.95
929.14
940.97
952.41
963.43
974.03
984.17
993.83
1003.00
1011.66
1019.79
1027.36
1034.37
1040.79
1046.62
1051.84
1056.43
1060.38
1063.70
1066.36
1068.36
1069.69
1070.36
777.19
792.14
806.98
821.69
836.24
850.62
864.79
878.73
892.41
905.82
918.93
931.71
944.14
956.20
967.86
979.10
989.91
1000.26
1010.12
1019.48
1028.32
1036.62
1044.35
1051.51
1058.08
1064.03
1069.37
1074.06
1078.11
1081.49
1084.21
1086.26
1087.63
1088.31
788.99
804.21
819.32
834.30
849.13
863.77
878.20
892.40
906.34
920.00
933.35
946.37
959.04
971.33
983.22
994.69
1005.71
1016.27
1026.33
1035.89
1044.91
1053.38
1061.29
1068.60
1075.31
1081.40
1086.85
1091.65
1095.79
1099.26
1102.04
1104.13
1105.53
1106.23
800.68
816.17
831.56
846.81
861.90
876.80
891.50
905.95
920.15
934.06
947.66
960.92
973.83
986.36
998.48
1010.17
1021.41
1032.18
1042.45
1052.20
1061.41
1070.07
1078.14
1085.62
1092.47
1098.70
1104.27
1109.19
1113.42
1116.97
1119.81
1121.96
1123.39
1124.10
812.25
828.02
843.67
859.19
874.54
889.71
904.66
919.37
933.82
947.99
961.83
975.34
988.49
1001.26
1013.61
1025.53
1036.99
1047.97
1058.45
1068.40
1077.81
1086.65
1094.90
1102.53
1109.55
1115.91
1121.61
1126.64
1130.97
1134.60
1137.52
1139.71
1141.18
1141.91
823.68
839.71
855.64
871.42
887.03
902.46
917.67
932.64
947.34
961.76
975.85
989.61
1003.00
1016.00
1028.59
1040.73
1052.42
1063.62
1074.31
1084.47
1094.08
1103.10
1111.53
1119.34
1126.51
1133.02
1138.86
1144.00
1148.44
1152.16
1155.14
1157.39
1158.89
1159.64
834.95
851.25
867.43
883.48
899.36
915.04
930.51
945.73
960.69
975.35
989.69
1003.70
1017.33
1030.57
1043.39
1055.77
1067.69
1079.11
1090.02
1100.39
1110.20
1119.42
1128.03
1136.02
1143.35
1150.01
1155.99
1161.26
1165.80
1169.61
1172.67
1174.98
1176.52
1177.29
846.04
862.60
879.05
895.35
911.49
927.43
943.15
958.63
973.83
988.75
1003.34
1017.59
1031.47
1044.95
1058.01
1070.63
1082.77
1094.42
1105.55
1116.14
1126.15
1135.58
1144.38
1152.55
1160.05
1166.87
1172.99
1178.39
1183.05
1186.95
1190.09
1192.46
1194.04
1194.82
856.94
873.76
890.46
907.02
923.41
939.60
955.58
971.31
986.77
1001.93
1016.77
1031.27
1045.39
1059.11
1072.42
1085.27
1097.65
1109.53
1120.89
1131.70
1141.93
1151.56
1160.56
1168.91
1176.60
1183.58
1189.85
1195.39
1200.16
1204.17
1207.39
1209.82
1211.44
1212.25
867.63
884.70
901.66
918.47
935.11
951.55
967.78
983.76
999.46
1014.88
1029.96
1044.71
1059.08
1073.05
1086.60
1099.69
1112.31
1124.43
1136.02
1147.05
1157.50
1167.34
1176.55
1185.11
1192.97
1200.13
1206.56
1212.24
1217.14
1221.26
1224.57
1227.06
1228.73
1229.56
878.09
895.41
912.61
929.67
946.56
963.25
979.72
995.95
1011.91
1027.57
1042.91
1057.90
1072.51
1086.73
1100.52
1113.87
1126.73
1139.09
1150.91
1162.18
1172.86
1182.92
1192.35
1201.10
1209.16
1216.51
1223.10
1228.93
1233.97
1238.20
1241.60
1244.17
1245.88
1246.74
888.31
905.87
923.32
940.62
957.75
974.69
991.40
1007.88
1024.08
1039.99
1055.57
1070.81
1085.68
1100.15
1114.19
1127.78
1140.89
1153.49
1165.56
1177.07
1187.98
1198.28
1207.93
1216.90
1225.16
1232.69
1239.47
1245.46
1250.64
1254.99
1258.49
1261.14
1262.90
1263.78
898.26
916.06
933.75
951.29
968.66
985.84
1002.80
1019.52
1035.96
1052.12
1067.95
1083.44
1098.55
1113.27
1127.56
1141.41
1154.77
1167.62
1179.94
1191.70
1202.86
1213.39
1223.27
1232.47
1240.95
1248.68
1255.64
1261.81
1267.14
1271.62
1275.24
1277.96
1279.78
1280.69
907.94
925.98
943.89
961.67
979.28
996.69
1013.89
1030.85
1047.54
1063.94
1080.02
1095.75
1111.12
1126.09
1140.63
1154.73
1168.35
1181.46
1194.04
1206.05
1217.46
1228.25
1238.37
1247.80
1256.51
1264.46
1271.63
1277.97
1283.47
1288.10
1291.83
1294.64
1296.52
1297.46
917.33
935.59
953.74
971.74
989.58
1007.23
1024.67
1041.86
1058.79
1075.43
1091.75
1107.74
1123.35
1138.58
1153.38
1167.74
1181.62
1194.99
1207.83
1220.11
1231.78
1242.83
1253.21
1262.89
1271.84
1280.02
1287.40
1293.94
1299.62
1304.40
1308.26
1311.17
1313.12
1314.10
926.41
944.90
963.27
981.50
999.56
1017.44
1035.10
1052.53
1069.70
1086.58
1103.15
1119.38
1135.24
1150.72
1165.78
1180.40
1194.55
1208.19
1221.30
1233.85
1245.80
1257.11
1267.77
1277.71
1286.92
1295.35
1302.96
1309.72
1315.59
1320.54
1324.54
1327.56
1329.58
1330.59
935.18
953.88
972.46
990.91
1009.20
1027.30
1045.19
1062.85
1080.25
1097.36
1114.17
1130.65
1146.77
1162.50
1177.82
1192.71
1207.12
1221.04
1234.43
1247.26
1259.49
1271.09
1282.03
1292.26
1301.74
1310.43
1318.29
1325.29
1331.37
1336.50
1340.66
1343.80
1345.91
1346.96
943.61
962.52
981.31
999.97
1018.47
1036.79
1054.91
1072.79
1090.42
1107.77
1124.82
1141.54
1157.91
1173.90
1189.48
1204.63
1219.32
1233.52
1247.20
1260.32
1272.84
1284.74
1295.98
1306.50
1316.28
1325.25
1333.39
1340.64
1346.96
1352.30
1356.63
1359.90
1362.10
1363.20
951.70
970.80
989.80
1008.67
1027.38
1045.91
1064.24
1082.34
1100.20
1117.78
1135.06
1152.03
1168.64
1184.89
1200.73
1216.16
1231.12
1245.61
1259.58
1273.00
1285.83
1298.05
1309.59
1320.44
1330.53
1339.81
1348.25
1355.78
1362.36
1367.93
1372.45
1375.88
1378.18
1379.34
959.42
978.72
997.92
1016.98
1035.90
1054.63
1073.17
1091.49
1109.57
1127.37
1144.89
1162.09
1178.95
1195.45
1211.56
1227.26
1242.51
1257.28
1271.55
1285.28
1298.44
1310.98
1322.86
1334.04
1344.46
1354.09
1362.85
1370.69
1377.56
1383.39
1388.13
1391.74
1394.16
1395.38
966.78
986.27
1005.65
1024.90
1044.01
1062.95
1081.69
1100.22
1118.51
1136.53
1154.28
1171.71
1188.82
1205.57
1221.95
1237.91
1253.44
1268.52
1283.09
1297.14
1310.63
1323.51
1335.74
1347.28
1358.08
1368.06
1377.18
1385.37
1392.57
1398.69
1403.69
1407.49
1410.06
1411.35
973.75
993.42
1012.98
1032.42
1051.71
1070.84
1089.78
1108.51
1127.01
1145.25
1163.21
1180.88
1198.23
1215.23
1231.86
1248.10
1263.92
1279.29
1294.18
1308.55
1322.38
1335.62
1348.23
1360.15
1371.33
1381.72
1391.24
1399.81
1407.38
1413.84
1419.13
1423.17
1425.90
1427.27
980.33
1000.16
1019.90
1039.51
1058.99
1078.30
1097.43
1116.35
1135.04
1153.49
1171.68
1189.57
1207.15
1224.39
1241.28
1257.79
1273.90
1289.57
1304.77
1319.49
1333.67
1347.28
1360.28
1372.61
1384.21
1395.03
1404.99
1414.00
1421.98
1428.84
1434.47
1438.79
1441.72
1443.19
986.51
1006.50
1026.39
1046.17
1065.82
1085.30
1104.61
1123.72
1142.61
1161.26
1179.65
1197.76
1215.57
1233.05
1250.20
1266.97
1283.36
1299.33
1314.86
1329.91
1344.45
1358.45
1371.86
1384.62
1396.68
1407.97
1418.41
1427.92
1436.38
1443.69
1449.73
1454.39
1457.56
1459.16
992.27
1012.41
1032.46
1052.39
1072.20
1091.85
1111.33
1130.61
1149.68
1168.52
1187.11
1205.43
1223.46
1241.18
1258.57
1275.61
1292.28
1308.55
1324.39
1339.79
1354.70
1369.10
1382.93
1396.15
1408.69
1420.50
1431.48
1441.54
1450.56
1458.41
1464.94
1470.01
1473.48
1475.24
997.61
1017.88
1038.08
1058.16
1078.11
1097.92
1117.56
1137.01
1156.25
1175.28
1194.05
1212.57
1230.81
1248.76
1266.39
1283.68
1300.62
1317.19
1333.35
1349.09
1364.38
1379.18
1393.45
1407.15
1420.21
1432.58
1444.15
1454.84
1464.50
1472.98
1480.12
1485.70
1489.56
1491.53
1002.51
1022.92
1043.24
1063.46
1083.55
1103.50
1123.29
1142.90
1162.30
1181.50
1200.46
1219.16
1237.61
1255.76
1273.62
1291.16
1308.37
1325.22
1341.70
1357.78
1373.44
1388.65
1403.37
1417.56
1431.17
1444.14
1456.37
1467.76
1478.16
1487.41
1495.29
1501.54
1505.91
1508.16
1006.97
1027.50
1047.94
1068.28
1088.51
1108.59
1128.51
1148.27
1167.82
1187.17
1206.30
1225.19
1243.82
1262.18
1280.25
1298.02
1315.48
1332.61
1349.39
1365.81
1381.83
1397.45
1412.63
1427.33
1441.51
1455.11
1468.05
1480.23
1491.50
1501.67
1510.48
1517.61
1522.69
1525.35
1010.99
1031.62
1052.17
1072.63
1092.97
1113.17
1133.22
1153.10
1172.80
1192.29
1211.57
1230.62
1249.43
1267.97
1286.25
1304.25
1321.94
1339.33
1356.40
1373.14
1389.52
1405.54
1421.16
1436.38
1451.14
1465.40
1479.10
1492.15
1504.41
1515.68
1525.67
1533.98
1540.11
1543.50
1014.54
1035.27
1055.92
1076.48
1096.92
1117.23
1137.40
1157.40
1177.22
1196.84
1216.26
1235.46
1254.42
1273.14
1291.60
1309.80
1327.72
1345.35
1362.69
1379.73
1396.45
1412.85
1428.91
1444.63
1459.97
1474.91
1489.40
1503.39
1516.75
1529.31
1540.76
1550.67
1558.23
1563.57
1017.64
1038.45
1059.19
1079.83
1100.36
1120.77
1141.04
1161.14
1181.07
1200.81
1220.35
1239.68
1258.79
1277.66
1296.29
1314.66
1332.78
1350.64
1368.22
1385.54
1402.57
1419.33
1435.81
1452.00
1467.90
1483.51
1498.80
1513.75
1528.29
1542.29
1555.46
1567.57
1574.71
1578.22
1020.27
1041.15
1061.96
1082.68
1103.29
1123.78
1144.13
1164.32
1184.35
1204.19
1223.84
1243.28
1262.51
1281.51
1300.28
1318.82
1337.11
1355.16
1372.97
1390.53
1407.85
1424.93
1441.78
1458.41
1474.83
1491.06
1507.11
1523.00
1538.73
1554.25
1569.07
1579.04
1585.12
1588.04
1022.43
1043.36
1064.23
1085.02
1105.69
1126.25
1146.67
1166.94
1187.04
1206.96
1226.70
1246.24
1265.57
1284.68
1303.58
1322.25
1340.69
1358.90
1376.89
1394.67
1412.22
1429.58
1446.76
1463.77
1480.65
1497.44
1514.17
1530.91
1547.77
1565.20
1577.98
1586.66
1591.99
1594.56
1024.11
1045.09
1066.01
1086.84
1107.57
1128.17
1148.65
1168.97
1189.14
1209.13
1228.93
1248.55
1267.96
1287.16
1306.15
1324.93
1343.49
1361.84
1379.98
1397.92
1415.67
1433.26
1450.70
1468.03
1485.28
1502.53
1519.82
1537.23
1554.72
1571.99
1583.78
1591.67
1596.51
1598.84
1025.31
1046.33
1067.28
1088.14
1108.91
1129.55
1150.07
1170.43
1190.64
1210.68
1230.54
1250.20
1269.67
1288.94
1308.00
1326.85
1345.50
1363.94
1382.19
1400.26
1418.16
1435.91
1453.54
1471.10
1488.64
1506.23
1523.96
1541.94
1560.09
1576.48
1587.46
1594.83
1599.36
1601.53
1026.03
1047.07
1068.04
1088.93
1109.71
1130.38
1150.92
1171.31
1191.55
1211.61
1231.50
1251.20
1270.70
1290.01
1309.11
1328.01
1346.71
1365.21
1383.53
1401.67
1419.65
1437.51
1455.26
1472.97
1490.68
1508.48
1526.49
1544.93
1564.27
1579.06
1589.51
1596.57
1600.93
1603.01
1026.27
1047.32
1068.29
1089.19
1109.98
1130.66
1151.20
1171.60
1191.85
1211.92
1231.82
1251.53
1271.04
1290.36
1309.48
1328.40
1347.11
1365.63
1383.97
1402.14
1420.15
1438.04
1455.84
1473.59
1491.36
1509.23
1527.34
1545.91
1565.38
1579.86
1590.16
1597.13
1601.43
1603.48
1026.03
1047.07
1068.04
1088.92
1109.71
1130.38
1150.92
1171.31
1191.54
1211.61
1231.49
1251.19
1270.70
1290.00
1309.11
1328.01
1346.71
1365.21
1383.52
1401.66
1419.65
1437.50
1455.26
1472.96
1490.67
1508.47
1526.49
1544.92
1564.27
1579.05
1589.50
1596.57
1600.93
1603.00
1025.31
1046.32
1067.27
1088.14
1108.90
1129.55
1150.06
1170.43
1190.64
1210.67
1230.53
1250.20
1269.67
1288.93
1307.99
1326.85
1345.49
1363.94
1382.18
1400.25
1418.15
1435.90
1453.53
1471.09
1488.63
1506.22
1523.95
1541.93
1560.08
1576.47
1587.45
1594.82
1599.35
1601.52
1024.10
1045.09
1066.00
1086.83
1107.56
1128.17
1148.64
1168.97
1189.13
1209.12
1228.93
1248.54
1267.95
1287.15
1306.14
1324.92
1343.48
1361.82
1379.96
1397.90
1415.66
1433.24
1450.68
1468.01
1485.27
1502.51
1519.80
1537.21
1554.69
1571.97
1583.76
1591.65
1596.50
1598.82
1022.42
1043.36
1064.23
1085.01
1105.68
1126.24
1146.66
1166.92
1187.03
1206.95
1226.69
1246.22
1265.55
1284.67
1303.56
1322.23
1340.67
1358.89
1376.88
1394.65
1412.21
1429.57
1446.74
1463.75
1480.63
1497.41
1514.14
1530.88
1547.73
1565.17
1577.96
1586.64
1591.97
1594.54
1020.26
1041.14
1061.95
1082.67
1103.28
1123.77
1144.12
1164.31
1184.33
1204.17
1223.82
1243.26
1262.49
1281.49
1300.27
1318.80
1337.10
1355.14
1372.95
1390.51
1407.82
1424.90
1441.75
1458.38
1474.80
1491.03
1507.08
1522.96
1538.69
1554.22
1569.03
1579.00
1585.08
1588.00
1017.63
1038.44
1059.17
1079.82
1100.35
1120.76
1141.02
1161.12
1181.05
1200.80
1220.34
1239.67
1258.77
1277.64
1296.27
1314.64
1332.76
1350.61
1368.20
1385.51
1402.55
1419.30
1435.78
1451.97
1467.87
1483.47
1498.76
1513.70
1528.24
1542.24
1555.41
1567.53
1574.65
1578.14
1014.53
1035.26
1055.91
1076.46
1096.90
1117.22
1137.38
1157.38
1177.20
1196.83
1216.24
1235.44
1254.40
1273.12
1291.58
1309.77
1327.69
1345.32
1362.66
1379.70
1396.42
1412.82
1428.88
1444.59
1459.93
1474.87
1489.36
1503.34
1516.70
1529.26
1540.70
1550.59
1558.11
1563.36
1010.97
1031.60
1052.15
1072.61
1092.95
1113.15
1133.20
1153.08
1172.78
1192.27
1211.55
1230.60
1249.40
1267.95
1286.22
1304.22
1321.91
1339.30
1356.37
1373.10
1389.49
1405.50
1421.13
1436.34
1451.10
1465.36
1479.06
1492.10
1504.36
1515.63
1525.61
1533.90
1539.99
1543.33
1006.95
1027.48
1047.92
1068.26
1088.48
1108.57
1128.49
1148.24
1167.80
1187.15
1206.27
1225.16
1243.79
1262.15
1280.22
1297.99
1315.45
1332.58
1349.36
1365.77
1381.79
1397.41
1412.58
1427.28
1441.46
1455.06
1468.00
1480.18
1491.45
1501.61
1510.41
1517.53
1522.59
1525.23
1002.49
1022.90
1043.22
1063.44
1083.53
1103.48
1123.26
1142.87
1162.28
1181.47
1200.43
1219.13
1237.58
1255.73
1273.59
1291.13
1308.33
1325.18
1341.66
1357.74
1373.40
1388.60
1403.32
1417.51
1431.12
1444.09
1456.31
1467.70
1478.11
1487.35
1495.23
1501.47
1505.83
1508.07
997.58
1017.86
1038.05
1058.13
1078.09
1097.89
1117.53
1136.98
1156.22
1175.24
1194.02
1212.54
1230.78
1248.72
1266.35
1283.65
1300.58
1317.15
1333.31
1349.05
1364.33
1379.13
1393.40
1407.10
1420.16
1432.52
1444.10
1454.78
1464.44
1472.92
1480.05
1485.63
1489.48
1491.45
992.25
1012.38
1032.43
1052.37
1072.17
1091.82
1111.30
1130.58
1149.65
1168.49
1187.08
1205.40
1223.43
1241.14
1258.53
1275.57
1292.24
1308.50
1324.35
1339.74
1354.66
1369.05
1382.88
1396.09
1408.64
1420.44
1431.42
1441.48
1450.50
1458.34
1464.87
1469.94
1473.41
1475.17
986.48
1006.47
1026.37
1046.15
1065.79
1085.27
1104.58
1123.69
1142.57
1161.22
1179.61
1197.72
1215.53
1233.01
1250.15
1266.93
1283.32
1299.28
1314.81
1329.86
1344.40
1358.40
1371.80
1384.56
1396.62
1407.91
1418.35
1427.85
1436.32
1443.62
1449.66
1454.32
1457.49
1459.09
980.31
1000.14
1019.87
1039.48
1058.95
1078.26
1097.39
1116.31
1135.01
1153.46
1171.64
1189.53
1207.11
1224.35
1241.24
1257.75
1273.85
1289.52
1304.72
1319.43
1333.61
1347.22
1360.22
1372.55
1384.15
1394.97
1404.92
1413.93
1421.91
1428.77
1434.40
1438.72
1441.65
1443.12
973.72
993.39
1012.95
1032.39
1051.68
1070.81
1089.74
1108.47
1126.97
1145.21
1163.17
1180.84
1198.18
1215.18
1231.81
1248.05
1263.87
1279.24
1294.12
1308.50
1322.33
1335.56
1348.17
1360.09
1371.27
1381.65
1391.17
1399.75
1407.31
1413.77
1419.06
1423.10
1425.83
1427.20
966.75
986.23
1005.61
1024.87
1043.98
1062.91
1081.65
1100.18
1118.47
1136.49
1154.23
1171.67
1188.78
1205.53
1221.90
1237.86
1253.39
1268.46
1283.04
1297.09
1310.57
1323.45
1335.68
1347.22
1358.01
1367.99
1377.11
1385.30
1392.50
1398.62
1403.62
1407.42
1409.98
1411.27
959.39
978.69
997.88
1016.95
1035.86
1054.60
1073.13
1091.45
1109.52
1127.33
1144.84
1162.04
1178.91
1195.40
1211.51
1227.20
1242.45
1257.23
1271.49
1285.22
1298.38
1310.91
1322.79
1333.97
1344.40
1354.02
1362.78
1370.62
1377.49
1383.32
1388.06
1391.66
1394.09
1395.30
951.66
970.77
989.76
1008.63
1027.34
1045.87
1064.20
1082.30
1100.15
1117.73
1135.02
1151.98
1168.59
1184.84
1200.68
1216.10
1231.07
1245.55
1259.52
1272.94
1285.77
1297.98
1309.53
1320.37
1330.46
1339.74
1348.17
1355.71
1362.28
1367.85
1372.37
1375.80
1378.11
1379.26
943.57
962.48
981.27
999.93
1018.43
1036.75
1054.86
1072.75
1090.37
1107.72
1124.77
1141.49
1157.85
1173.84
1189.43
1204.58
1219.26
1233.46
1247.13
1260.25
1272.78
1284.68
1295.91
1306.43
1316.20
1325.18
1333.32
1340.57
1346.88
1352.22
1356.55
1359.83
1362.02
1363.12
935.14
953.84
972.42
990.87
1009.15
1027.25
1045.14
1062.80
1080.20
1097.31
1114.12
1130.60
1146.71
1162.45
1177.77
1192.65
1207.06
1220.98
1234.37
1247.19
1259.42
1271.03
1281.96
1292.18
1301.66
1310.35
1318.22
1325.21
1331.29
1336.43
1340.58
1343.72
1345.82
1346.88
926.37
944.86
963.22
981.45
999.52
1017.39
1035.06
1052.48
1069.65
1086.53
1103.09
1119.32
1135.19
1150.66
1165.73
1180.34
1194.49
1208.13
1221.24
1233.78
1245.73
1257.04
1267.69
1277.64
1286.84
1295.27
1302.88
1309.64
1315.51
1320.46
1324.45
1327.48
1329.50
1330.51
917.29
935.55
953.69
971.70
989.54
1007.18
1024.62
1041.81
1058.74
1075.38
1091.70
1107.68
1123.30
1138.52
1153.32
1167.67
1181.55
1194.93
1207.76
1220.04
1231.71
1242.75
1253.13
1262.81
1271.76
1279.94
1287.32
1293.86
1299.54
1304.32
1308.18
1311.09
1313.04
1314.01
907.90
925.93
943.85
961.62
979.23
996.64
1013.84
1030.80
1047.49
1063.88
1079.96
1095.69
1111.06
1126.03
1140.57
1154.67
1168.28
1181.39
1193.97
1205.98
1217.39
1228.17
1238.29
1247.73
1256.43
1264.38
1271.54
1277.89
1283.39
1288.01
1291.74
1294.56
1296.44
1297.38
898.22
916.02
933.70
951.24
968.61
985.79
1002.75
1019.46
1035.91
1052.06
1067.89
1083.38
1098.49
1113.21
1127.50
1141.34
1154.70
1167.55
1179.87
1191.62
1202.78
1213.31
1223.19
1232.39
1240.87
1248.60
1255.56
1261.72
1267.06
1271.54
1275.15
1277.87
1279.70
1280.61
888.26
905.82
923.27
940.57
957.70
974.63
991.35
1007.82
1024.02
1039.93
1055.51
1070.75
1085.61
1100.08
1114.12
1127.71
1140.82
1153.42
1165.49
1176.99
1187.91
1198.20
1207.85
1216.82
1225.08
1232.61
1239.38
1245.37
1250.55
1254.90
1258.41
1261.05
1262.81
1263.70
878.04
895.36
912.56
929.62
946.51
963.20
979.67
995.89
1011.85
1027.51
1042.84
1057.83
1072.45
1086.67
1100.46
1113.80
1126.66
1139.01
1150.84
1162.10
1172.78
1182.85
1192.27
1201.02
1209.08
1216.42
1223.02
1228.84
1233.88
1238.11
1241.51
1244.08
1245.79
1246.65
867.58
884.65
901.60
918.41
935.05
951.50
967.72
983.70
999.40
1014.81
1029.90
1044.64
1059.01
1072.98
1086.53
1099.62
1112.24
1124.35
1135.94
1146.97
1157.42
1167.26
1176.47
1185.02
1192.89
1200.05
1206.47
1212.15
1217.05
1221.17
1224.48
1226.97
1228.64
1229.47
856.89
873.71
890.41
906.97
923.35
939.55
955.52
971.25
986.70
1001.87
1016.71
1031.20
1045.32
1059.04
1072.35
1085.20
1097.58
1109.46
1120.81
1131.62
1141.85
1151.48
1160.48
1168.83
1176.51
1183.50
1189.77
1195.30
1200.08
1204.08
1207.30
1209.73
1211.35
1212.16
845.99
862.55
879.00
895.30
911.43
927.37
943.09
958.56
973.77
988.68
1003.27
1017.52
1031.40
1044.88
1057.94
1070.55
1082.70
1094.35
1105.47
1116.06
1126.07
1135.49
1144.30
1152.46
1159.96
1166.79
1172.90
1178.30
1182.96
1186.86
1190.00
1192.37
1193.94
1194.73
834.90
851.20
867.38
883.42
899.30
914.98
930.45
945.67
960.62
975.28
989.63
1003.63
1017.26
1030.50
1043.32
1055.70
1067.61
1079.03
1089.94
1100.31
1110.11
1119.34
1127.95
1135.93
1143.26
1149.93
1155.90
1161.17
1165.71
1169.52
1172.58
1174.88
1176.42
1177.19
823.62
839.66
855.58
871.36
886.98
902.40
917.61
932.58
947.28
961.69
975.78
989.54
1002.93
1015.93
1028.51
1040.66
1052.34
1063.54
1074.23
1084.39
1093.99
1103.02
1111.45
1119.25
1126.42
1132.93
1138.77
1143.91
1148.35
1152.06
1155.05
1157.30
1158.80
1159.55
812.19
827.96
843.61
859.13
874.48
889.65
904.60
919.31
933.76
947.92
961.76
975.27
988.42
1001.18
1013.53
1025.45
1036.91
1047.89
1058.37
1068.32
1077.72
1086.56
1094.81
1102.45
1109.46
1115.82
1121.52
1126.55
1130.88
1134.51
1137.43
1139.62
1141.09
1141.82
800.62
816.12
831.50
846.75
861.84
876.74
891.43
905.89
920.08
933.99
947.59
960.85
973.76
986.28
998.40
1010.09
1021.33
1032.10
1042.37
1052.12
1061.33
1069.98
1078.05
1085.53
1092.38
1098.61
1104.18
1109.09
1113.33
1116.87
1119.72
1121.86
1123.29
1124.01
788.93
804.15
819.26
834.24
849.07
863.70
878.13
892.33
906.27
919.93
933.28
946.30
958.97
971.26
983.14
994.61
1005.63
1016.19
1026.25
1035.80
1044.82
1053.30
1061.20
1068.51
1075.22
1081.31
1086.76
1091.56
1095.70
1099.16
1101.94
1104.04
1105.43
1106.13
777.14
792.08
806.92
821.63
836.18
850.55
864.72
878.66
892.34
905.75
918.85
931.63
944.06
956.12
967.78
979.02
989.83
1000.17
1010.04
1019.39
1028.23
1036.53
1044.26
1051.42
1057.99
1063.94
1069.27
1073.97
1078.01
1081.40
1084.12
1086.16
1087.53
1088.21
765.26
779.93
794.49
808.92
823.21
837.31
851.22
864.90
878.32
891.48
904.34
916.87
929.07
940.89
952.33
963.35
973.94
984.08
993.75
1002.92
1011.57
1019.70
1027.27
1034.28
1040.70
1046.53
1051.74
1056.33
1060.29
1063.60
1066.26
1068.26
1069.59
1070.26
753.33
767.71
781.99
796.15
810.16
824.00
837.64
851.06
864.24
877.14
889.75
902.05
914.01
925.60
936.81
947.62
958.00
967.94
977.41
986.39
994.87
1002.82
1010.24
1017.09
1023.38
1029.08
1034.18
1038.68
1042.55
1045.78
1048.38
1050.34
1051.64
1052.30
741.35
755.45
769.46
783.34
797.08
810.65
824.02
837.18
850.10
862.76
875.12
887.18
898.90
910.27
921.26
931.85
942.03
951.76
961.04
969.84
978.14
985.93
993.19
999.90
1006.05
1011.63
1016.62
1021.02
1024.80
1027.97
1030.51
1032.43
1033.70
1034.34
729.36
743.18
756.90
770.50
783.97
797.27
810.38
823.28
835.95
848.35
860.47
872.29
883.78
894.92
905.69
916.07
926.04
935.58
944.66
953.28
961.41
969.04
976.14
982.72
988.74
994.20
999.08
1003.38
1007.08
1010.18
1012.67
1014.54
1015.79
1016.41
717.38
730.90
744.34
757.67
770.86
783.89
796.74
809.38
821.79
833.95
845.82
857.40
868.66
879.58
890.13
900.30
910.07
919.41
928.31
936.75
944.71
952.17
959.13
965.57
971.46
976.80
981.58
985.79
989.41
992.44
994.88
996.71
997.93
998.54
705.42
718.66
731.81
744.86
757.78
770.54
783.13
795.51
807.66
819.57
831.21
842.55
853.58
864.27
874.61
884.57
894.13
903.28
912.00
920.26
928.06
935.37
942.18
948.47
954.24
959.47
964.15
968.27
971.81
974.78
977.16
978.95
980.14
980.74
693.51
706.46
719.34
732.11
744.75
757.25
769.56
781.69
793.59
805.25
816.64
827.75
838.55
849.03
859.15
868.90
878.27
887.23
895.76
903.85
911.48
918.64
925.31
931.47
937.12
942.23
946.81
950.84
954.31
957.21
959.54
961.29
962.46
963.04
681.68
694.35
706.94
719.43
731.80
744.02
756.08
767.95
779.60
791.01
802.17
813.04
823.62
833.87
843.78
853.33
862.50
871.27
879.62
887.55
895.02
902.02
908.55
914.58
920.11
925.11
929.59
933.53
936.93
939.77
942.04
943.76
944.90
945.47
669.95
682.33
694.64
706.85
718.95
730.91
742.70
754.31
765.71
776.88
787.80
798.45
808.80
818.83
828.53
837.88
846.86
855.44
863.62
871.37
878.69
885.54
891.93
897.83
903.24
908.14
912.52
916.38
919.70
922.48
924.71
926.38
927.50
928.06
658.35
670.44
682.47
694.41
706.23
717.92
729.46
740.81
751.96
762.89
773.58
783.99
794.12
803.94
813.44
822.59
831.37
839.77
847.78
855.36
862.52
869.23
875.48
881.26
886.55
891.35
895.64
899.41
902.66
905.38
907.56
909.20
910.29
910.84
646.89
658.70
670.45
682.12
693.67
705.10
716.38
727.48
738.39
749.07
759.52
769.71
779.62
789.23
798.52
807.48
816.07
824.29
832.13
839.55
846.56
853.12
859.24
864.89
870.07
874.77
878.96
882.66
885.83
888.49
890.63
892.23
893.30
893.84
635.62
647.15
658.62
670.01
681.30
692.47
703.49
714.34
725.00
735.45
745.67
755.64
765.33
774.73
783.82
792.58
800.99
809.04
816.70
823.97
830.82
837.25
843.24
848.77
853.84
858.43
862.54
866.15
869.26
871.86
873.95
875.52
876.57
877.09
624.55
635.80
647.00
658.12
669.15
680.06
690.82
701.43
711.85
722.07
732.06
741.81
751.29
760.48
769.37
777.94
786.17
794.04
801.54
808.65
815.36
821.65
827.50
832.92
837.88
842.37
846.39
849.93
852.97
855.52
857.56
859.10
860.12
860.64
613.72
624.69
635.62
646.48
657.24
667.89
678.41
688.77
698.96
708.95
718.71
728.24
737.51
746.51
755.20
763.59
771.64
779.34
786.67
793.63
800.19
806.35
812.08
817.38
822.23
826.63
830.56
834.02
837.00
839.50
841.50
843.00
844.00
844.51
603.15
613.85
624.51
635.10
645.61
656.02
666.29
676.41
686.36
696.12
705.67
714.99
724.05
732.85
741.35
749.55
757.43
764.96
772.14
778.95
785.37
791.39
797.00
802.19
806.94
811.24
815.09
818.48
821.40
823.84
825.80
827.27
828.25
828.74
592.87
603.30
613.70
624.04
634.29
644.45
654.48
664.37
674.10
683.63
692.97
702.08
710.94
719.54
727.86
735.88
743.58
750.96
757.98
764.64
770.93
776.82
782.31
787.39
792.04
796.25
800.02
803.34
806.19
808.58
810.50
811.94
812.90
813.38
582.90
593.08
603.22
613.31
623.32
633.23
643.03
652.69
662.19
671.51
680.64
689.54
698.21
706.62
714.76
722.60
730.14
737.36
744.23
750.75
756.90
762.67
768.05
773.02
777.57
781.69
785.38
788.63
791.43
793.76
795.64
797.05
797.99
798.47
573.29
583.21
593.10
602.94
612.71
622.39
631.96
641.40
650.68
659.79
668.71
677.42
685.90
694.13
702.09
709.77
717.14
724.20
730.93
737.31
743.34
748.99
754.25
759.11
763.57
767.61
771.23
774.41
777.14
779.43
781.27
782.65
783.58
784.04
564.05
573.72
583.37
592.98
602.51
611.97
621.32
630.54
639.61
648.52
657.24
665.75
674.05
682.10
689.89
697.40
704.62
711.54
718.12
724.37
730.27
735.80
740.96
745.72
750.09
754.05
757.59
760.70
763.39
765.63
767.43
768.79
769.69
770.14
555.21
564.65
574.06
583.44
592.75
601.99
611.12
620.13
629.00
637.71
646.24
654.58
662.69
670.57
678.20
685.55
692.63
699.39
705.85
711.97
717.75
723.17
728.22
732.89
737.17
741.05
744.52
747.57
750.20
752.40
754.17
755.49
756.38
756.82
546.81
556.02
565.21
574.36
583.46
592.49
601.41
610.23
618.90
627.42
635.77
643.93
651.87
659.59
667.06
674.26
681.19
687.82
694.15
700.15
705.81
711.12
716.08
720.65
724.85
728.65
732.06
735.05
737.63
739.79
741.52
742.82
743.69
744.12
538.87
547.86
556.83
565.78
574.67
583.50
592.23
600.85
609.34
617.68
625.86
633.84
641.62
649.18
656.50
663.57
670.36
676.86
683.06
688.94
694.50
699.71
704.57
709.06
713.18
716.91
720.25
723.19
725.72
727.83
729.53
730.81
731.66
732.09
531.41
540.20
548.97
557.72
566.42
575.05
583.60
592.04
600.35
608.52
616.53
624.36
631.99
639.40
646.58
653.50
660.17
666.55
672.63
678.41
683.86
688.97
693.74
698.15
702.19
705.86
709.14
712.02
714.51
716.59
718.26
719.51
720.35
720.77
524.47
533.06
541.65
550.21
558.73
567.18
575.55
583.82
591.97
599.99
607.84
615.52
623.00
630.27
637.32
644.12
650.66
656.92
662.90
668.57
673.93
678.95
683.64
687.97
691.94
695.54
698.77
701.60
704.05
706.09
707.73
708.96
709.79
710.20
518.07
526.48
534.89
543.28
551.63
559.92
568.13
576.24
584.24
592.10
599.81
607.35
614.70
621.84
628.76
635.44
641.87
648.03
653.91
659.48
664.75
669.69
674.30
678.56
682.47
686.01
689.18
691.97
694.37
696.39
698.00
699.21
700.02
700.43
