529.90
538.32
546.72
555.09
563.40
571.64
579.80
587.84
595.76
603.54
611.15
618.59
625.83
632.87
639.68
646.25
652.56
658.60
664.36
669.82
674.98
679.82
684.33
688.49
692.31
695.77
698.87
701.59
703.94
705.90
707.48
708.66
709.45
709.84
536.09
544.67
553.23
561.75
570.22
578.61
586.91
595.09
603.15
611.06
618.81
626.37
633.73
640.88
647.80
654.48
660.89
667.03
672.88
678.43
683.66
688.58
693.15
697.38
701.26
704.77
707.92
710.68
713.06
715.05
716.65
717.85
718.66
719.06
542.79
551.55
560.28
568.98
577.61
586.16
594.61
602.95
611.16
619.21
627.10
634.79
642.29
649.56
656.60
663.39
669.91
676.15
682.10
687.74
693.06
698.06
702.71
707.01
710.95
714.51
717.71
720.52
722.94
724.96
726.58
727.80
728.62
729.03
550.00
558.94
567.86
576.73
585.54
594.26
602.88
611.39
619.75
627.96
635.99
643.83
651.46
658.87
666.03
672.94
679.58
685.93
691.98
697.72
703.14
708.22
712.95
717.32
721.33
724.96
728.20
731.06
733.52
735.58
737.23
738.47
739.30
739.71
557.68
566.82
575.93
584.99
593.98
602.89
611.69
620.36
628.89
637.26
645.45
653.44
661.22
668.77
676.07
683.11
689.87
696.34
702.50
708.34
713.86
719.03
723.84
728.29
732.37
736.06
739.37
742.27
744.78
746.87
748.55
749.81
750.66
751.08
565.80
575.15
584.46
593.72
602.91
612.01
620.99
629.85
638.55
647.09
655.45
663.60
671.53
679.22
686.67
693.84
700.73
707.32
713.60
719.56
725.17
730.44
735.34
739.88
744.03
747.79
751.15
754.11
756.66
758.79
760.50
761.79
762.65
763.08
574.34
583.91
593.43
602.90
612.29
621.59
630.76
639.81
648.70
657.42
665.94
674.26
682.35
690.20
697.79
705.11
712.13
718.85
725.26
731.32
737.05
742.41
747.41
752.03
756.26
760.10
763.52
766.54
769.13
771.31
773.05
774.36
775.23
775.67
583.27
593.06
602.81
612.49
622.10
631.60
640.98
650.22
659.30
668.20
676.90
685.39
693.65
701.66
709.41
716.87
724.04
730.89
737.42
743.61
749.44
754.92
760.01
764.72
769.03
772.94
776.44
779.51
782.15
784.37
786.14
787.48
788.37
788.81
592.57
602.59
612.56
622.47
632.29
642.01
651.59
661.03
670.31
679.40
688.29
696.96
705.40
713.57
721.48
729.09
736.41
743.40
750.06
756.37
762.32
767.90
773.10
777.90
782.30
786.29
789.85
792.98
795.68
797.94
799.75
801.11
802.02
802.47
602.20
612.46
622.67
632.80
642.85
652.78
662.58
672.23
681.71
691.00
700.08
708.94
717.55
725.89
733.96
741.74
749.20
756.33
763.13
769.57
775.64
781.34
786.64
791.54
796.02
800.09
803.72
806.92
809.67
811.97
813.82
815.21
816.13
816.60
612.14
622.64
633.09
643.46
653.73
663.89
673.91
683.77
693.46
702.95
712.23
721.27
730.07
738.59
746.83
754.76
762.38
769.66
776.60
783.17
789.37
795.18
800.59
805.59
810.16
814.31
818.02
821.28
824.09
826.43
828.32
829.73
830.68
831.15
622.36
633.11
643.80
654.41
664.92
675.31
685.55
695.63
705.53
715.23
724.70
733.94
742.92
751.62
760.04
768.14
775.91
783.35
790.43
797.14
803.46
809.39
814.91
820.01
824.68
828.91
832.70
836.02
838.89
841.28
843.21
844.65
845.61
846.10
632.84
643.84
654.78
665.63
676.38
686.99
697.47
707.77
717.88
727.79
737.47
746.91
756.08
764.96
773.55
781.82
789.76
797.35
804.58
811.43
817.88
823.93
829.57
834.77
839.54
843.86
847.72
851.12
854.04
856.48
858.45
859.92
860.90
861.40
643.54
654.80
665.98
677.08
688.07
698.93
709.63
720.16
730.49
740.61
750.50
760.14
769.50
778.58
787.35
795.79
803.90
811.64
819.02
826.01
832.60
838.78
844.53
849.84
854.71
859.11
863.05
866.52
869.50
872.00
874.00
875.51
876.51
877.01
654.44
665.95
677.40
688.74
699.98
711.07
722.01
732.77
743.32
753.66
763.76
773.60
783.16
792.43
801.38
810.00
818.28
826.19
833.71
840.85
847.58
853.88
859.75
865.18
870.14
874.64
878.66
882.20
885.25
887.79
889.84
891.37
892.40
892.91
665.51
677.29
688.99
700.59
712.07
723.40
734.58
745.56
756.35
766.90
777.22
787.26
797.03
806.49
815.63
824.43
832.87
840.95
848.63
855.91
862.78
869.22
875.21
880.74
885.81
890.41
894.51
898.12
901.23
903.83
905.92
907.49
908.54
909.06
676.73
688.77
700.73
712.58
724.31
735.89
747.30
758.52
769.53
780.31
790.84
801.10
811.06
820.72
830.05
839.03
847.65
855.89
863.74
871.17
878.18
884.75
890.86
896.52
901.69
906.38
910.57
914.26
917.43
920.09
922.22
923.82
924.89
925.42
688.07
700.37
712.59
724.70
736.68
748.51
760.16
771.62
782.86
793.86
804.61
815.08
825.25
835.10
844.62
853.79
862.59
871.00
879.00
886.59
893.74
900.45
906.69
912.46
917.74
922.53
926.81
930.57
933.81
936.52
938.70
940.33
941.42
941.97
699.51
712.08
724.56
736.92
749.15
761.23
773.12
784.82
796.29
807.52
818.48
829.16
839.54
849.60
859.31
868.67
877.65
886.23
894.40
902.14
909.44
916.29
922.66
928.55
933.94
938.82
943.19
947.03
950.34
953.11
955.33
957.00
958.11
958.67
711.02
723.86
736.60
749.22
761.70
774.02
786.16
798.09
809.80
821.25
832.44
843.34
853.93
864.19
874.10
883.64
892.80
901.56
909.90
917.80
925.25
932.23
938.73
944.74
950.25
955.24
959.70
963.62
967.00
969.82
972.09
973.80
974.93
975.50
722.59
735.69
748.69
761.57
774.30
786.87
799.25
811.42
823.36
835.05
846.46
857.57
868.37
878.84
888.95
898.68
908.03
916.96
925.47
933.53
941.13
948.26
954.90
961.03
966.65
971.74
976.30
980.30
983.75
986.64
988.95
990.69
991.85
992.43
734.18
747.54
760.80
773.94
786.93
799.75
812.37
824.78
836.96
848.87
860.51
871.84
882.85
893.53
903.84
913.77
923.30
932.41
941.09
949.31
957.07
964.34
971.12
977.38
983.11
988.31
992.96
997.05
1000.57
1003.52
1005.89
1007.66
1008.85
1009.44
745.77
759.40
772.92
786.32
799.56
812.63
825.50
838.15
850.56
862.70
874.56
886.12
897.34
908.22
918.74
928.86
938.58
947.88
956.73
965.12
973.04
980.46
987.37
993.76
999.62
1004.92
1009.67
1013.85
1017.44
1020.45
1022.87
1024.69
1025.90
1026.50
757.35
771.24
785.03
798.68
812.17
825.49
838.60
851.49
864.14
876.51
888.60
900.38
911.82
922.91
933.63
943.95
953.86
963.34
972.37
980.93
989.01
996.58
1003.63
1010.16
1016.14
1021.55
1026.40
1030.67
1034.34
1037.41
1039.88
1041.74
1042.97
1043.59
768.89
783.05
797.09
810.99
824.74
838.30
851.66
864.79
877.68
890.28
902.60
914.60
926.26
937.56
948.49
959.01
969.11
978.78
987.99
996.72
1004.96
1012.69
1019.89
1026.54
1032.65
1038.18
1043.13
1047.49
1051.24
1054.38
1056.90
1058.80
1060.06
1060.69
780.38
794.79
809.09
823.25
837.24
851.06
864.66
878.03
891.15
903.99
916.53
928.76
940.64
952.15
963.29
974.01
984.31
994.17
1003.56
1012.46
1020.87
1028.75
1036.10
1042.90
1049.13
1054.78
1059.84
1064.29
1068.12
1071.33
1073.91
1075.84
1077.13
1077.78
791.78
806.46
821.01
835.42
849.67
863.72
877.57
891.18
904.54
917.61
930.39
942.83
954.93
966.67
978.01
988.94
999.44
1009.48
1019.06
1028.14
1036.72
1044.77
1052.27
1059.21
1065.57
1071.34
1076.50
1081.05
1084.97
1088.25
1090.88
1092.86
1094.18
1094.84
803.09
818.02
832.83
847.49
861.98
876.29
890.38
904.23
917.82
931.13
944.13
956.80
969.13
981.07
992.63
1003.77
1014.47
1024.71
1034.47
1043.74
1052.49
1060.70
1068.35
1075.44
1081.94
1087.83
1093.11
1097.75
1101.76
1105.11
1107.80
1109.83
1111.18
1111.85
814.29
829.47
844.52
859.44
874.18
888.73
903.06
917.15
930.98
944.52
957.75
970.65
983.19
995.36
1007.13
1018.48
1029.38
1039.82
1049.78
1059.23
1068.15
1076.53
1084.35
1091.58
1098.22
1104.24
1109.63
1114.38
1118.48
1121.90
1124.66
1126.73
1128.11
1128.80
825.35
840.78
856.08
871.24
886.23
901.02
915.59
929.92
943.98
957.76
971.22
984.35
997.12
1009.51
1021.49
1033.05
1044.16
1054.81
1064.96
1074.59
1083.70
1092.25
1100.23
1107.62
1114.40
1120.55
1126.07
1130.92
1135.11
1138.62
1141.43
1143.55
1144.97
1145.67
836.25
851.93
867.48
882.88
898.11
913.15
927.96
942.53
956.83
970.83
984.53
997.88
1010.88
1023.49
1035.69
1047.47
1058.79
1069.64
1079.99
1089.82
1099.11
1107.84
1115.99
1123.53
1130.46
1136.75
1142.39
1147.36
1151.64
1155.23
1158.11
1160.28
1161.73
1162.45
846.99
862.91
878.71
894.35
909.82
925.09
940.14
954.95
969.48
983.72
997.65
1011.23
1024.46
1037.29
1049.72
1061.71
1073.24
1084.30
1094.85
1104.88
1114.36
1123.27
1131.60
1139.31
1146.39
1152.82
1158.59
1163.67
1168.06
1171.73
1174.68
1176.91
1178.39
1179.13
857.54
873.70
889.74
905.62
921.33
936.84
952.12
967.16
981.93
996.41
1010.57
1024.38
1037.83
1050.89
1063.54
1075.75
1087.50
1098.77
1109.53
1119.76
1129.44
1138.54
1147.04
1154.92
1162.17
1168.75
1174.65
1179.85
1184.34
1188.11
1191.13
1193.41
1194.93
1195.69
867.89
884.29
900.56
916.68
932.62
948.37
963.89
979.16
994.16
1008.87
1023.26
1037.31
1050.98
1064.27
1077.15
1089.58
1101.55
1113.04
1124.01
1134.45
1144.33
1153.62
1162.31
1170.37
1177.78
1184.51
1190.55
1195.88
1200.49
1204.35
1207.45
1209.79
1211.35
1212.13
878.01
894.65
911.15
927.50
943.68
959.66
975.41
990.92
1006.15
1021.09
1035.71
1049.99
1063.90
1077.42
1090.52
1103.18
1115.38
1127.08
1138.27
1148.92
1159.01
1168.50
1177.39
1185.63
1193.21
1200.10
1206.30
1211.76
1216.48
1220.44
1223.63
1226.02
1227.63
1228.43
887.90
904.77
921.50
938.08
954.49
970.70
986.68
1002.42
1017.88
1033.06
1047.91
1062.42
1076.56
1090.31
1103.64
1116.53
1128.96
1140.89
1152.30
1163.17
1173.47
1183.17
1192.25
1200.69
1208.45
1215.51
1221.86
1227.47
1232.31
1236.38
1239.65
1242.12
1243.76
1244.59
897.55
914.63
931.59
948.40
965.03
981.47
997.68
1013.65
1029.34
1044.74
1059.83
1074.57
1088.94
1102.92
1116.49
1129.61
1142.27
1154.43
1166.07
1177.17
1187.69
1197.60
1206.89
1215.53
1223.48
1230.73
1237.24
1242.99
1247.97
1252.15
1255.52
1258.05
1259.75
1260.59
906.92
924.23
941.41
958.44
975.29
991.95
1008.39
1024.58
1040.51
1056.14
1071.45
1086.42
1101.03
1115.25
1129.05
1142.41
1155.30
1167.70
1179.57
1190.90
1201.65
1211.79
1221.30
1230.14
1238.29
1245.73
1252.42
1258.33
1263.45
1267.75
1271.22
1273.83
1275.57
1276.45
916.02
933.54
950.94
968.18
985.26
1002.14
1018.79
1035.21
1051.36
1067.22
1082.76
1097.97
1112.81
1127.26
1141.30
1154.90
1168.03
1180.67
1192.79
1204.35
1215.34
1225.71
1235.45
1244.51
1252.88
1260.51
1267.38
1273.47
1278.74
1283.17
1286.74
1289.44
1291.24
1292.14
924.82
942.55
960.16
977.62
994.91
1012.00
1028.88
1045.52
1061.89
1077.97
1093.75
1109.18
1124.26
1138.95
1153.23
1167.07
1180.45
1193.33
1205.69
1217.50
1228.73
1239.35
1249.32
1258.62
1267.21
1275.06
1282.13
1288.40
1293.83
1298.40
1302.09
1304.88
1306.74
1307.67
933.32
951.25
969.07
986.73
1004.23
1021.53
1038.63
1055.48
1072.07
1088.38
1104.38
1120.05
1135.36
1150.29
1164.81
1178.90
1192.52
1205.66
1218.27
1230.34
1241.82
1252.69
1262.92
1272.46
1281.28
1289.36
1296.64
1303.11
1308.72
1313.45
1317.26
1320.15
1322.08
1323.04
941.49
959.63
977.64
995.51
1013.21
1030.72
1048.02
1065.09
1081.90
1098.43
1114.65
1130.55
1146.10
1161.26
1176.03
1190.36
1204.24
1217.63
1230.51
1242.83
1254.58
1265.72
1276.20
1286.00
1295.08
1303.40
1310.91
1317.59
1323.40
1328.29
1332.25
1335.24
1337.25
1338.25
949.34
967.66
985.86
1003.93
1021.83
1039.54
1057.05
1074.32
1091.35
1108.09
1124.54
1140.67
1156.45
1171.85
1186.86
1201.45
1215.58
1229.23
1242.37
1254.97
1267.00
1278.41
1289.17
1299.24
1308.59
1317.17
1324.93
1331.84
1337.86
1342.94
1347.05
1350.16
1352.25
1353.30
956.83
975.34
993.73
1011.98
1030.08
1047.99
1065.69
1083.17
1100.41
1117.37
1134.03
1150.38
1166.39
1182.04
1197.29
1212.13
1226.52
1240.44
1253.85
1266.73
1279.04
1290.74
1301.79
1312.16
1321.79
1330.65
1338.68
1345.85
1352.10
1357.38
1361.67
1364.92
1367.10
1368.19
963.97
982.65
1001.22
1019.66
1037.94
1056.04
1073.94
1091.62
1109.05
1126.22
1143.11
1159.68
1175.92
1191.80
1207.30
1222.39
1237.04
1251.23
1264.93
1278.09
1290.69
1302.69
1314.05
1324.72
1334.67
1343.83
1352.15
1359.60
1366.10
1371.62
1376.10
1379.50
1381.78
1382.93
970.74
989.59
1008.33
1026.94
1045.40
1063.68
1081.77
1099.64
1117.28
1134.65
1151.75
1168.54
1185.00
1201.12
1216.86
1232.20
1247.12
1261.58
1275.56
1289.02
1301.93
1314.24
1325.92
1336.92
1347.19
1356.68
1365.33
1373.08
1379.87
1385.65
1390.35
1393.92
1396.33
1397.54
977.13
996.14
1015.05
1033.82
1052.45
1070.91
1089.18
1107.24
1125.06
1142.64
1159.93
1176.94
1193.62
1209.97
1225.95
1241.55
1256.73
1271.47
1285.74
1299.50
1312.72
1325.36
1337.38
1348.72
1359.35
1369.19
1378.19
1386.28
1393.40
1399.47
1404.42
1408.19
1410.74
1412.02
983.12
1002.29
1021.35
1040.29
1059.08
1077.71
1096.15
1114.38
1132.39
1150.15
1167.65
1184.86
1201.77
1218.34
1234.56
1250.41
1265.85
1280.87
1295.43
1309.49
1323.04
1336.02
1348.39
1360.10
1371.10
1381.33
1390.72
1399.19
1406.67
1413.07
1418.31
1422.32
1425.03
1426.40
988.72
1008.03
1027.24
1046.32
1065.27
1084.05
1102.66
1121.06
1139.25
1157.20
1174.88
1192.30
1209.41
1226.20
1242.66
1258.75
1274.45
1289.74
1304.60
1318.98
1332.85
1346.18
1358.92
1371.02
1382.43
1393.07
1402.88
1411.78
1419.67
1426.45
1432.04
1436.33
1439.24
1440.70
993.91
1013.35
1032.69
1051.92
1071.01
1089.94
1108.70
1127.27
1145.62
1163.74
1181.61
1199.22
1216.53
1233.54
1250.22
1266.55
1282.51
1298.07
1313.22
1327.91
1342.12
1355.81
1368.93
1381.44
1393.28
1404.37
1414.65
1424.02
1432.38
1439.62
1445.60
1450.23
1453.38
1454.97
998.67
1018.24
1037.71
1057.07
1076.29
1095.37
1114.27
1132.98
1151.49
1169.78
1187.82
1205.61
1223.11
1240.32
1257.22
1273.79
1290.00
1305.83
1321.26
1336.26
1350.81
1364.86
1378.38
1391.31
1403.61
1415.19
1425.98
1435.89
1444.78
1452.54
1459.01
1464.05
1467.50
1469.25
1003.01
1022.69
1042.28
1061.76
1081.11
1100.31
1119.34
1138.20
1156.85
1175.29
1193.49
1211.45
1229.14
1246.54
1263.65
1280.43
1296.88
1312.97
1328.69
1344.00
1358.88
1373.29
1387.21
1400.59
1413.36
1425.47
1436.82
1447.32
1456.83
1465.21
1472.27
1477.82
1481.65
1483.61
1006.91
1026.69
1046.39
1065.98
1085.44
1104.76
1123.92
1142.90
1161.69
1180.26
1198.62
1216.73
1234.59
1252.17
1269.47
1286.46
1303.14
1319.48
1335.46
1351.07
1366.28
1381.06
1395.38
1409.20
1422.47
1435.13
1447.09
1458.25
1468.48
1477.59
1485.38
1491.58
1495.92
1498.16
1010.37
1030.25
1050.04
1069.72
1089.28
1108.71
1127.98
1147.07
1165.98
1184.69
1203.17
1221.43
1239.44
1257.19
1274.67
1291.85
1308.74
1325.31
1341.55
1357.44
1372.96
1388.10
1402.81
1417.08
1430.86
1444.09
1456.71
1468.60
1479.64
1489.63
1498.32
1505.38
1510.42
1513.06
1013.38
1033.34
1053.21
1072.98
1092.63
1112.15
1131.51
1150.71
1169.73
1188.54
1207.15
1225.54
1243.68
1261.58
1279.22
1296.58
1313.66
1330.44
1346.92
1363.07
1378.89
1394.36
1409.45
1424.16
1438.44
1452.26
1465.55
1478.24
1490.19
1501.22
1511.05
1519.27
1525.31
1528.54
1015.94
1035.96
1055.91
1075.75
1095.48
1115.07
1134.52
1153.81
1172.91
1191.83
1210.54
1229.04
1247.30
1265.33
1283.11
1300.62
1317.87
1334.84
1351.53
1367.92
1384.00
1399.78
1415.23
1430.35
1445.11
1459.51
1473.48
1487.00
1499.95
1512.20
1523.47
1533.30
1540.84
1545.12
1018.04
1038.12
1058.12
1078.03
1097.82
1117.48
1136.99
1156.35
1175.53
1194.53
1213.33
1231.92
1250.28
1268.42
1286.31
1303.96
1321.35
1338.48
1355.35
1371.94
1388.26
1404.31
1420.08
1435.56
1450.77
1465.70
1480.34
1494.68
1508.68
1522.28
1535.31
1547.43
1557.16
1564.07
1019.68
1039.80
1059.85
1079.80
1099.64
1119.35
1138.92
1158.33
1177.58
1196.64
1215.50
1234.17
1252.61
1270.83
1288.82
1306.58
1324.08
1341.34
1358.35
1375.11
1391.63
1407.89
1423.92
1439.72
1455.31
1470.71
1485.94
1501.04
1516.05
1531.03
1546.07
1561.82
1571.69
1576.44
1020.85
1041.00
1061.08
1081.07
1100.94
1120.69
1140.30
1159.76
1179.04
1198.15
1217.06
1235.78
1254.28
1272.57
1290.63
1308.45
1326.05
1343.40
1360.52
1377.40
1394.05
1410.49
1426.71
1442.75
1458.64
1474.40
1490.10
1505.82
1521.69
1537.86
1554.43
1570.47
1579.45
1583.56
1021.55
1041.72
1061.82
1081.83
1101.73
1121.50
1141.13
1160.61
1179.92
1199.06
1218.00
1236.75
1255.29
1273.61
1291.71
1309.58
1327.23
1344.64
1361.82
1378.78
1395.52
1412.06
1428.41
1444.60
1460.66
1476.66
1492.66
1508.80
1525.27
1542.47
1561.47
1575.27
1583.46
1587.25
1021.78
1041.96
1062.07
1082.08
1101.99
1121.77
1141.41
1160.89
1180.21
1199.36
1218.31
1237.07
1255.62
1273.96
1292.07
1309.96
1327.62
1345.05
1362.26
1379.24
1396.01
1412.58
1428.97
1445.21
1461.34
1477.42
1493.53
1509.80
1526.47
1543.95
1563.26
1576.72
1584.70
1588.38
1021.55
1041.72
1061.82
1081.83
1101.72
1121.50
1141.13
1160.61
1179.92
1199.05
1218.00
1236.75
1255.28
1273.61
1291.71
1309.58
1327.22
1344.64
1361.82
1378.78
1395.52
1412.05
1428.40
1444.59
1460.66
1476.65
1492.66
1508.79
1525.26
1542.46
1561.45
1575.26
1583.45
1587.23
1020.84
1041.00
1061.08
1081.06
1100.94
1120.69
1140.30
1159.75
1179.04
1198.14
1217.06
1235.77
1254.28
1272.56
1290.62
1308.45
1326.04
1343.39
1360.51
1377.39
1394.05
1410.48
1426.70
1442.74
1458.62
1474.39
1490.09
1505.81
1521.67
1537.84
1554.41
1570.44
1579.42
1583.53
1019.67
1039.79
1059.84
1079.79
1099.63
1119.34
1138.91
1158.33
1177.57
1196.63
1215.50
1234.16
1252.60
1270.83
1288.81
1306.57
1324.07
1341.33
1358.34
1375.10
1391.61
1407.88
1423.91
1439.71
1455.30
1470.69
1485.92
1501.02
1516.03
1531.00
1546.04
1561.78
1571.65
1576.39
1018.03
1038.11
1058.11
1078.02
1097.81
1117.47
1136.98
1156.34
1175.52
1194.52
1213.32
1231.91
1250.27
1268.41
1286.30
1303.95
1321.34
1338.47
1355.34
1371.93
1388.25
1404.29
1420.06
1435.54
1450.75
1465.68
1480.32
1494.65
1508.65
1522.24
1535.27
1547.38
1557.10
1564.00
1015.93
1035.96
1055.90
1075.74
1095.47
1115.06
1134.51
1153.80
1172.90
1191.82
1210.53
1229.02
1247.29
1265.32
1283.09
1300.61
1317.86
1334.83
1351.51
1367.90
1383.98
1399.76
1415.21
1430.33
1445.09
1459.48
1473.46
1486.97
1499.92
1512.16
1523.42
1533.24
1540.77
1545.04
1013.37
1033.33
1053.20
1072.97
1092.62
1112.14
1131.50
1150.70
1169.71
1188.53
1207.14
1225.52
1243.67
1261.57
1279.20
1296.56
1313.64
1330.42
1346.90
1363.05
1378.87
1394.33
1409.43
1424.13
1438.41
1452.23
1465.52
1478.20
1490.15
1501.18
1511.00
1519.22
1525.25
1528.47
1010.36
1030.23
1050.02
1069.71
1089.27
1108.69
1127.96
1147.06
1165.96
1184.67
1203.16
1221.41
1239.42
1257.17
1274.65
1291.83
1308.72
1325.29
1341.53
1357.42
1372.94
1388.07
1402.79
1417.05
1430.83
1444.06
1456.67
1468.56
1479.60
1489.58
1498.27
1505.33
1510.36
1512.99
1006.90
1026.68
1046.37
1065.96
1085.42
1104.74
1123.90
1142.88
1161.67
1180.25
1198.60
1216.71
1234.56
1252.15
1269.45
1286.44
1303.11
1319.45
1335.43
1351.04
1366.25
1381.03
1395.35
1409.17
1422.44
1435.09
1447.05
1458.21
1468.44
1477.55
1485.33
1491.53
1495.87
1498.11
1002.99
1022.67
1042.26
1061.74
1081.09
1100.29
1119.32
1138.18
1156.83
1175.27
1193.47
1211.43
1229.11
1246.52
1263.62
1280.41
1296.85
1312.94
1328.66
1343.97
1358.84
1373.26
1387.18
1400.55
1413.32
1425.43
1436.78
1447.28
1456.79
1465.16
1472.22
1477.77
1481.60
1483.56
998.65
1018.22
1037.69
1057.05
1076.27
1095.35
1114.25
1132.96
1151.47
1169.75
1187.80
1205.58
1223.09
1240.30
1257.19
1273.76
1289.97
1305.80
1321.23
1336.23
1350.77
1364.82
1378.34
1391.27
1403.57
1415.15
1425.94
1435.84
1444.74
1452.49
1458.96
1463.99
1467.44
1469.20
993.89
1013.33
1032.67
1051.90
1070.99
1089.92
1108.68
1127.24
1145.60
1163.72
1181.59
1199.19
1216.50
1233.51
1250.19
1266.52
1282.48
1298.04
1313.18
1327.88
1342.08
1355.77
1368.89
1381.40
1393.23
1404.33
1414.61
1423.98
1432.33
1439.57
1445.55
1450.17
1453.32
1454.92
988.70
1008.01
1027.21
1046.30
1065.25
1084.03
1102.63
1121.04
1139.22
1157.17
1174.86
1192.27
1209.38
1226.17
1242.62
1258.71
1274.42
1289.71
1304.56
1318.94
1332.81
1346.14
1358.88
1370.98
1382.38
1393.03
1402.84
1411.73
1419.62
1426.40
1431.99
1436.27
1439.18
1440.65
983.10
1002.27
1021.33
1040.26
1059.05
1077.68
1096.12
1114.35
1132.36
1150.12
1167.62
1184.83
1201.73
1218.31
1234.53
1250.37
1265.81
1280.83
1295.39
1309.45
1323.00
1335.97
1348.34
1360.06
1371.06
1381.28
1390.67
1399.14
1406.62
1413.02
1418.26
1422.27
1424.98
1426.34
977.10
996.12
1015.02
1033.80
1052.43
1070.88
1089.15
1107.21
1125.03
1142.60
1159.90
1176.90
1193.59
1209.94
1225.92
1241.51
1256.69
1271.43
1285.70
1299.46
1312.68
1325.31
1337.33
1348.68
1359.30
1369.14
1378.14
1386.23
1393.34
1399.41
1404.36
1408.14
1410.68
1411.96
970.71
989.56
1008.31
1026.92
1045.37
1063.65
1081.74
1099.61
1117.25
1134.62
1151.71
1168.50
1184.97
1201.08
1216.82
1232.16
1247.08
1261.54
1275.52
1288.98
1301.88
1314.19
1325.87
1336.87
1347.14
1356.63
1365.28
1373.03
1379.82
1385.59
1390.29
1393.86
1396.27
1397.48
963.94
982.63
1001.19
1019.63
1037.91
1056.01
1073.91
1091.58
1109.02
1126.19
1143.07
1159.64
1175.88
1191.76
1207.26
1222.35
1237.00
1251.19
1264.88
1278.04
1290.64
1302.64
1314.00
1324.67
1334.61
1343.77
1352.10
1359.54
1366.05
1371.56
1376.04
1379.44
1381.73
1382.87
956.80
975.31
993.70
1011.95
1030.04
1047.95
1065.66
1083.14
1100.37
1117.33
1133.99
1150.34
1166.35
1182.00
1197.25
1212.08
1226.48
1240.39
1253.81
1266.68
1278.99
1290.69
1301.74
1312.10
1321.74
1330.59
1338.63
1345.79
1352.04
1357.32
1361.61
1364.85
1367.03
1368.13
949.31
967.63
985.83
1003.89
1021.79
1039.51
1057.01
1074.29
1091.31
1108.06
1124.50
1140.63
1156.40
1171.81
1186.82
1201.40
1215.53
1229.18
1242.32
1254.92
1266.94
1278.35
1289.11
1299.19
1308.53
1317.11
1324.87
1331.78
1337.80
1342.88
1346.99
1350.10
1352.19
1353.23
941.46
959.59
977.60
995.47
1013.17
1030.68
1047.98
1065.05
1081.86
1098.39
1114.61
1130.51
1146.05
1161.22
1175.98
1190.31
1204.19
1217.58
1230.45
1242.78
1254.53
1265.66
1276.15
1285.95
1295.02
1303.34
1310.85
1317.53
1323.34
1328.23
1332.19
1335.18
1337.18
1338.19
933.29
951.22
969.03
986.70
1004.19
1021.50
1038.59
1055.44
1072.03
1088.34
1104.34
1120.00
1135.31
1150.24
1164.76
1178.85
1192.47
1205.60
1218.22
1230.28
1241.77
1252.64
1262.86
1272.40
1281.22
1289.30
1296.58
1303.05
1308.66
1313.38
1317.20
1320.08
1322.01
1322.98
924.79
942.52
960.12
977.58
994.87
1011.96
1028.84
1045.47
1061.84
1077.93
1093.70
1109.14
1124.21
1138.90
1153.18
1167.02
1180.39
1193.28
1205.64
1217.45
1228.68
1239.29
1249.27
1258.56
1267.15
1274.99
1282.06
1288.33
1293.77
1298.34
1302.03
1304.81
1306.68
1307.61
915.98
933.50
950.90
968.14
985.22
1002.09
1018.75
1035.17
1051.31
1067.17
1082.72
1097.92
1112.76
1127.21
1141.25
1154.85
1167.98
1180.62
1192.73
1204.29
1215.28
1225.65
1235.39
1244.45
1252.81
1260.44
1267.32
1273.40
1278.67
1283.10
1286.68
1289.37
1291.17
1292.07
906.89
924.19
941.37
958.40
975.25
991.91
1008.35
1024.54
1040.46
1056.09
1071.40
1086.37
1100.98
1115.20
1129.00
1142.36
1155.25
1167.64
1179.52
1190.84
1201.59
1211.73
1221.23
1230.08
1238.23
1245.66
1252.35
1258.26
1263.38
1267.68
1271.15
1273.76
1275.51
1276.38
897.51
914.59
931.55
948.36
964.99
981.42
997.63
1013.60
1029.29
1044.69
1059.78
1074.52
1088.89
1102.87
1116.44
1129.56
1142.21
1154.37
1166.01
1177.11
1187.62
1197.54
1206.83
1215.46
1223.42
1230.66
1237.17
1242.93
1247.90
1252.08
1255.45
1257.98
1259.68
1260.52
887.86
904.73
921.46
938.04
954.45
970.65
986.64
1002.37
1017.84
1033.01
1047.86
1062.36
1076.50
1090.25
1103.58
1116.47
1128.90
1140.83
1152.24
1163.11
1173.40
1183.11
1192.19
1200.62
1208.38
1215.45
1221.79
1227.40
1232.24
1236.31
1239.58
1242.04
1243.69
1244.51
877.97
894.60
911.11
927.46
943.64
959.61
975.36
990.87
1006.10
1021.04
1035.66
1049.94
1063.85
1077.36
1090.46
1103.12
1115.32
1127.02
1138.21
1148.86
1158.94
1168.44
1177.32
1185.56
1193.14
1200.04
1206.23
1211.69
1216.41
1220.37
1223.55
1225.95
1227.55
1228.36
867.84
884.24
900.51
916.63
932.58
948.32
963.84
979.11
994.11
1008.82
1023.21
1037.25
1050.93
1064.22
1077.09
1089.52
1101.49
1112.98
1123.95
1134.39
1144.26
1153.56
1162.24
1170.30
1177.71
1184.44
1190.48
1195.81
1200.42
1204.27
1207.38
1209.71
1211.27
1212.05
857.50
873.66
889.69
905.57
921.28
936.79
952.07
967.11
981.88
996.35
1010.51
1024.32
1037.77
1050.83
1063.48
1075.69
1087.44
1098.71
1109.47
1119.70
1129.37
1138.47
1146.97
1154.85
1162.09
1168.67
1174.57
1179.78
1184.27
1188.03
1191.06
1193.34
1194.86
1195.62
846.95
862.87
878.66
894.30
909.77
925.04
940.09
954.89
969.43
983.67
997.59
1011.18
1024.40
1037.23
1049.65
1061.64
1073.18
1084.23
1094.78
1104.81
1114.29
1123.20
1131.53
1139.24
1146.32
1152.75
1158.51
1163.60
1167.98
1171.66
1174.61
1176.83
1178.31
1179.05
836.21
851.88
867.43
882.84
898.06
913.10
927.91
942.47
956.77
970.78
984.47
997.82
1010.82
1023.43
1035.63
1047.40
1058.72
1069.57
1079.92
1089.75
1099.04
1107.77
1115.92
1123.46
1130.39
1136.68
1142.31
1147.28
1151.57
1155.15
1158.04
1160.21
1161.65
1162.38
825.30
840.73
856.03
871.19
886.18
900.97
915.54
929.86
943.93
957.70
971.16
984.29
997.06
1009.44
1021.43
1032.99
1044.10
1054.74
1064.89
1074.53
1083.63
1092.18
1100.16
1107.55
1114.33
1120.48
1125.99
1130.85
1135.03
1138.54
1141.36
1143.47
1144.89
1145.60
814.24
829.42
844.48
859.39
874.13
888.67
903.00
917.09
930.92
944.46
957.69
970.59
983.13
995.30
1007.07
1018.41
1029.32
1039.76
1049.71
1059.16
1068.08
1076.46
1084.28
1091.51
1098.14
1104.17
1109.56
1114.31
1118.40
1121.83
1124.58
1126.65
1128.03
1128.72
803.05
817.97
832.78
847.44
861.93
876.23
890.32
904.17
917.76
931.07
944.07
956.74
969.06
981.01
992.56
1003.70
1014.40
1024.64
1034.40
1043.67
1052.41
1060.62
1068.28
1075.36
1081.86
1087.75
1093.03
1097.67
1101.68
1105.03
1107.72
1109.75
1111.10
1111.77
791.74
806.41
820.96
835.37
849.61
863.67
877.52
891.13
904.48
917.55
930.32
942.77
954.87
966.60
977.94
988.87
999.37
1009.41
1018.99
1028.07
1036.65
1044.69
1052.19
1059.13
1065.49
1071.26
1076.42
1080.97
1084.89
1088.17
1090.80
1092.78
1094.10
1094.76
780.33
794.74
809.04
823.19
837.19
851.00
864.60
877.97
891.09
903.93
916.47
928.69
940.57
952.09
963.22
973.94
984.24
994.10
1003.49
1012.39
1020.79
1028.68
1036.03
1042.82
1049.05
1054.70
1059.76
1064.21
1068.04
1071.25
1073.82
1075.76
1077.05
1077.70
768.85
783.00
797.04
810.94
824.68
838.25
851.60
864.73
877.61
890.22
902.54
914.53
926.19
937.49
948.42
958.94
969.04
978.71
987.91
996.64
1004.88
1012.61
1019.81
1026.47
1032.57
1038.10
1043.05
1047.41
1051.16
1054.30
1056.82
1058.71
1059.98
1060.61
757.30
771.19
784.97
798.62
812.11
825.43
838.54
851.43
864.08
876.45
888.54
900.31
911.75
922.84
933.56
943.88
953.79
963.27
972.30
980.86
988.93
996.50
1003.56
1010.08
1016.06
1021.47
1026.32
1030.58
1034.26
1037.33
1039.80
1041.65
1042.89
1043.51
745.72
759.35
772.87
786.26
799.50
812.57
825.44
838.09
850.49
862.64
874.50
886.05
897.28
908.16
918.67
928.79
938.51
947.80
956.65
965.04
972.96
980.38
987.29
993.68
999.54
1004.84
1009.59
1013.77
1017.36
1020.37
1022.79
1024.60
1025.81
1026.42
734.13
747.49
760.75
773.88
786.87
799.69
812.31
824.72
836.89
848.81
860.44
871.77
882.79
893.46
903.77
913.69
923.22
932.33
941.01
949.24
956.99
964.26
971.04
977.30
983.03
988.23
992.88
996.97
1000.49
1003.44
1005.80
1007.58
1008.77
1009.36
722.53
735.63
748.63
761.51
774.25
786.81
799.19
811.36
823.30
834.98
846.39
857.51
868.31
878.77
888.88
898.61
907.95
916.89
925.39
933.45
941.05
948.18
954.82
960.95
966.57
971.66
976.21
980.22
983.67
986.55
988.87
990.61
991.77
992.35
710.97
723.80
736.54
749.16
761.64
773.96
786.10
798.03
809.73
821.19
832.38
843.27
853.86
864.12
874.03
883.57
892.73
901.48
909.82
917.72
925.17
932.15
938.65
944.66
950.17
955.15
959.61
963.54
966.91
969.74
972.01
973.71
974.85
975.42
699.46
712.03
724.50
736.87
749.10
761.17
773.06
784.75
796.22
807.45
818.42
829.10
839.47
849.53
859.24
868.60
877.57
886.15
894.32
902.06
909.36
916.20
922.58
928.46
933.86
938.74
943.11
946.95
950.26
953.03
955.25
956.91
958.03
958.59
688.02
700.32
712.54
724.65
736.62
748.45
760.10
771.55
782.79
793.79
804.54
815.01
825.18
835.03
844.55
853.72
862.51
870.92
878.93
886.51
893.66
900.37
906.61
912.38
917.66
922.44
926.72
930.49
933.73
936.44
938.61
940.25
941.34
941.88
676.68
688.71
700.67
712.52
724.25
735.83
747.24
758.46
769.47
780.25
790.77
801.03
810.99
820.65
829.98
838.96
847.58
855.82
863.66
871.09
878.10
884.67
890.78
896.43
901.61
906.29
910.49
914.17
917.35
920.00
922.13
923.73
924.80
925.33
665.46
677.23
688.93
700.53
712.01
723.34
734.51
745.50
756.28
766.84
777.15
787.19
796.96
806.41
815.55
824.35
832.80
840.87
848.55
855.84
862.70
869.13
875.13
880.66
885.73
890.32
894.43
898.04
901.15
903.75
905.83
907.40
908.45
908.97
654.38
665.90
677.34
688.69
699.92
711.01
721.95
732.70
743.26
753.59
763.69
773.53
783.09
792.36
801.31
809.93
818.20
826.11
833.64
840.77
847.50
853.80
859.67
865.09
870.06
874.56
878.58
882.11
885.16
887.71
889.75
891.29
892.31
892.82
643.49
654.74
665.93
677.03
688.01
698.87
709.57
720.09
730.43
740.55
750.43
760.07
769.43
778.50
787.27
795.72
803.82
811.57
818.94
825.93
832.52
838.69
844.44
849.76
854.62
859.03
862.97
866.43
869.42
871.91
873.91
875.42
876.42
876.92
632.79
643.79
654.72
665.57
676.32
686.93
697.40
707.70
717.82
727.72
737.40
746.84
756.00
764.89
773.48
781.75
789.69
797.27
804.50
811.35
817.80
823.85
829.49
834.69
839.46
843.77
847.63
851.03
853.95
856.40
858.36
859.83
860.82
861.31
622.31
633.06
643.75
654.35
664.86
675.24
685.49
695.57
705.46
715.16
724.63
733.87
742.85
751.55
759.96
768.06
775.84
783.27
790.35
797.06
803.38
809.31
814.83
819.93
824.60
828.83
832.61
835.94
838.80
841.20
843.12
844.56
845.53
846.01
612.09
622.59
633.03
643.40
653.67
663.83
673.85
683.71
693.40
702.88
712.16
721.20
729.99
738.52
746.75
754.69
762.30
769.58
776.52
783.09
789.29
795.10
800.50
805.50
810.08
814.22
817.93
821.19
824.00
826.34
828.23
829.64
830.59
831.06
602.15
612.41
622.61
632.75
642.79
652.72
662.52
672.17
681.64
690.93
700.01
708.87
717.47
725.82
733.89
741.66
749.12
756.26
763.05
769.49
775.56
781.25
786.55
791.45
795.94
800.00
803.63
806.83
809.58
811.88
813.73
815.12
816.04
816.51
592.52
602.54
612.51
622.41
632.23
641.94
651.53
660.97
670.25
679.34
688.23
696.89
705.32
713.50
721.40
729.02
736.33
743.32
749.98
756.29
762.24
767.82
773.02
777.82
782.22
786.20
789.76
792.89
795.59
797.85
799.66
801.02
801.93
802.38
583.22
593.01
602.75
612.44
622.04
631.54
640.91
650.15
659.23
668.13
676.83
685.32
693.58
701.59
709.33
716.80
723.96
730.81
737.34
743.53
749.36
754.83
759.93
764.64
768.95
772.85
776.35
779.42
782.07
784.28
786.05
787.39
788.28
788.72
574.29
583.85
593.38
602.84
612.23
621.53
630.70
639.74
648.63
657.35
665.87
674.19
682.28
690.13
697.72
705.03
712.06
718.77
725.17
731.24
736.97
742.33
747.33
751.95
756.18
760.01
763.44
766.45
769.05
771.22
772.96
774.27
775.14
775.58
565.75
575.09
584.41
593.67
602.85
611.95
620.93
629.78
638.49
647.02
655.38
663.53
671.46
679.15
686.59
693.76
700.65
707.24
713.52
719.47
725.09
730.35
735.26
739.79
743.94
747.70
751.07
754.03
756.57
758.70
760.41
761.70
762.56
762.99
557.63
566.76
575.87
584.93
593.92
602.83
611.62
620.30
628.83
637.19
645.38
653.37
661.15
668.69
675.99
683.03
689.79
696.26
702.42
708.26
713.77
718.94
723.76
728.21
732.28
735.98
739.28
742.19
744.69
746.78
748.46
749.72
750.57
750.99
549.95
558.89
567.80
576.67
585.48
594.20
602.82
611.32
619.68
627.89
635.92
643.76
651.39
658.79
665.96
672.87
679.50
685.85
691.90
697.64
703.06
708.13
712.86
717.24
721.24
724.87
728.12
730.97
733.43
735.49
737.14
738.38
739.21
739.62
542.74
551.50
560.23
568.92
577.55
586.10
594.55
602.89
611.09
619.14
627.03
634.72
642.21
649.49
656.52
663.31
669.83
676.07
682.02
687.66
692.98
697.97
702.62
706.92
710.86
714.43
717.62
720.43
722.85
724.87
726.49
727.71
728.53
728.94
536.04
544.62
553.18
561.70
570.16
578.55
586.85
595.03
603.09
610.99
618.74
626.30
633.66
640.81
647.73
654.40
660.81
666.95
672.80
678.35
683.58
688.49
693.07
697.30
701.17
704.69
707.83
710.59
712.97
714.96
716.56
717.76
718.57
718.97
529.85
538.27
546.67
555.03
563.34
571.58
579.73
587.78
595.69
603.47
611.08
618.52
625.76
632.80
639.60
646.17
652.48
658.52
664.28
669.74
674.90
679.74
684.24
688.41
692.23
695.69
698.78
701.50
703.85
705.81
707.39
708.57
709.36
709.75
528.86
537.27
545.68
554.05
562.36
570.61
578.77
586.82
594.75
602.53
610.16
617.61
624.86
631.90
638.72
645.30
651.63
657.68
663.45
668.93
674.09
678.94
683.46
687.63
691.46
694.93
698.03
700.76
703.11
705.08
706.65
707.84
708.63
709.03
535.06
543.64
552.21
560.74
569.21
577.61
585.91
594.11
602.17
610.09
617.85
625.42
632.80
639.96
646.89
653.57
660.00
666.15
672.01
677.57
682.82
687.74
692.33
696.57
700.45
703.97
707.12
709.89
712.28
714.28
715.88
717.08
717.89
718.29
541.79
550.55
559.29
567.98
576.62
585.18
593.65
602.00
610.21
618.28
626.17
633.88
641.39
648.67
655.73
662.53
669.06
675.32
681.28
686.93
692.26
697.27
701.93
706.24
710.19
713.77
716.97
719.78
722.21
724.24
725.86
727.09
727.90
728.31
549.02
557.97
566.89
575.77
584.58
593.32
601.95
610.46
618.84
627.06
635.10
642.96
650.60
658.02
665.20
672.13
678.78
685.14
691.21
696.96
702.39
707.48
712.22
716.61
720.62
724.26
727.52
730.38
732.85
734.91
736.57
737.81
738.64
739.06
556.72
565.87
574.99
584.06
593.06
601.98
610.79
619.47
628.02
636.40
644.61
652.61
660.41
667.97
675.28
682.34
689.11
695.60
701.78
707.63
713.16
718.34
723.17
727.63
731.72
735.42
738.74
741.65
744.16
746.26
747.95
749.21
750.06
750.48
564.87
574.22
583.55
592.82
602.02
611.13
620.13
629.00
637.72
646.27
654.64
662.81
670.76
678.47
685.93
693.12
700.03
706.64
712.93
718.90
724.53
729.81
734.73
739.27
743.44
747.21
750.58
753.55
756.11
758.25
759.96
761.25
762.11
762.54
573.44
583.01
592.55
602.03
611.44
620.75
629.94
639.00
647.91
656.64
665.18
673.52
681.63
689.50
697.11
704.44
711.48
718.22
724.64
730.73
736.46
741.85
746.86
751.49
755.73
759.58
763.02
766.04
768.64
770.82
772.57
773.88
774.76
775.20
582.40
592.20
601.96
611.66
621.28
630.79
640.19
649.45
658.55
667.47
676.19
684.70
692.98
701.01
708.78
716.26
723.44
730.32
736.86
743.07
748.92
754.41
759.52
764.24
768.57
772.49
775.99
779.07
781.73
783.95
785.73
787.07
787.96
788.41
591.72
601.76
611.75
621.67
631.51
641.24
650.85
660.31
669.61
678.72
687.63
696.32
704.78
712.97
720.90
728.54
735.87
742.88
749.56
755.89
761.86
767.46
772.67
777.49
781.90
785.90
789.47
792.61
795.32
797.58
799.40
800.77
801.68
802.13
601.39
611.66
621.88
632.04
642.10
652.06
661.88
671.55
681.05
690.36
699.47
708.34
716.98
725.35
733.44
741.23
748.72
755.88
762.69
769.15
775.24
780.96
786.27
791.19
795.69
799.77
803.41
806.62
809.38
811.69
813.54
814.93
815.86
816.33
611.36
621.88
632.34
642.73
653.03
663.21
673.25
683.14
692.85
702.36
711.66
720.73
729.55
738.10
746.36
754.32
761.96
769.26
776.22
782.82
789.03
794.86
800.29
805.30
809.90
814.06
817.78
821.05
823.86
826.22
828.11
829.53
830.48
830.95
621.61
632.38
643.09
653.72
664.25
674.66
684.93
695.04
704.96
714.69
724.19
733.45
742.46
751.19
759.62
767.75
775.55
783.01
790.11
796.84
803.19
809.14
814.68
819.80
824.48
828.73
832.52
835.86
838.74
841.14
843.07
844.52
845.49
845.97
632.12
643.14
654.10
664.98
675.75
686.40
696.89
707.22
717.37
727.30
737.01
746.47
755.67
764.58
773.20
781.50
789.46
797.08
804.33
811.20
817.68
823.75
829.40
834.63
839.41
843.75
847.62
851.03
853.96
856.42
858.39
859.86
860.85
861.35
642.85
654.13
665.35
676.47
687.49
698.37
709.10
719.66
730.02
740.17
750.09
759.76
769.15
778.25
787.05
795.52
803.66
811.43
818.83
825.85
832.46
838.66
844.43
849.76
854.65
859.07
863.03
866.50
869.50
872.00
874.01
875.53
876.53
877.04
653.78
665.33
676.80
688.17
699.44
710.56
721.53
732.31
742.90
753.27
763.40
773.27
782.87
792.16
801.15
809.80
818.10
826.04
833.59
840.75
847.50
853.83
859.72
865.17
870.15
874.67
878.71
882.26
885.32
887.87
889.92
891.47
892.50
893.01
664.89
676.70
688.43
700.06
711.57
722.93
734.14
745.16
755.98
766.57
776.91
786.99
796.79
806.28
815.45
824.28
832.76
840.86
848.57
855.88
862.78
869.24
875.25
880.81
885.90
890.51
894.63
898.26
901.38
903.99
906.08
907.66
908.71
909.23
676.14
688.21
700.20
712.09
723.85
735.47
746.91
758.17
769.21
780.03
790.59
800.88
810.88
820.57
829.93
838.95
847.60
855.87
863.75
871.21
878.24
884.84
890.98
896.65
901.85
906.55
910.76
914.46
917.65
920.32
922.45
924.06
925.14
925.67
687.52
699.86
712.11
724.25
736.27
748.13
759.82
771.31
782.59
793.63
804.41
814.91
825.12
835.01
844.57
853.77
862.60
871.04
879.08
886.69
893.87
900.61
906.87
912.66
917.97
922.77
927.07
930.85
934.10
936.83
939.01
940.65
941.75
942.29
699.00
711.60
724.11
736.52
748.78
760.89
772.83
784.56
796.07
807.34
818.34
829.06
839.48
849.57
859.32
868.71
877.72
886.34
894.54
902.31
909.64
916.51
922.91
928.82
934.24
939.14
943.53
947.39
950.71
953.49
955.72
957.40
958.52
959.07
710.54
723.42
736.19
748.85
761.38
773.74
785.91
797.88
809.63
821.13
832.35
843.29
853.92
864.22
874.16
883.74
892.94
901.73
910.10
918.03
925.51
932.53
939.06
945.09
950.62
955.63
960.11
964.05
967.44
970.28
972.56
974.27
975.41
975.98
722.14
735.28
748.32
761.24
774.02
786.63
799.05
811.26
823.24
834.97
846.42
857.58
868.42
878.92
889.07
898.85
908.23
917.20
925.74
933.83
941.47
948.62
955.29
961.45
967.09
972.21
976.78
980.80
984.27
987.17
989.49
991.24
992.41
992.99
733.77
747.17
760.48
773.66
786.69
799.55
812.22
824.67
836.89
848.85
860.52
871.90
882.96
893.67
904.02
913.99
923.56
932.71
941.42
949.68
957.47
964.78
971.58
977.87
983.63
988.85
993.52
997.63
1001.17
1004.13
1006.50
1008.29
1009.48
1010.08
745.40
759.07
772.64
786.07
799.36
812.47
825.39
838.08
850.54
862.73
874.63
886.23
897.50
908.43
918.98
929.15
938.91
948.24
957.13
965.56
973.51
980.96
987.90
994.32
1000.20
1005.54
1010.30
1014.50
1018.11
1021.14
1023.56
1025.39
1026.60
1027.21
757.02
770.95
784.78
798.47
812.01
825.38
838.54
851.48
864.17
876.59
888.72
900.55
912.04
923.17
933.93
944.30
954.25
963.77
972.84
981.43
989.54
997.15
1004.24
1010.79
1016.79
1022.24
1027.11
1031.39
1035.08
1038.17
1040.65
1042.51
1043.76
1044.38
768.59
782.79
796.88
810.83
824.63
838.24
851.65
864.83
877.75
890.41
902.77
914.82
926.53
937.88
948.85
959.41
969.56
979.27
988.52
997.29
1005.56
1013.32
1020.56
1027.25
1033.38
1038.94
1043.91
1048.29
1052.06
1055.21
1057.75
1059.65
1060.92
1061.56
780.11
794.57
808.92
823.13
837.17
851.03
864.69
878.11
891.28
904.17
916.76
929.03
940.96
952.53
963.70
974.48
984.82
994.72
1004.15
1013.10
1021.54
1029.46
1036.84
1043.67
1049.93
1055.61
1060.69
1065.16
1069.01
1072.24
1074.83
1076.77
1078.07
1078.72
791.56
806.27
820.88
835.34
849.64
863.75
877.64
891.31
904.71
917.84
930.66
943.16
955.31
967.09
978.48
989.46
1000.01
1010.10
1019.72
1028.84
1037.46
1045.54
1053.08
1060.05
1066.44
1072.24
1077.43
1082.00
1085.93
1089.23
1091.88
1093.86
1095.19
1095.86
802.90
817.88
832.73
847.45
861.99
876.35
890.49
904.40
918.04
931.41
944.46
957.18
969.56
981.56
993.16
1004.35
1015.10
1025.39
1035.19
1044.50
1053.29
1061.54
1069.23
1076.35
1082.88
1088.80
1094.10
1098.77
1102.80
1106.17
1108.87
1110.91
1112.27
1112.95
814.13
829.36
844.47
859.43
874.23
888.83
903.22
917.36
931.25
944.84
958.13
971.08
983.68
995.90
1007.72
1019.12
1030.07
1040.56
1050.56
1060.05
1069.02
1077.44
1085.29
1092.56
1099.23
1105.29
1110.70
1115.48
1119.59
1123.04
1125.81
1127.89
1129.28
1129.97
825.22
840.70
856.06
871.28
886.32
901.16
915.79
930.18
944.30
958.13
971.65
984.83
997.66
1010.10
1022.14
1033.75
1044.91
1055.60
1065.80
1075.48
1084.63
1093.23
1101.25
1108.67
1115.48
1121.67
1127.21
1132.09
1136.30
1139.83
1142.66
1144.79
1146.21
1146.92
836.16
851.89
867.50
882.96
898.24
913.33
928.20
942.83
957.19
971.25
985.00
998.42
1011.47
1024.13
1036.39
1048.22
1059.59
1070.49
1080.89
1090.77
1100.10
1108.88
1117.07
1124.65
1131.62
1137.94
1143.60
1148.60
1152.91
1156.51
1159.41
1161.59
1163.05
1163.78
846.93
862.90
878.76
894.46
909.99
925.32
940.43
955.29
969.89
984.19
998.17
1011.81
1025.09
1037.99
1050.47
1062.51
1074.10
1085.21
1095.81
1105.89
1115.42
1124.38
1132.74
1140.49
1147.61
1154.08
1159.87
1164.99
1169.39
1173.09
1176.06
1178.29
1179.79
1180.53
857.51
873.73
889.82
905.77
921.53
937.10
952.45
967.55
982.38
996.92
1011.13
1025.01
1038.52
1051.64
1064.34
1076.61
1088.42
1099.74
1110.55
1120.84
1130.56
1139.71
1148.25
1156.18
1163.46
1170.07
1176.01
1181.24
1185.76
1189.54
1192.58
1194.88
1196.41
1197.17
867.88
884.34
900.68
916.86
932.86
948.67
964.25
979.59
994.65
1009.42
1023.87
1037.98
1051.72
1065.07
1078.00
1090.50
1102.53
1114.07
1125.09
1135.58
1145.51
1154.85
1163.59
1171.69
1179.14
1185.91
1191.98
1197.35
1201.98
1205.86
1208.98
1211.33
1212.90
1213.68
878.04
894.74
911.30
927.72
943.96
960.00
975.82
991.39
1006.68
1021.69
1036.37
1050.71
1064.68
1078.26
1091.43
1104.15
1116.40
1128.17
1139.41
1150.12
1160.25
1169.80
1178.73
1187.01
1194.64
1201.57
1207.80
1213.30
1218.04
1222.03
1225.23
1227.64
1229.26
1230.06
887.96
904.89
921.68
938.33
954.80
971.07
987.12
1002.92
1018.46
1033.69
1048.61
1063.18
1077.39
1091.20
1104.60
1117.55
1130.03
1142.02
1153.49
1164.42
1174.77
1184.53
1193.66
1202.14
1209.95
1217.05
1223.44
1229.08
1233.95
1238.04
1241.33
1243.81
1245.47
1246.30
897.63
914.78
931.81
948.68
965.38
981.88
998.16
1014.19
1029.95
1045.42
1060.57
1075.37
1089.81
1103.86
1117.49
1130.68
1143.40
1155.62
1167.32
1178.47
1189.05
1199.02
1208.36
1217.05
1225.05
1232.33
1238.89
1244.68
1249.69
1253.89
1257.28
1259.83
1261.54
1262.39
907.04
924.41
941.65
958.75
975.67
992.40
1008.90
1025.16
1041.15
1056.85
1072.23
1087.27
1101.95
1116.23
1130.10
1143.52
1156.48
1168.94
1180.88
1192.26
1203.07
1213.27
1222.83
1231.73
1239.93
1247.41
1254.14
1260.09
1265.24
1269.57
1273.06
1275.69
1277.45
1278.33
916.16
933.75
951.21
968.52
985.67
1002.61
1019.34
1035.82
1052.04
1067.97
1083.58
1098.86
1113.77
1128.29
1142.40
1156.06
1169.26
1181.96
1194.14
1205.77
1216.82
1227.25
1237.04
1246.16
1254.58
1262.26
1269.18
1275.30
1280.61
1285.07
1288.67
1291.38
1293.20
1294.11
924.99
942.79
960.46
977.99
995.34
1012.51
1029.46
1046.16
1062.60
1078.76
1094.60
1110.11
1125.26
1140.02
1154.37
1168.28
1181.72
1194.67
1207.10
1218.98
1230.27
1240.95
1250.98
1260.34
1268.98
1276.88
1284.00
1290.31
1295.78
1300.39
1304.10
1306.91
1308.79
1309.73
933.51
951.51
969.39
987.13
1004.69
1022.07
1039.23
1056.16
1072.82
1089.20
1105.27
1121.01
1136.40
1151.40
1165.99
1180.15
1193.84
1207.05
1219.73
1231.86
1243.42
1254.35
1264.64
1274.24
1283.12
1291.25
1298.59
1305.10
1310.75
1315.52
1319.36
1322.27
1324.21
1325.19
941.71
959.91
977.99
995.93
1013.70
1031.28
1048.66
1065.80
1082.68
1099.28
1115.58
1131.55
1147.17
1162.41
1177.25
1191.65
1205.60
1219.07
1232.01
1244.41
1256.23
1267.43
1277.99
1287.85
1296.99
1305.37
1312.94
1319.67
1325.51
1330.45
1334.44
1337.46
1339.48
1340.49
949.57
967.96
986.24
1004.37
1022.35
1040.13
1057.71
1075.06
1092.16
1108.98
1125.50
1141.70
1157.56
1173.04
1188.12
1202.78
1216.99
1230.72
1243.93
1256.60
1268.70
1280.18
1291.01
1301.16
1310.57
1319.21
1327.03
1334.00
1340.06
1345.19
1349.34
1352.48
1354.58
1355.64
957.09
975.67
994.13
1012.45
1030.62
1048.60
1066.38
1083.94
1101.25
1118.28
1135.02
1151.45
1167.54
1183.26
1198.59
1213.50
1227.97
1241.97
1255.46
1268.41
1280.80
1292.57
1303.70
1314.14
1323.84
1332.77
1340.86
1348.09
1354.39
1359.73
1364.05
1367.33
1369.53
1370.63
964.25
983.00
1001.64
1020.15
1038.50
1056.68
1074.65
1092.41
1109.92
1127.17
1144.13
1160.78
1177.09
1193.05
1208.63
1223.80
1238.53
1252.80
1266.57
1279.82
1292.50
1304.58
1316.02
1326.77
1336.79
1346.02
1354.42
1361.93
1368.49
1374.06
1378.59
1382.02
1384.33
1385.49
971.03
989.96
1008.77
1027.46
1045.99
1064.35
1082.51
1100.46
1118.17
1135.62
1152.79
1169.66
1186.21
1202.40
1218.23
1233.65
1248.65
1263.19
1277.25
1290.80
1303.79
1316.19
1327.95
1339.03
1349.38
1358.95
1367.68
1375.50
1382.36
1388.20
1392.95
1396.56
1399.00
1400.22
977.44
996.52
1015.50
1034.36
1053.06
1071.60
1089.94
1108.08
1125.98
1143.63
1161.01
1178.09
1194.86
1211.29
1227.35
1243.03
1258.30
1273.12
1287.47
1301.32
1314.63
1327.36
1339.46
1350.90
1361.61
1371.54
1380.63
1388.80
1395.99
1402.13
1407.14
1410.96
1413.54
1414.84
983.45
1002.69
1021.83
1040.84
1059.71
1078.41
1096.93
1115.24
1133.33
1151.17
1168.75
1186.04
1203.03
1219.68
1235.99
1251.92
1267.45
1282.55
1297.20
1311.36
1324.99
1338.07
1350.53
1362.34
1373.44
1383.77
1393.25
1401.81
1409.37
1415.85
1421.17
1425.23
1427.98
1429.37
989.06
1008.45
1027.73
1046.89
1065.91
1084.78
1103.46
1121.94
1140.21
1158.23
1176.00
1193.50
1210.69
1227.57
1244.11
1260.29
1276.08
1291.46
1306.41
1320.88
1334.85
1348.28
1361.12
1373.32
1384.84
1395.59
1405.51
1414.50
1422.49
1429.37
1435.04
1439.39
1442.35
1443.84
994.26
1013.78
1033.20
1052.50
1071.67
1090.68
1109.52
1128.17
1146.60
1164.80
1182.75
1200.44
1217.84
1234.93
1251.70
1268.12
1284.17
1299.83
1315.07
1329.86
1344.16
1357.96
1371.19
1383.81
1395.76
1406.97
1417.37
1426.86
1435.33
1442.68
1448.76
1453.46
1456.67
1458.30
999.04
1018.68
1038.23
1057.66
1076.97
1096.12
1115.10
1133.90
1152.49
1170.85
1188.98
1206.85
1224.44
1241.74
1258.73
1275.38
1291.68
1307.61
1323.14
1338.24
1352.89
1367.06
1380.69
1393.74
1406.16
1417.87
1428.80
1438.84
1447.87
1455.75
1462.35
1467.48
1471.00
1472.80
1003.39
1023.15
1042.81
1062.37
1081.79
1101.07
1120.19
1139.13
1157.86
1176.38
1194.67
1212.71
1230.48
1247.98
1265.17
1282.05
1298.59
1314.78
1330.60
1346.01
1361.00
1375.53
1389.57
1403.07
1415.98
1428.23
1439.73
1450.38
1460.06
1468.59
1475.80
1481.47
1485.40
1487.42
1007.30
1027.16
1046.93
1066.60
1086.14
1105.54
1124.78
1143.84
1162.71
1181.37
1199.81
1218.01
1235.95
1253.62
1271.01
1288.10
1304.87
1321.31
1337.40
1353.11
1368.44
1383.34
1397.78
1411.74
1425.16
1437.97
1450.10
1461.44
1471.85
1481.15
1489.12
1495.49
1499.96
1502.27
1010.77
1030.72
1050.59
1070.35
1089.99
1109.50
1128.85
1148.02
1167.02
1185.81
1204.38
1222.72
1240.82
1258.66
1276.23
1293.51
1310.49
1327.17
1343.51
1359.51
1375.15
1390.41
1405.26
1419.67
1433.61
1447.01
1459.81
1471.90
1483.16
1493.38
1502.30
1509.58
1514.79
1517.52
1013.79
1033.82
1053.77
1073.62
1093.35
1112.95
1132.39
1151.67
1170.77
1189.67
1208.37
1226.84
1245.07
1263.06
1280.79
1298.25
1315.43
1332.32
1348.90
1365.17
1381.10
1396.70
1411.94
1426.80
1441.24
1455.24
1468.74
1481.65
1493.85
1505.16
1515.28
1523.79
1530.07
1533.39
1016.35
1036.46
1056.48
1076.40
1096.21
1115.88
1135.41
1154.78
1173.97
1192.97
1211.77
1230.35
1248.70
1266.82
1284.69
1302.31
1319.66
1336.73
1353.53
1370.03
1386.24
1402.15
1417.75
1433.02
1447.96
1462.55
1476.75
1490.51
1503.74
1516.31
1527.94
1538.16
1546.10
1550.25
1018.46
1038.62
1058.70
1078.68
1098.55
1118.29
1137.89
1157.33
1176.59
1195.68
1214.56
1233.24
1251.69
1269.92
1287.91
1305.65
1323.15
1340.39
1357.36
1374.07
1390.52
1406.70
1422.62
1438.27
1453.66
1468.79
1483.66
1498.26
1512.57
1526.53
1539.98
1552.60
1563.82
1568.74
1020.10
1040.30
1060.43
1080.46
1100.38
1120.17
1139.82
1159.32
1178.64
1197.79
1216.74
1235.49
1254.03
1272.34
1290.43
1308.28
1325.89
1343.25
1360.38
1377.26
1393.90
1410.30
1426.48
1442.45
1458.23
1473.83
1489.30
1504.67
1520.00
1535.34
1550.70
1566.19
1575.42
1579.68
1021.27
1041.51
1061.66
1081.73
1101.68
1121.51
1141.20
1160.74
1180.11
1199.30
1218.31
1237.11
1255.70
1274.08
1292.23
1310.16
1327.86
1345.32
1362.55
1379.55
1396.34
1412.91
1429.29
1445.50
1461.57
1477.54
1493.48
1509.48
1525.66
1542.20
1559.12
1574.01
1582.22
1585.99
1021.98
1042.23
1062.41
1082.49
1102.47
1122.32
1142.04
1161.60
1180.99
1200.21
1219.25
1238.08
1256.71
1275.13
1293.32
1311.29
1329.04
1346.56
1363.86
1380.94
1397.81
1414.49
1430.99
1447.35
1463.61
1479.82
1496.06
1512.46
1529.21
1546.64
1565.53
1578.24
1585.78
1589.28
1022.21
1042.47
1062.66
1082.75
1102.73
1122.59
1142.31
1161.88
1181.29
1200.52
1219.56
1238.41
1257.05
1275.47
1293.68
1311.67
1329.44
1346.98
1364.30
1381.40
1398.30
1415.01
1431.56
1447.97
1464.29
1480.58
1496.93
1513.47
1530.40
1548.06
1567.10
1579.52
1586.88
1590.30
1021.98
1042.23
1062.41
1082.49
1102.47
1122.32
1142.03
1161.60
1180.99
1200.21
1219.24
1238.08
1256.71
1275.12
1293.32
1311.29
1329.04
1346.56
1363.86
1380.93
1397.81
1414.48
1430.99
1447.34
1463.60
1479.81
1496.05
1512.45
1529.20
1546.63
1565.52
1578.23
1585.77
1589.27
1021.27
1041.50
1061.66
1081.72
1101.68
1121.51
1141.20
1160.74
1180.11
1199.30
1218.30
1237.10
1255.70
1274.07
1292.23
1310.15
1327.85
1345.31
1362.54
1379.55
1396.33
1412.90
1429.28
1445.49
1461.56
1477.53
1493.47
1509.47
1525.65
1542.19
1559.11
1573.99
1582.20
1585.97
1020.09
1040.30
1060.42
1080.45
1100.37
1120.16
1139.81
1159.31
1178.64
1197.78
1216.74
1235.48
1254.02
1272.33
1290.42
1308.27
1325.88
1343.24
1360.37
1377.25
1393.89
1410.29
1426.47
1442.44
1458.21
1473.82
1489.28
1504.65
1519.98
1535.31
1550.67
1566.16
1575.39
1579.65
1018.45
1038.61
1058.69
1078.67
1098.54
1118.28
1137.88
1157.32
1176.58
1195.67
1214.55
1233.22
1251.68
1269.91
1287.90
1305.64
1323.14
1340.37
1357.35
1374.06
1390.51
1406.68
1422.60
1438.25
1453.64
1468.77
1483.64
1498.24
1512.55
1526.50
1539.94
1552.56
1563.78
1568.70
1016.35
1036.45
1056.47
1076.39
1096.20
1115.87
1135.40
1154.77
1173.96
1192.96
1211.75
1230.33
1248.69
1266.81
1284.68
1302.29
1319.64
1336.72
1353.51
1370.01
1386.22
1402.13
1417.73
1433.00
1447.94
1462.52
1476.72
1490.47
1503.71
1516.27
1527.90
1538.12
1546.05
1550.20
1013.78
1033.81
1053.76
1073.61
1093.34
1112.94
1132.38
1151.66
1170.76
1189.66
1208.35
1226.82
1245.06
1263.05
1280.78
1298.23
1315.41
1332.30
1348.88
1365.14
1381.08
1396.68
1411.91
1426.77
1441.21
1455.21
1468.70
1481.61
1493.81
1505.12
1515.24
1523.75
1530.01
1533.34
1010.76
1030.71
1050.58
1070.34
1089.98
1109.48
1128.83
1148.01
1167.00
1185.79
1204.36
1222.70
1240.80
1258.64
1276.21
1293.49
1310.47
1327.14
1343.49
1359.49
1375.13
1390.38
1405.23
1419.64
1433.58
1446.98
1459.77
1471.86
1483.11
1493.33
1502.26
1509.53
1514.74
1517.46
1007.29
1027.15
1046.92
1066.58
1086.12
1105.52
1124.76
1143.82
1162.69
1181.35
1199.79
1217.99
1235.93
1253.60
1270.99
1288.08
1304.85
1321.28
1337.37
1353.09
1368.41
1383.31
1397.75
1411.71
1425.12
1437.93
1450.06
1461.40
1471.81
1481.11
1489.08
1495.44
1499.91
1502.22
1003.37
1023.13
1042.79
1062.35
1081.77
1101.06
1120.17
1139.11
1157.84
1176.36
1194.65
1212.69
1230.46
1247.95
1265.15
1282.02
1298.56
1314.75
1330.57
1345.98
1360.97
1375.50
1389.54
1403.04
1415.94
1428.19
1439.69
1450.34
1460.01
1468.55
1475.75
1481.42
1485.35
1487.37
999.02
1018.66
1038.21
1057.65
1076.95
1096.10
1115.08
1133.88
1152.46
1170.83
1188.96
1206.82
1224.42
1241.71
1258.70
1275.35
1291.65
1307.58
1323.11
1338.21
1352.86
1367.02
1380.65
1393.70
1406.12
1417.83
1428.75
1438.79
1447.82
1455.71
1462.30
1467.43
1470.95
1472.75
994.24
1013.76
1033.18
1052.48
1071.65
1090.66
1109.50
1128.14
1146.57
1164.77
1182.73
1200.41
1217.81
1234.90
1251.67
1268.09
1284.14
1299.79
1315.03
1329.82
1344.13
1357.92
1371.15
1383.76
1395.71
1406.93
1417.32
1426.81
1435.28
1442.62
1448.71
1453.41
1456.62
1458.25
989.04
1008.42
1027.71
1046.87
1065.89
1084.75
1103.43
1121.92
1140.18
1158.21
1175.98
1193.47
1210.66
1227.54
1244.08
1260.26
1276.05
1291.43
1306.37
1320.84
1334.81
1348.24
1361.08
1373.28
1384.79
1395.54
1405.46
1414.45
1422.44
1429.32
1434.98
1439.34
1442.29
1443.79
983.43
1002.67
1021.80
1040.81
1059.68
1078.38
1096.90
1115.21
1133.30
1151.14
1168.72
1186.01
1202.99
1219.65
1235.95
1251.88
1267.41
1282.51
1297.16
1311.32
1324.95
1338.02
1350.49
1362.30
1373.39
1383.72
1393.20
1401.76
1409.32
1415.80
1421.11
1425.18
1427.93
1429.31
977.41
996.50
1015.48
1034.33
1053.03
1071.57
1089.91
1108.04
1125.95
1143.60
1160.97
1178.06
1194.82
1211.25
1227.32
1242.99
1258.26
1273.08
1287.43
1301.28
1314.58
1327.31
1339.42
1350.85
1361.56
1371.49
1380.58
1388.75
1395.94
1402.07
1407.08
1410.91
1413.48
1414.78
971.01
989.93
1008.75
1027.43
1045.96
1064.32
1082.48
1100.43
1118.14
1135.59
1152.76
1169.63
1186.17
1202.36
1218.19
1233.61
1248.61
1263.15
1277.21
1290.75
1303.74
1316.14
1327.90
1338.98
1349.33
1358.90
1367.62
1375.45
1382.31
1388.14
1392.89
1396.51
1398.94
1400.16
964.22
982.97
1001.61
1020.12
1038.47
1056.65
1074.62
1092.38
1109.89
1127.13
1144.09
1160.74
1177.05
1193.01
1208.59
1223.76
1238.49
1252.76
1266.53
1279.77
1292.45
1304.53
1315.97
1326.72
1336.73
1345.96
1354.36
1361.87
1368.44
1374.01
1378.53
1381.96
1384.27
1385.43
957.06
975.64
994.10
1012.42
1030.59
1048.57
1066.35
1083.90
1101.21
1118.24
1134.99
1151.41
1167.50
1183.22
1198.54
1213.46
1227.93
1241.92
1255.41
1268.36
1280.75
1292.52
1303.64
1314.08
1323.78
1332.71
1340.81
1348.03
1354.33
1359.67
1363.99
1367.27
1369.47
1370.57
949.54
967.93
986.21
1004.34
1022.31
1040.10
1057.68
1075.02
1092.12
1108.94
1125.46
1141.66
1157.51
1172.99
1188.08
1202.73
1216.94
1230.67
1243.88
1256.55
1268.65
1280.13
1290.96
1301.10
1310.51
1319.15
1326.97
1333.94
1340.00
1345.13
1349.27
1352.41
1354.52
1355.57
941.68
959.88
977.95
995.89
1013.66
1031.25
1048.62
1065.76
1082.64
1099.24
1115.54
1131.51
1147.12
1162.36
1177.20
1191.61
1205.56
1219.02
1231.96
1244.36
1256.18
1267.38
1277.93
1287.79
1296.93
1305.30
1312.88
1319.60
1325.45
1330.39
1334.38
1337.39
1339.41
1340.42
933.48
951.48
969.36
987.09
1004.66
1022.03
1039.19
1056.12
1072.78
1089.16
1105.23
1120.97
1136.35
1151.35
1165.94
1180.10
1193.79
1206.99
1219.68
1231.81
1243.36
1254.29
1264.58
1274.18
1283.06
1291.19
1298.52
1305.04
1310.69
1315.45
1319.30
1322.20
1324.15
1325.12
924.95
942.75
960.42
977.95
995.31
1012.47
1029.41
1046.12
1062.56
1078.71
1094.56
1110.06
1125.21
1139.97
1154.32
1168.22
1181.67
1194.62
1207.04
1218.92
1230.21
1240.89
1250.92
1260.28
1268.92
1276.81
1283.93
1290.24
1295.72
1300.32
1304.04
1306.84
1308.72
1309.66
916.12
933.71
951.17
968.48
985.62
1002.57
1019.30
1035.78
1052.00
1067.92
1083.54
1098.81
1113.72
1128.24
1142.34
1156.01
1169.21
1181.91
1194.09
1205.71
1216.76
1227.19
1236.98
1246.10
1254.51
1262.19
1269.11
1275.24
1280.54
1285.00
1288.60
1291.31
1293.13
1294.04
907.00
924.37
941.61
958.71
975.63
992.35
1008.86
1025.11
1041.10
1056.80
1072.18
1087.22
1101.90
1116.18
1130.04
1143.47
1156.42
1168.88
1180.82
1192.20
1203.01
1213.21
1222.77
1231.66
1239.86
1247.34
1254.07
1260.02
1265.17
1269.50
1272.99
1275.62
1277.38
1278.26
897.59
914.74
931.77
948.64
965.33
981.83
998.11
1014.14
1029.90
1045.37
1060.52
1075.32
1089.76
1103.81
1117.44
1130.62
1143.34
1155.56
1167.26
1178.41
1188.99
1198.96
1208.30
1216.98
1224.98
1232.27
1238.82
1244.61
1249.62
1253.82
1257.21
1259.76
1261.47
1262.32
887.92
904.85
921.64
938.29
954.76
971.03
987.08
1002.88
1018.41
1033.64
1048.56
1063.13
1077.33
1091.14
1104.54
1117.49
1129.97
1141.96
1153.43
1164.36
1174.71
1184.46
1193.59
1202.07
1209.88
1216.98
1223.37
1229.01
1233.88
1237.97
1241.26
1243.74
1245.40
1246.23
878.00
894.69
911.26
927.67
943.91
959.95
975.77
991.34
1006.63
1021.63
1036.32
1050.66
1064.63
1078.21
1091.37
1104.09
1116.34
1128.10
1139.35
1150.05
1160.19
1169.73
1178.66
1186.95
1194.57
1201.50
1207.73
1213.22
1217.97
1221.95
1225.16
1227.57
1229.18
1229.99
867.84
884.30
900.63
916.81
932.82
948.62
964.20
979.54
994.60
1009.37
1023.82
1037.92
1051.66
1065.01
1077.94
1090.44
1102.46
1114.00
1125.03
1135.52
1145.44
1154.79
1163.52
1171.62
1179.07
1185.84
1191.91
1197.27
1201.90
1205.78
1208.90
1211.25
1212.82
1213.61
857.46
873.68
889.78
905.72
921.49
937.05
952.40
967.50
982.33
996.86
1011.08
1024.95
1038.46
1051.58
1064.28
1076.55
1088.36
1099.68
1110.49
1120.77
1130.49
1139.64
1148.18
1156.11
1163.39
1170.00
1175.93
1181.16
1185.68
1189.47
1192.51
1194.80
1196.33
1197.09
846.88
862.86
878.71
894.41
909.94
925.27
940.38
955.24
969.83
984.13
998.11
1011.76
1025.03
1037.93
1050.40
1062.45
1074.04
1085.14
1095.75
1105.82
1115.35
1124.31
1132.67
1140.42
1147.54
1154.00
1159.80
1164.91
1169.32
1173.01
1175.98
1178.22
1179.71
1180.45
836.11
851.84
867.45
882.91
898.19
913.28
928.15
942.77
957.13
971.20
984.94
998.36
1011.41
1024.07
1036.33
1048.15
1059.53
1070.42
1080.82
1090.70
1100.03
1108.81
1116.99
1124.58
1131.54
1137.86
1143.53
1148.52
1152.83
1156.44
1159.33
1161.52
1162.97
1163.70
825.17
840.65
856.01
871.23
886.27
901.11
915.74
930.12
944.24
958.07
971.59
984.77
997.59
1010.03
1022.07
1033.68
1044.84
1055.53
1065.73
1075.41
1084.56
1093.15
1101.17
1108.60
1115.41
1121.59
1127.13
1132.01
1136.22
1139.75
1142.58
1144.71
1146.13
1146.84
814.08
829.31
844.42
859.38
874.18
888.78
903.16
917.31
931.19
944.78
958.07
971.02
983.62
995.84
1007.65
1019.05
1030.00
1040.49
1050.49
1059.98
1068.95
1077.37
1085.22
1092.49
1099.16
1105.21
1110.63
1115.40
1119.51
1122.96
1125.73
1127.81
1129.20
1129.89
802.85
817.83
832.68
847.40
861.94
876.30
890.44
904.34
917.99
931.34
944.40
957.12
969.49
981.49
993.10
1004.28
1015.03
1025.32
1035.12
1044.43
1053.22
1061.46
1069.16
1076.28
1082.80
1088.72
1094.03
1098.70
1102.72
1106.09
1108.79
1110.83
1112.19
1112.86
791.51
806.23
820.83
835.29
849.58
863.69
877.59
891.25
904.65
917.78
930.60
943.10
955.25
967.03
978.42
989.39
999.94
1010.03
1019.64
1028.77
1037.38
1045.46
1053.00
1059.97
1066.36
1072.16
1077.35
1081.92
1085.85
1089.15
1091.79
1093.78
1095.11
1095.77
780.07
794.52
808.87
823.07
837.12
850.98
864.63
878.05
891.22
904.11
916.70
928.97
940.90
952.46
963.64
974.41
984.75
994.65
1004.08
1013.02
1021.46
1029.39
1036.77
1043.60
1049.85
1055.53
1060.61
1065.08
1068.93
1072.16
1074.74
1076.69
1077.99
1078.64
768.54
782.74
796.83
810.78
824.57
838.18
851.59
864.76
877.69
890.35
902.71
914.76
926.46
937.81
948.78
959.34
969.49
979.20
988.44
997.21
1005.49
1013.25
1020.48
1027.17
1033.30
1038.86
1043.83
1048.20
1051.97
1055.13
1057.66
1059.57
1060.84
1061.47
756.97
770.90
784.73
798.42
811.96
825.32
838.48
851.41
864.11
876.53
888.66
900.48
911.97
923.10
933.86
944.23
954.18
963.69
972.76
981.36
989.47
997.07
1004.16
1010.71
1016.71
1022.16
1027.03
1031.31
1035.00
1038.09
1040.57
1042.43
1043.67
1044.30
745.35
759.02
772.58
786.02
799.30
812.41
825.33
838.02
850.47
862.66
874.57
886.17
897.43
908.36
918.91
929.08
938.83
948.17
957.05
965.48
973.43
980.88
987.82
994.24
1000.12
1005.45
1010.22
1014.42
1018.03
1021.05
1023.48
1025.30
1026.52
1027.13
733.72
747.12
760.42
773.60
786.63
799.49
812.16
824.61
836.83
848.78
860.46
871.83
882.89
893.60
903.95
913.92
923.48
932.63
941.35
949.60
957.39
964.70
971.50
977.79
983.55
988.77
993.44
997.54
1001.08
1004.04
1006.42
1008.20
1009.39
1009.99
722.09
735.23
748.27
761.19
773.96
786.57
798.99
811.20
823.18
834.91
846.36
857.51
868.35
878.85
889.00
898.77
908.15
917.12
925.66
933.75
941.39
948.54
955.21
961.37
967.01
972.12
976.70
980.72
984.18
987.08
989.41
991.16
992.32
992.90
710.49
723.36
736.14
748.80
761.32
773.68
785.85
797.82
809.56
821.06
832.29
843.22
853.85
864.14
874.09
883.67
892.86
901.65
910.02
917.96
925.43
932.45
938.98
945.01
950.54
955.55
960.02
963.96
967.36
970.19
972.47
974.18
975.32
975.90
698.94
711.55
724.06
736.46
748.72
760.83
772.76
784.49
796.00
807.27
818.27
828.99
839.40
849.50
859.25
868.63
877.64
886.26
894.46
902.23
909.56
916.43
922.83
928.74
934.15
939.06
943.44
947.30
950.62
953.40
955.63
957.31
958.43
958.99
687.47
699.80
712.05
724.20
736.21
748.07
759.76
771.25
782.52
793.56
804.34
814.84
825.05
834.94
844.49
853.69
862.52
870.96
879.00
886.61
893.79
900.52
906.79
912.58
917.88
922.69
926.99
930.76
934.02
936.74
938.92
940.56
941.66
942.21
676.09
688.16
700.15
712.03
723.79
735.41
746.85
758.11
769.15
779.96
790.52
800.81
810.81
820.50
829.86
838.87
847.52
855.79
863.67
871.13
878.16
884.75
890.89
896.57
901.76
906.47
910.68
914.38
917.56
920.23
922.37
923.97
925.05
925.58
664.84
676.64
688.37
700.00
711.51
722.87
734.08
745.10
755.91
766.50
776.84
786.92
796.72
806.21
815.38
824.21
832.68
840.78
848.49
855.80
862.69
869.15
875.17
880.72
885.81
890.42
894.54
898.17
901.29
903.90
905.99
907.57
908.62
909.14
653.73
665.27
676.74
688.12
699.38
710.50
721.46
732.25
742.84
753.20
763.33
773.20
782.79
792.09
801.07
809.72
818.02
825.96
833.51
840.67
847.42
853.75
859.64
865.08
870.07
874.58
878.62
882.17
885.23
887.78
889.84
891.38
892.41
892.92
642.80
654.08
665.29
676.41
687.43
698.31
709.04
719.59
729.96
740.11
750.02
759.68
769.08
778.18
786.98
795.45
803.58
811.35
818.75
825.77
832.38
838.58
844.35
849.68
854.56
858.98
862.94
866.42
869.41
871.92
873.93
875.44
876.44
876.95
632.06
643.09
654.05
664.92
675.69
686.33
696.83
707.16
717.30
727.23
736.94
746.40
755.60
764.51
773.12
781.42
789.38
797.00
804.25
811.12
817.59
823.67
829.32
834.54
839.33
843.66
847.53
850.94
853.87
856.33
858.30
859.78
860.76
861.26
621.56
632.33
643.04
653.66
664.19
674.60
684.87
694.97
704.90
714.62
724.12
733.38
742.39
751.11
759.55
767.67
775.47
782.93
790.03
796.76
803.11
809.05
814.59
819.71
824.40
828.64
832.44
835.78
838.65
841.05
842.98
844.43
845.40
845.88
611.30
621.82
632.29
642.68
652.97
663.15
673.19
683.07
692.78
702.29
711.59
720.66
729.48
738.02
746.28
754.24
761.88
769.18
776.14
782.73
788.95
794.78
800.20
805.22
809.81
813.97
817.69
820.96
823.78
826.13
828.02
829.44
830.39
830.86
601.33
611.61
621.83
631.98
642.04
651.99
661.81
671.48
680.98
690.29
699.40
708.27
716.90
725.27
733.36
741.16
748.64
755.80
762.61
769.07
775.16
780.87
786.19
791.10
795.60
799.68
803.32
806.53
809.29
811.60
813.45
814.84
815.77
816.24
591.67
601.70
611.69
621.61
631.45
641.18
650.78
660.24
669.54
678.65
687.56
696.25
704.70
712.90
720.82
728.46
735.79
742.80
749.48
755.81
761.78
767.37
772.59
777.40
781.81
785.81
789.38
792.52
795.23
797.49
799.31
800.68
801.59
802.04
582.35
592.14
601.90
611.60
621.22
630.73
640.13
649.38
658.48
667.40
676.12
684.63
692.91
700.94
708.70
716.18
723.36
730.24
736.78
742.99
748.84
754.32
759.43
764.16
768.48
772.40
775.90
778.98
781.64
783.86
785.64
786.98
787.87
788.32
573.38
582.96
592.49
601.97
611.38
620.68
629.88
638.93
647.84
656.57
665.11
673.45
681.56
689.42
697.03
704.36
711.41
718.14
724.56
730.64
736.38
741.76
746.77
751.40
755.65
759.49
762.93
765.95
768.55
770.73
772.48
773.79
774.67
775.11
564.82
574.17
583.49
592.76
601.96
611.07
620.06
628.93
637.65
646.21
654.57
662.74
670.69
678.40
685.86
693.04
699.95
706.56
712.85
718.82
724.45
729.73
734.64
739.19
743.35
747.12
750.50
753.46
756.02
758.15
759.87
761.16
762.02
762.45
556.67
565.81
574.93
584.00
593.00
601.91
610.72
619.41
627.95
636.33
644.54
652.54
660.33
667.89
675.21
682.26
689.04
695.52
701.69
707.55
713.08
718.26
723.08
727.55
731.63
735.34
738.65
741.56
744.07
746.17
747.85
749.12
749.97
750.39
548.97
557.91
566.83
575.71
584.52
593.26
601.89
610.40
618.77
626.99
635.03
642.89
650.53
657.95
665.13
672.05
678.70
685.06
691.13
696.88
702.31
707.40
712.14
716.52
720.54
724.18
727.43
730.29
732.76
734.82
736.48
737.72
738.55
738.97
541.74
550.50
559.23
567.93
576.56
585.12
593.58
601.93
610.15
618.21
626.10
633.81
641.32
648.60
655.65
662.45
668.98
675.24
681.20
686.85
692.18
697.18
701.84
706.15
710.10
713.68
716.88
719.69
722.12
724.15
725.77
727.00
727.81
728.22
535.01
543.59
552.15
560.68
569.15
577.54
585.85
594.04
602.11
610.02
617.78
625.35
632.72
639.88
646.81
653.50
659.92
666.07
671.93
677.49
682.74
687.66
692.24
696.48
700.37
703.89
707.04
709.81
712.19
714.19
715.79
716.99
717.80
718.20
528.80
537.22
545.62
553.99
562.31
570.55
578.71
586.76
594.68
602.47
610.09
617.53
624.79
631.83
638.65
645.23
651.55
657.60
663.37
668.84
674.01
678.85
683.37
687.55
691.37
694.84
697.94
700.67
703.02
704.99
706.56
707.75
708.54
708.94
