559.17
567.50
575.78
583.99
592.12
600.16
608.08
615.87
623.52
631.00
638.32
645.44
652.37
659.07
665.55
671.79
677.77
683.49
688.93
694.08
698.94
703.49
707.72
711.63
715.21
718.45
721.35
723.90
726.09
727.92
729.39
730.50
731.23
731.60
564.75
573.20
581.60
589.94
598.19
606.33
614.36
622.26
630.01
637.60
645.01
652.23
659.25
666.04
672.60
678.92
684.98
690.77
696.27
701.49
706.41
711.01
715.30
719.26
722.88
726.16
729.09
731.67
733.89
735.74
737.23
738.35
739.09
739.47
570.80
579.39
587.92
596.38
604.76
613.03
621.18
629.19
637.06
644.76
652.27
659.59
666.71
673.59
680.24
686.65
692.79
698.65
704.23
709.52
714.50
719.17
723.51
727.52
731.19
734.51
737.48
740.09
742.34
744.22
745.72
746.86
747.61
747.99
577.30
586.04
594.71
603.31
611.82
620.22
628.50
636.64
644.62
652.44
660.07
667.50
674.71
681.70
688.45
694.94
701.17
707.12
712.78
718.14
723.19
727.92
732.32
736.39
740.11
743.48
746.49
749.13
751.41
753.32
754.84
755.99
756.76
757.14
584.24
593.12
601.95
610.69
619.34
627.89
636.30
644.57
652.68
660.62
668.37
675.91
683.24
690.34
697.19
703.78
710.10
716.14
721.88
727.32
732.45
737.25
741.71
745.84
749.61
753.03
756.08
758.76
761.07
763.01
764.56
765.72
766.50
766.89
591.58
600.62
609.60
618.50
627.31
635.99
644.55
652.96
661.21
669.27
677.15
684.82
692.26
699.47
706.43
713.12
719.54
725.67
731.51
737.03
742.23
747.10
751.64
755.83
759.66
763.12
766.22
768.95
771.29
773.25
774.83
776.01
776.80
777.19
599.30
608.51
617.66
626.72
635.68
644.52
653.22
661.78
670.17
678.37
686.38
694.17
701.74
709.07
716.14
722.94
729.47
735.70
741.62
747.23
752.52
757.47
762.07
766.32
770.21
773.74
776.88
779.65
782.03
784.02
785.62
786.82
787.62
788.02
607.37
616.76
626.08
635.31
644.43
653.43
662.29
671.00
679.54
687.88
696.03
703.96
711.65
719.10
726.29
733.21
739.84
746.17
752.19
757.90
763.27
768.30
772.98
777.30
781.25
784.83
788.03
790.84
793.26
795.28
796.90
798.12
798.94
799.34
615.78
625.35
634.85
644.25
653.54
662.71
671.73
680.60
689.28
697.78
706.07
714.13
721.96
729.54
736.85
743.89
750.63
757.07
763.19
768.99
774.45
779.56
784.32
788.71
792.73
796.37
799.62
802.48
804.94
806.99
808.64
809.88
810.71
811.12
624.50
634.26
643.94
653.52
662.99
672.32
681.51
690.54
699.38
708.03
716.46
724.67
732.64
740.35
747.79
754.95
761.81
768.36
774.58
780.48
786.03
791.23
796.07
800.54
804.62
808.32
811.63
814.53
817.03
819.12
820.80
822.06
822.90
823.32
633.50
643.45
653.32
663.08
672.73
682.24
691.60
700.79
709.80
718.60
727.19
735.55
743.66
751.50
759.08
766.36
773.34
780.00
786.34
792.34
797.99
803.28
808.20
812.74
816.89
820.66
824.02
826.97
829.52
831.64
833.35
834.63
835.48
835.91
642.76
652.91
662.96
672.92
682.75
692.44
701.98
711.34
720.51
729.48
738.22
746.73
754.98
762.97
770.67
778.09
785.19
791.97
798.42
804.52
810.27
815.65
820.66
825.28
829.51
833.34
836.76
839.76
842.35
844.51
846.25
847.55
848.42
848.86
652.25
662.60
672.85
683.00
693.02
702.89
712.61
722.14
731.48
740.62
749.52
758.18
766.58
774.72
782.56
790.10
797.33
804.23
810.80
817.01
822.86
828.34
833.43
838.13
842.44
846.33
849.81
852.87
855.51
857.71
859.47
860.80
861.68
862.12
661.96
672.50
682.96
693.30
703.51
713.57
723.46
733.18
742.69
751.99
761.06
769.88
778.44
786.71
794.70
802.38
809.74
816.76
823.44
829.77
835.72
841.30
846.48
851.27
855.65
859.61
863.15
866.27
868.95
871.19
872.98
874.33
875.23
875.68
671.84
682.59
693.25
703.79
714.19
724.44
734.53
744.42
754.11
763.58
772.82
781.80
790.51
798.94
807.07
814.88
822.37
829.53
836.33
842.76
848.82
854.50
859.78
864.65
869.11
873.14
876.75
879.92
882.65
884.92
886.75
888.13
889.04
889.50
681.89
692.85
703.71
714.45
725.05
735.49
745.76
755.84
765.71
775.36
784.76
793.90
802.77
811.35
819.63
827.59
835.21
842.49
849.42
855.97
862.14
867.92
873.29
878.25
882.79
886.90
890.57
893.79
896.57
898.89
900.75
902.15
903.09
903.55
692.07
703.24
714.31
725.25
736.05
746.69
757.15
767.42
777.47
787.29
796.86
806.17
815.20
823.94
832.36
840.46
848.23
855.64
862.69
869.36
875.64
881.52
886.99
892.04
896.66
900.84
904.58
907.87
910.69
913.06
914.95
916.38
917.33
917.80
702.37
713.75
725.03
736.18
747.18
758.01
768.66
779.12
789.35
799.35
809.10
818.57
827.77
836.66
845.24
853.49
861.39
868.94
876.11
882.90
889.29
895.28
900.85
905.99
910.70
914.96
918.76
922.11
924.99
927.39
929.32
930.77
931.74
932.22
712.76
724.36
735.84
747.20
758.40
769.43
780.28
790.92
801.34
811.52
821.44
831.09
840.45
849.50
858.23
866.63
874.67
882.35
889.66
896.57
903.08
909.18
914.85
920.08
924.87
929.21
933.08
936.49
939.42
941.87
943.84
945.31
946.30
946.79
723.22
735.03
746.73
758.29
769.70
780.93
791.97
802.80
813.41
823.77
833.87
843.69
853.21
862.43
871.32
879.86
888.05
895.87
903.30
910.34
916.97
923.18
928.95
934.28
939.16
943.57
947.52
950.99
953.97
956.47
958.47
959.97
960.98
961.48
733.73
745.76
757.67
769.43
781.04
792.48
803.72
814.74
825.53
836.08
846.35
856.35
866.04
875.42
884.47
893.16
901.50
909.46
917.03
924.19
930.94
937.26
943.13
948.56
953.53
958.02
962.04
965.58
968.62
971.16
973.20
974.73
975.75
976.26
744.27
756.51
768.63
780.61
792.42
804.06
815.49
826.71
837.69
848.42
858.88
869.05
878.91
888.45
897.66
906.51
915.00
923.10
930.80
938.09
944.96
951.39
957.38
962.90
967.96
972.54
976.63
980.23
983.33
985.92
987.99
989.55
990.59
991.11
754.82
767.28
779.61
791.79
803.81
815.65
827.28
838.69
849.86
860.78
871.42
881.76
891.80
901.51
910.87
919.88
928.51
936.76
944.60
952.02
959.01
965.56
971.66
977.28
982.43
987.10
991.26
994.93
998.08
1000.72
1002.83
1004.42
1005.48
1006.01
765.35
778.03
790.57
802.96
815.19
827.22
839.05
850.66
862.02
873.12
883.95
894.47
904.68
914.56
924.08
933.25
942.03
950.42
958.40
965.96
973.08
979.74
985.95
991.68
996.92
1001.67
1005.91
1009.64
1012.86
1015.54
1017.70
1019.32
1020.40
1020.94
775.86
788.74
801.50
814.10
826.53
838.77
850.80
862.60
874.15
885.44
896.45
907.15
917.53
927.58
937.27
946.60
955.53
964.07
972.19
979.88
987.12
993.91
1000.23
1006.06
1011.40
1016.24
1020.56
1024.36
1027.63
1030.37
1032.56
1034.21
1035.32
1035.87
786.31
799.41
812.38
825.18
837.82
850.26
862.49
874.49
886.23
897.71
908.90
919.78
930.34
940.55
950.41
959.90
968.99
977.68
985.94
993.76
1001.14
1008.05
1014.48
1020.42
1025.85
1030.78
1035.18
1039.05
1042.39
1045.18
1047.41
1049.09
1050.21
1050.77
796.70
810.01
823.18
836.20
849.04
861.68
874.11
886.30
898.24
909.90
921.28
932.34
943.07
953.46
963.49
973.13
982.38
991.22
999.63
1007.59
1015.10
1022.13
1028.67
1034.72
1040.26
1045.28
1049.76
1053.71
1057.10
1059.94
1062.22
1063.93
1065.08
1065.65
807.00
820.52
833.90
847.13
860.17
873.01
885.64
898.02
910.15
922.01
933.56
944.81
955.72
966.28
976.48
986.29
995.70
1004.68
1013.24
1021.34
1028.98
1036.14
1042.80
1048.96
1054.60
1059.71
1064.28
1068.29
1071.75
1074.65
1076.97
1078.72
1079.88
1080.46
817.20
830.93
844.52
857.95
871.19
884.23
897.06
909.64
921.96
934.00
945.75
957.17
968.26
979.00
989.36
999.34
1008.90
1018.05
1026.75
1034.99
1042.77
1050.05
1056.84
1063.11
1068.85
1074.05
1078.71
1082.80
1086.33
1089.28
1091.64
1093.42
1094.61
1095.20
827.28
841.22
855.01
868.64
882.09
895.33
908.35
921.12
933.64
945.87
957.80
969.41
980.68
991.59
1002.12
1012.26
1021.99
1031.29
1040.14
1048.53
1056.44
1063.86
1070.76
1077.15
1083.00
1088.30
1093.04
1097.21
1100.80
1103.81
1106.22
1108.03
1109.24
1109.84
837.22
851.36
865.36
879.19
892.84
906.28
919.50
932.47
945.17
957.59
969.71
981.50
992.95
1004.03
1014.74
1025.05
1034.94
1044.39
1053.40
1061.93
1069.98
1077.53
1084.56
1091.06
1097.02
1102.42
1107.25
1111.50
1115.16
1118.22
1120.68
1122.53
1123.76
1124.38
847.01
861.36
875.56
889.59
903.43
917.07
930.48
943.64
956.54
969.15
981.45
993.42
1005.05
1016.32
1027.20
1037.67
1047.73
1057.34
1066.50
1075.18
1083.37
1091.06
1098.21
1104.83
1110.90
1116.40
1121.32
1125.65
1129.38
1132.50
1135.01
1136.89
1138.15
1138.78
856.63
871.18
885.58
899.81
913.85
927.68
941.29
954.64
967.73
980.52
993.01
1005.17
1016.98
1028.42
1039.47
1050.12
1060.34
1070.11
1079.43
1088.26
1096.59
1104.41
1111.70
1118.44
1124.62
1130.22
1135.23
1139.65
1143.45
1146.63
1149.19
1151.11
1152.39
1153.03
866.07
880.82
895.41
909.84
924.07
938.10
951.90
965.44
978.72
991.70
1004.37
1016.71
1028.70
1040.32
1051.55
1062.37
1072.76
1082.69
1092.16
1101.15
1109.63
1117.58
1125.00
1131.86
1138.16
1143.86
1148.97
1153.47
1157.35
1160.59
1163.20
1165.16
1166.46
1167.12
875.32
890.25
905.04
919.66
934.09
948.31
962.29
976.03
989.49
1002.66
1015.52
1028.04
1040.21
1052.01
1063.41
1074.40
1084.96
1095.06
1104.69
1113.83
1122.45
1130.55
1138.10
1145.09
1151.50
1157.31
1162.52
1167.11
1171.06
1174.37
1177.02
1179.02
1180.35
1181.02
884.35
899.47
914.45
929.26
943.88
958.29
972.46
986.39
1000.04
1013.39
1026.43
1039.14
1051.49
1063.47
1075.05
1086.21
1096.93
1107.20
1116.99
1126.28
1135.06
1143.30
1150.99
1158.10
1164.63
1170.55
1175.86
1180.53
1184.56
1187.93
1190.64
1192.68
1194.04
1194.72
893.15
908.47
923.63
938.63
953.44
968.03
982.39
996.50
1010.33
1023.87
1037.10
1049.99
1062.52
1074.67
1086.43
1097.76
1108.66
1119.09
1129.04
1138.49
1147.42
1155.80
1163.63
1170.88
1177.52
1183.56
1188.97
1193.73
1197.84
1201.28
1204.04
1206.12
1207.51
1208.20
901.71
917.22
932.57
947.75
962.74
977.51
992.06
1006.35
1020.37
1034.09
1047.50
1060.57
1073.28
1085.61
1097.54
1109.05
1120.12
1130.72
1140.83
1150.44
1159.52
1168.05
1176.02
1183.39
1190.17
1196.32
1201.83
1206.68
1210.87
1214.38
1217.20
1219.32
1220.74
1221.45
910.03
925.71
941.24
956.60
971.77
986.73
1001.45
1015.92
1030.12
1044.03
1057.61
1070.86
1083.75
1096.26
1108.37
1120.05
1131.29
1142.06
1152.34
1162.11
1171.34
1180.02
1188.13
1195.64
1202.54
1208.80
1214.42
1219.37
1223.64
1227.22
1230.10
1232.26
1233.71
1234.43
918.07
933.93
949.63
965.17
980.52
995.65
1010.56
1025.21
1039.58
1053.67
1067.43
1080.86
1093.93
1106.61
1118.90
1130.75
1142.16
1153.10
1163.54
1173.47
1182.86
1191.69
1199.94
1207.59
1214.62
1221.00
1226.73
1231.77
1236.13
1239.78
1242.72
1244.92
1246.40
1247.14
925.84
941.86
957.74
973.45
988.97
1004.28
1019.36
1034.18
1048.73
1062.99
1076.93
1090.54
1103.78
1116.64
1129.10
1141.13
1152.71
1163.82
1174.43
1184.52
1194.07
1203.05
1211.44
1219.23
1226.39
1232.89
1238.72
1243.87
1248.31
1252.04
1255.03
1257.29
1258.79
1259.54
933.31
949.50
965.55
981.42
997.11
1012.59
1027.84
1042.84
1057.56
1071.99
1086.11
1099.88
1113.30
1126.34
1138.97
1151.17
1162.92
1174.20
1184.97
1195.22
1204.93
1214.07
1222.61
1230.53
1237.82
1244.45
1250.39
1255.64
1260.17
1263.97
1267.02
1269.32
1270.86
1271.63
940.48
956.84
973.04
989.08
1004.93
1020.58
1035.99
1051.15
1066.05
1080.65
1094.93
1108.88
1122.47
1135.68
1148.48
1160.85
1172.77
1184.22
1195.16
1205.57
1215.44
1224.73
1233.41
1241.48
1248.90
1255.65
1261.71
1267.06
1271.68
1275.55
1278.67
1281.01
1282.58
1283.36
947.34
963.85
980.21
996.41
1012.42
1028.22
1043.79
1059.12
1074.18
1088.94
1103.40
1117.51
1131.27
1144.65
1157.62
1170.16
1182.25
1193.86
1204.96
1215.54
1225.56
1235.00
1243.84
1252.05
1259.60
1266.47
1272.65
1278.10
1282.81
1286.76
1289.94
1292.33
1293.93
1294.73
953.87
970.53
987.04
1003.39
1019.55
1035.51
1051.24
1066.72
1081.94
1096.87
1111.48
1125.76
1139.68
1153.22
1166.36
1179.07
1191.32
1203.10
1214.37
1225.10
1235.28
1244.88
1253.86
1262.21
1269.90
1276.90
1283.18
1288.74
1293.54
1297.57
1300.81
1303.25
1304.89
1305.70
960.07
976.86
993.52
1010.01
1026.32
1042.43
1058.31
1073.95
1089.32
1104.40
1119.17
1133.61
1147.69
1161.40
1174.70
1187.57
1199.98
1211.92
1223.35
1234.25
1244.58
1254.33
1263.46
1271.95
1279.77
1286.89
1293.29
1298.95
1303.84
1307.95
1311.26
1313.75
1315.41
1316.25
965.91
982.85
999.64
1016.27
1032.72
1048.97
1065.00
1080.78
1096.30
1111.53
1126.45
1141.05
1155.28
1169.14
1182.60
1195.63
1208.21
1220.30
1231.89
1242.94
1253.43
1263.33
1272.60
1281.23
1289.18
1296.43
1302.95
1308.71
1313.69
1317.88
1321.25
1323.79
1325.49
1326.34
971.40
988.47
1005.39
1022.15
1038.73
1055.12
1071.28
1087.20
1102.87
1118.24
1133.31
1148.05
1162.44
1176.45
1190.06
1203.24
1215.97
1228.22
1239.97
1251.17
1261.81
1271.85
1281.27
1290.04
1298.12
1305.49
1312.12
1317.98
1323.06
1327.32
1330.76
1333.34
1335.07
1335.94
976.53
993.71
1010.76
1027.64
1044.35
1060.86
1077.16
1093.21
1109.01
1124.52
1139.73
1154.61
1169.14
1183.30
1197.06
1210.39
1223.27
1235.67
1247.56
1258.91
1269.69
1279.88
1289.44
1298.34
1306.55
1314.04
1320.78
1326.74
1331.91
1336.25
1339.75
1342.38
1344.14
1345.02
981.28
998.57
1015.73
1032.73
1049.56
1066.19
1082.61
1098.79
1114.71
1130.35
1145.70
1160.71
1175.38
1189.67
1203.57
1217.04
1230.06
1242.61
1254.64
1266.13
1277.06
1287.39
1297.08
1306.11
1314.44
1322.05
1328.90
1334.96
1340.21
1344.63
1348.18
1350.87
1352.66
1353.56
985.65
1003.04
1020.31
1037.42
1054.36
1071.10
1087.63
1103.93
1119.97
1135.73
1151.19
1166.34
1181.13
1195.56
1209.58
1223.19
1236.35
1249.02
1261.19
1272.82
1283.88
1294.34
1304.16
1313.32
1321.77
1329.49
1336.44
1342.60
1347.94
1352.42
1356.04
1358.77
1360.59
1361.51
989.62
1007.11
1024.48
1041.69
1058.72
1075.57
1092.21
1108.61
1124.76
1140.63
1156.21
1171.47
1186.39
1200.93
1215.08
1228.81
1242.10
1254.90
1267.20
1278.96
1290.14
1300.72
1310.67
1319.94
1328.51
1336.33
1343.39
1349.63
1355.05
1359.61
1363.28
1366.05
1367.91
1368.83
993.20
1010.78
1028.23
1045.53
1062.66
1079.60
1096.33
1112.83
1129.08
1145.06
1160.74
1176.10
1191.13
1205.78
1220.05
1233.90
1247.30
1260.22
1272.63
1284.51
1295.81
1306.51
1316.57
1325.95
1334.62
1342.55
1349.70
1356.03
1361.52
1366.14
1369.87
1372.68
1374.57
1375.51
996.37
1014.03
1031.55
1048.93
1066.15
1083.17
1099.99
1116.58
1132.92
1148.99
1164.76
1180.22
1195.35
1210.10
1224.47
1238.42
1251.93
1264.96
1277.48
1289.46
1300.87
1311.68
1321.84
1331.33
1340.09
1348.11
1355.34
1361.76
1367.32
1372.00
1375.78
1378.63
1380.54
1381.49
999.13
1016.85
1034.45
1051.90
1069.19
1086.28
1103.18
1119.84
1136.26
1152.41
1168.27
1183.82
1199.03
1213.87
1228.33
1242.38
1255.97
1269.10
1281.72
1293.80
1305.31
1316.21
1326.46
1336.04
1344.89
1352.99
1360.30
1366.79
1372.41
1377.15
1380.97
1383.85
1385.79
1386.75
1001.47
1019.26
1036.91
1054.42
1071.77
1088.93
1105.89
1122.62
1139.10
1155.32
1171.26
1186.88
1202.16
1217.08
1231.62
1245.75
1259.43
1272.63
1285.34
1297.50
1309.09
1320.07
1330.41
1340.06
1349.00
1357.17
1364.55
1371.09
1376.77
1381.56
1385.42
1388.33
1390.28
1391.26
1003.40
1021.23
1038.93
1056.49
1073.89
1091.10
1108.11
1124.90
1141.44
1157.72
1173.71
1189.39
1204.74
1219.73
1234.33
1248.52
1262.27
1275.54
1288.31
1300.55
1312.21
1323.26
1333.67
1343.39
1352.39
1360.62
1368.05
1374.65
1380.38
1385.20
1389.10
1392.04
1394.01
1394.99
1004.90
1022.76
1040.51
1058.11
1075.54
1092.80
1109.85
1126.68
1143.27
1159.59
1175.63
1191.35
1206.75
1221.79
1236.44
1250.69
1264.49
1277.82
1290.65
1302.94
1314.65
1325.76
1336.22
1345.99
1355.04
1363.32
1370.80
1377.44
1383.21
1388.06
1391.98
1394.94
1396.93
1397.92
1005.97
1023.87
1041.64
1059.26
1076.73
1094.01
1111.09
1127.95
1144.57
1160.93
1177.00
1192.76
1208.19
1223.27
1237.96
1252.24
1266.08
1279.45
1292.32
1304.65
1316.40
1327.55
1338.05
1347.86
1356.95
1365.27
1372.78
1379.45
1385.24
1390.12
1394.06
1397.03
1399.03
1400.02
1006.62
1024.53
1042.31
1059.96
1077.44
1094.74
1111.84
1128.72
1145.36
1161.73
1177.82
1193.61
1209.06
1224.16
1238.87
1253.17
1267.04
1280.43
1293.32
1305.68
1317.46
1328.63
1339.15
1348.99
1358.09
1366.43
1373.97
1380.66
1386.46
1391.36
1395.31
1398.29
1400.29
1401.29
1006.83
1024.75
1042.54
1060.19
1077.67
1094.98
1112.09
1128.97
1145.62
1162.00
1178.10
1193.89
1209.35
1224.45
1239.17
1253.48
1267.36
1280.76
1293.66
1306.02
1317.81
1328.99
1339.52
1349.36
1358.48
1366.82
1374.36
1381.06
1386.87
1391.77
1395.72
1398.71
1400.71
1401.71
1006.61
1024.52
1042.31
1059.95
1077.44
1094.74
1111.84
1128.72
1145.35
1161.73
1177.82
1193.60
1209.06
1224.15
1238.87
1253.17
1267.03
1280.43
1293.32
1305.67
1317.45
1328.63
1339.15
1348.98
1358.09
1366.43
1373.96
1380.65
1386.46
1391.35
1395.30
1398.29
1400.29
1401.29
1005.97
1023.86
1041.63
1059.26
1076.72
1094.01
1111.09
1127.95
1144.57
1160.92
1176.99
1192.76
1208.19
1223.26
1237.95
1252.23
1266.07
1279.44
1292.31
1304.64
1316.40
1327.55
1338.04
1347.86
1356.94
1365.26
1372.77
1379.44
1385.23
1390.11
1394.05
1397.03
1399.02
1400.02
1004.89
1022.76
1040.50
1058.10
1075.54
1092.79
1109.84
1126.67
1143.26
1159.58
1175.62
1191.35
1206.74
1221.78
1236.44
1250.68
1264.48
1277.81
1290.64
1302.93
1314.64
1325.75
1336.21
1345.98
1355.03
1363.31
1370.79
1377.43
1383.20
1388.05
1391.97
1394.93
1396.92
1397.91
1003.39
1021.22
1038.93
1056.49
1073.88
1091.09
1108.10
1124.89
1141.43
1157.71
1173.70
1189.38
1204.73
1219.72
1234.32
1248.51
1262.26
1275.53
1288.30
1300.54
1312.20
1323.25
1333.66
1343.38
1352.37
1360.61
1368.04
1374.64
1380.37
1385.19
1389.08
1392.02
1393.99
1394.98
1001.47
1019.25
1036.90
1054.41
1071.76
1088.92
1105.88
1122.61
1139.10
1155.32
1171.25
1186.87
1202.15
1217.07
1231.61
1245.73
1259.41
1272.62
1285.32
1297.49
1309.08
1320.06
1330.40
1340.05
1348.98
1357.16
1364.53
1371.08
1376.76
1381.54
1385.40
1388.32
1390.27
1391.24
999.12
1016.84
1034.44
1051.89
1069.17
1086.27
1103.16
1119.83
1136.25
1152.40
1168.26
1183.81
1199.01
1213.86
1228.32
1242.36
1255.96
1269.08
1281.70
1293.78
1305.29
1316.19
1326.45
1336.02
1344.88
1352.98
1360.29
1366.77
1372.39
1377.13
1380.95
1383.84
1385.77
1386.73
996.36
1014.01
1031.54
1048.92
1066.13
1083.16
1099.97
1116.56
1132.90
1148.97
1164.75
1180.21
1195.33
1210.09
1224.46
1238.41
1251.91
1264.94
1277.46
1289.45
1300.86
1311.66
1321.82
1331.31
1340.07
1348.09
1355.32
1361.74
1367.30
1371.98
1375.76
1378.61
1380.51
1381.47
993.18
1010.76
1028.21
1045.51
1062.64
1079.58
1096.31
1112.81
1129.06
1145.04
1160.72
1176.09
1191.11
1205.77
1220.03
1233.88
1247.28
1260.20
1272.61
1284.49
1295.79
1306.49
1316.55
1325.93
1334.60
1342.53
1349.67
1356.01
1361.50
1366.12
1369.85
1372.66
1374.54
1375.48
989.61
1007.10
1024.46
1041.67
1058.71
1075.56
1092.19
1108.59
1124.74
1140.62
1156.19
1171.45
1186.37
1200.91
1215.06
1228.79
1242.08
1254.88
1267.18
1278.93
1290.12
1300.70
1310.64
1319.92
1328.48
1336.31
1343.36
1349.61
1355.02
1359.58
1363.25
1366.03
1367.88
1368.81
985.63
1003.03
1020.29
1037.40
1054.34
1071.08
1087.61
1103.91
1119.95
1135.71
1151.17
1166.32
1181.11
1195.53
1209.56
1223.17
1236.32
1249.00
1261.17
1272.80
1283.86
1294.32
1304.14
1313.29
1321.74
1329.46
1336.41
1342.57
1347.91
1352.40
1356.01
1358.74
1360.57
1361.48
981.26
998.56
1015.71
1032.72
1049.54
1066.18
1082.59
1098.77
1114.69
1130.33
1145.67
1160.69
1175.36
1189.65
1203.55
1217.02
1230.04
1242.58
1254.61
1266.11
1277.03
1287.36
1297.05
1306.08
1314.41
1322.02
1328.87
1334.93
1340.18
1344.60
1348.15
1350.84
1352.63
1353.53
976.51
993.69
1010.74
1027.62
1044.33
1060.84
1077.14
1093.19
1108.99
1124.50
1139.71
1154.59
1169.12
1183.27
1197.03
1210.36
1223.24
1235.64
1247.53
1258.88
1269.66
1279.85
1289.41
1298.31
1306.52
1314.01
1320.75
1326.71
1331.88
1336.22
1339.71
1342.35
1344.11
1344.99
971.39
988.45
1005.37
1022.13
1038.71
1055.10
1071.26
1087.18
1102.84
1118.22
1133.29
1148.03
1162.41
1176.42
1190.03
1203.22
1215.95
1228.20
1239.94
1251.14
1261.78
1271.82
1281.24
1290.01
1298.09
1305.46
1312.08
1317.95
1323.02
1327.29
1330.72
1333.31
1335.04
1335.90
965.89
982.83
999.62
1016.25
1032.70
1048.95
1064.97
1080.75
1096.27
1111.50
1126.43
1141.02
1155.26
1169.12
1182.57
1195.60
1208.18
1220.27
1231.86
1242.91
1253.40
1263.29
1272.57
1281.20
1289.15
1296.39
1302.91
1308.67
1313.66
1317.84
1321.21
1323.75
1325.45
1326.30
960.04
976.84
993.50
1009.99
1026.30
1042.40
1058.28
1073.92
1089.29
1104.37
1119.14
1133.58
1147.66
1161.37
1174.67
1187.53
1199.95
1211.89
1223.32
1234.21
1244.55
1254.29
1263.42
1271.91
1279.73
1286.85
1293.25
1298.91
1303.80
1307.91
1311.22
1313.71
1315.37
1316.21
953.85
970.50
987.01
1003.36
1019.52
1035.48
1051.21
1066.70
1081.91
1096.84
1111.45
1125.73
1139.65
1153.19
1166.33
1179.04
1191.29
1203.06
1214.33
1225.07
1235.25
1244.84
1253.83
1262.17
1269.86
1276.86
1283.14
1288.70
1293.50
1297.53
1300.77
1303.21
1304.84
1305.66
947.32
963.82
980.18
996.38
1012.39
1028.19
1043.77
1059.09
1074.15
1088.91
1103.36
1117.48
1131.24
1144.61
1157.58
1170.12
1182.21
1193.82
1204.92
1215.50
1225.52
1234.96
1243.80
1252.01
1259.56
1266.43
1272.60
1278.05
1282.76
1286.72
1289.90
1292.29
1293.89
1294.69
940.46
956.81
973.01
989.05
1004.90
1020.55
1035.96
1051.12
1066.02
1080.62
1094.90
1108.85
1122.44
1135.64
1148.44
1160.82
1172.73
1184.18
1195.12
1205.53
1215.40
1224.68
1233.37
1241.44
1248.86
1255.61
1261.66
1267.01
1271.63
1275.51
1278.62
1280.97
1282.54
1283.32
933.28
949.48
965.52
981.40
997.08
1012.56
1027.81
1042.80
1057.53
1071.96
1086.07
1099.85
1113.27
1126.30
1138.93
1151.13
1162.88
1174.16
1184.93
1195.18
1204.89
1214.02
1222.57
1230.49
1237.78
1244.40
1250.35
1255.59
1260.12
1263.92
1266.98
1269.28
1270.81
1271.58
925.81
941.83
957.71
973.42
988.94
1004.25
1019.32
1034.15
1048.70
1062.96
1076.90
1090.50
1103.74
1116.61
1129.06
1141.09
1152.67
1163.78
1174.39
1184.48
1194.02
1203.01
1211.40
1219.19
1226.34
1232.84
1238.68
1243.82
1248.27
1251.99
1254.98
1257.24
1258.74
1259.49
918.04
933.90
949.60
965.14
980.48
995.62
1010.52
1025.17
1039.55
1053.63
1067.39
1080.82
1093.89
1106.57
1118.86
1130.71
1142.12
1153.06
1163.50
1173.43
1182.82
1191.65
1199.90
1207.55
1214.57
1220.95
1226.68
1231.73
1236.08
1239.73
1242.67
1244.88
1246.35
1247.09
910.00
925.67
941.20
956.56
971.73
986.69
1001.42
1015.89
1030.09
1043.99
1057.57
1070.82
1083.71
1096.22
1108.33
1120.01
1131.25
1142.01
1152.29
1162.06
1171.29
1179.97
1188.08
1195.59
1202.49
1208.75
1214.37
1219.32
1223.59
1227.17
1230.05
1232.21
1233.66
1234.38
901.68
917.18
932.53
947.71
962.70
977.48
992.02
1006.31
1020.33
1034.05
1047.46
1060.53
1073.24
1085.57
1097.50
1109.01
1120.07
1130.67
1140.79
1150.39
1159.47
1168.00
1175.97
1183.35
1190.12
1196.27
1201.78
1206.63
1210.82
1214.33
1217.15
1219.27
1220.69
1221.39
893.12
908.43
923.60
938.60
953.40
967.99
982.35
996.46
1010.29
1023.83
1037.06
1049.94
1062.48
1074.63
1086.38
1097.72
1108.61
1119.04
1129.00
1138.44
1147.37
1155.76
1163.58
1170.82
1177.47
1183.51
1188.91
1193.68
1197.79
1201.23
1203.99
1206.07
1207.46
1208.15
884.31
899.44
914.42
929.23
943.84
958.25
972.42
986.35
1000.00
1013.35
1026.39
1039.10
1051.45
1063.42
1075.00
1086.16
1096.89
1107.15
1116.94
1126.23
1135.01
1143.25
1150.93
1158.05
1164.58
1170.50
1175.80
1180.48
1184.51
1187.88
1190.59
1192.63
1193.99
1194.67
875.28
890.22
905.01
919.62
934.05
948.27
962.25
975.99
989.45
1002.62
1015.48
1028.00
1040.17
1051.97
1063.37
1074.36
1084.91
1095.01
1104.64
1113.78
1122.40
1130.50
1138.05
1145.04
1151.45
1157.26
1162.47
1167.05
1171.00
1174.31
1176.97
1178.96
1180.30
1180.96
866.04
880.78
895.37
909.80
924.03
938.06
951.85
965.40
978.67
991.66
1004.33
1016.67
1028.66
1040.28
1051.50
1062.32
1072.71
1082.64
1092.11
1101.10
1109.57
1117.53
1124.95
1131.81
1138.10
1143.81
1148.92
1153.41
1157.29
1160.53
1163.14
1165.10
1166.41
1167.06
856.60
871.14
885.54
899.77
913.81
927.64
941.24
954.60
967.68
980.48
992.96
1005.12
1016.93
1028.37
1039.42
1050.07
1060.29
1070.06
1079.38
1088.21
1096.54
1104.36
1111.64
1118.38
1124.56
1130.16
1135.18
1139.59
1143.39
1146.57
1149.13
1151.05
1152.33
1152.97
846.97
861.32
875.52
889.55
903.39
917.03
930.44
943.60
956.49
969.10
981.40
993.38
1005.00
1016.27
1027.15
1037.62
1047.68
1057.29
1066.45
1075.13
1083.32
1091.00
1098.16
1104.78
1110.84
1116.34
1121.26
1125.59
1129.32
1132.44
1134.95
1136.83
1138.09
1138.72
837.18
851.32
865.32
879.15
892.80
906.24
919.45
932.42
945.12
957.54
969.66
981.45
992.90
1003.98
1014.69
1025.00
1034.89
1044.34
1053.34
1061.88
1069.93
1077.47
1084.51
1091.01
1096.96
1102.36
1107.19
1111.44
1115.10
1118.16
1120.62
1122.47
1123.70
1124.32
827.24
841.18
854.97
868.60
882.04
895.29
908.30
921.08
933.59
945.82
957.75
969.36
980.63
991.54
1002.07
1012.21
1021.94
1031.24
1040.09
1048.48
1056.38
1063.80
1070.71
1077.09
1082.94
1088.24
1092.98
1097.15
1100.74
1103.74
1106.16
1107.97
1109.18
1109.78
817.16
830.89
844.48
857.90
871.15
884.19
897.01
909.59
921.91
933.95
945.70
957.12
968.21
978.95
989.31
999.28
1008.85
1017.99
1026.69
1034.94
1042.71
1049.99
1056.78
1063.05
1068.79
1073.99
1078.65
1082.74
1086.26
1089.21
1091.58
1093.36
1094.55
1095.14
806.96
820.48
833.86
847.08
860.12
872.97
885.59
897.98
910.11
921.96
933.51
944.76
955.67
966.23
976.42
986.23
995.64
1004.63
1013.18
1021.28
1028.92
1036.08
1042.74
1048.90
1054.54
1059.65
1064.21
1068.23
1071.69
1074.59
1076.91
1078.65
1079.82
1080.40
796.66
809.97
823.14
836.16
848.99
861.64
874.06
886.25
898.19
909.85
921.22
932.29
943.02
953.41
963.43
973.08
982.33
991.16
999.57
1007.53
1015.04
1022.07
1028.61
1034.66
1040.20
1045.21
1049.70
1053.64
1057.04
1059.88
1062.16
1063.87
1065.01
1065.58
786.27
799.37
812.33
825.14
837.77
850.21
862.44
874.44
886.18
897.66
908.84
919.72
930.28
940.50
950.36
959.84
968.93
977.62
985.88
993.70
1001.08
1007.99
1014.41
1020.35
1025.79
1030.72
1035.12
1038.99
1042.32
1045.11
1047.35
1049.03
1050.15
1050.71
775.82
788.70
801.45
814.05
826.48
838.72
850.75
862.55
874.10
885.39
896.39
907.09
917.48
927.52
937.22
946.54
955.47
964.01
972.13
979.82
987.06
993.85
1000.16
1006.00
1011.34
1016.17
1020.49
1024.30
1027.57
1030.30
1032.50
1034.15
1035.25
1035.80
765.31
777.98
790.52
802.91
815.14
827.18
839.01
850.61
861.97
873.07
883.89
894.41
904.62
914.50
924.03
933.19
941.98
950.36
958.34
965.90
973.01
979.68
985.88
991.61
996.85
1001.60
1005.85
1009.58
1012.79
1015.48
1017.63
1019.25
1020.33
1020.87
754.77
767.23
779.56
791.74
803.76
815.60
827.23
838.64
849.81
860.72
871.36
881.71
891.74
901.45
910.82
919.82
928.45
936.70
944.54
951.96
958.95
965.50
971.59
977.22
982.37
987.03
991.20
994.86
998.01
1000.65
1002.77
1004.36
1005.42
1005.95
744.23
756.47
768.59
780.56
792.37
804.01
815.44
826.66
837.64
848.37
858.82
868.99
878.86
888.40
897.60
906.45
914.93
923.03
930.74
938.03
944.90
951.33
957.31
962.84
967.90
972.47
976.57
980.16
983.26
985.85
987.92
989.48
990.53
991.05
733.69
745.71
757.62
769.39
781.00
792.43
803.66
814.69
825.48
836.02
846.30
856.29
865.99
875.36
884.41
893.10
901.44
909.40
916.96
924.13
930.87
937.19
943.07
948.50
953.46
957.96
961.98
965.51
968.55
971.09
973.13
974.66
975.68
976.19
723.18
734.99
746.68
758.24
769.65
780.88
791.92
802.75
813.35
823.71
833.81
843.63
853.15
862.37
871.26
879.80
887.99
895.81
903.24
910.28
916.90
923.11
928.88
934.21
939.09
943.51
947.45
950.92
953.90
956.40
958.40
959.91
960.91
961.41
712.71
724.31
735.80
747.15
758.35
769.38
780.23
790.87
801.28
811.46
821.38
831.03
840.39
849.44
858.17
866.57
874.61
882.29
889.59
896.51
903.01
909.11
914.78
920.01
924.80
929.14
933.01
936.42
939.35
941.80
943.77
945.24
946.23
946.72
702.32
713.71
724.98
736.13
747.13
757.96
768.61
779.06
789.29
799.29
809.04
818.51
827.71
836.60
845.18
853.42
861.33
868.87
876.04
882.83
889.23
895.22
900.78
905.93
910.63
914.89
918.69
922.04
924.92
927.32
929.25
930.70
931.67
932.15
692.02
703.20
714.26
725.20
736.00
746.64
757.10
767.36
777.41
787.23
796.80
806.11
815.14
823.87
832.30
840.40
848.16
855.58
862.62
869.29
875.57
881.45
886.92
891.97
896.59
900.77
904.51
907.80
910.62
912.99
914.88
916.30
917.25
917.73
681.84
692.80
703.66
714.40
725.00
735.44
745.71
755.79
765.66
775.30
784.70
793.84
802.71
811.29
819.57
827.52
835.15
842.43
849.35
855.90
862.07
867.85
873.22
878.18
882.72
886.83
890.50
893.72
896.50
898.82
900.68
902.08
903.01
903.48
671.79
682.55
693.20
703.74
714.14
724.39
734.47
744.37
754.06
763.52
772.76
781.74
790.45
798.87
807.00
814.82
822.31
829.46
836.26
842.70
848.76
854.43
859.71
864.58
869.04
873.07
876.68
879.85
882.57
884.85
886.68
888.06
888.97
889.43
661.91
672.45
682.91
693.24
703.45
713.51
723.41
733.12
742.64
751.93
761.00
769.82
778.37
786.65
794.64
802.31
809.67
816.70
823.38
829.70
835.65
841.23
846.41
851.20
855.58
859.54
863.08
866.20
868.87
871.11
872.91
874.26
875.16
875.61
652.21
662.55
672.80
682.95
692.96
702.84
712.55
722.09
731.43
740.56
749.46
758.12
766.52
774.65
782.50
790.04
797.27
804.17
810.73
816.94
822.79
828.27
833.36
838.06
842.37
846.26
849.74
852.80
855.43
857.63
859.40
860.72
861.61
862.05
642.71
652.86
662.91
672.87
682.70
692.39
701.92
711.28
720.45
729.42
738.16
746.67
754.92
762.91
770.61
778.02
785.12
791.90
798.35
804.45
810.20
815.58
820.59
825.21
829.44
833.27
836.69
839.69
842.28
844.44
846.17
847.48
848.35
848.78
633.46
643.40
653.27
663.03
672.68
682.19
691.55
700.74
709.74
718.54
727.13
735.49
743.59
751.44
759.01
766.29
773.27
779.93
786.27
792.27
797.92
803.20
808.12
812.67
816.82
820.58
823.95
826.90
829.44
831.57
833.27
834.55
835.41
835.84
624.45
634.21
643.89
653.47
662.93
672.27
681.46
690.48
699.32
707.97
716.40
724.61
732.58
740.29
747.73
754.88
761.74
768.29
774.52
780.41
785.96
791.16
796.00
800.47
804.55
808.25
811.56
814.46
816.96
819.05
820.73
821.99
822.83
823.25
615.74
625.30
634.80
644.20
653.49
662.66
671.68
680.54
689.22
697.72
706.01
714.07
721.90
729.47
736.79
743.82
750.56
757.00
763.12
768.92
774.38
779.49
784.25
788.64
792.66
796.30
799.55
802.40
804.86
806.92
808.57
809.80
810.63
811.04
607.33
616.71
626.03
635.26
644.38
653.38
662.24
670.94
679.48
687.82
695.97
703.89
711.59
719.04
726.23
733.14
739.77
746.10
752.12
757.83
763.20
768.23
772.90
777.22
781.18
784.76
787.95
790.76
793.18
795.20
796.83
798.05
798.86
799.27
599.25
608.46
617.61
626.66
635.62
644.46
653.17
661.72
670.11
678.31
686.32
694.11
701.68
709.00
716.07
722.88
729.40
735.63
741.55
747.16
752.45
757.39
762.00
766.25
770.14
773.66
776.81
779.58
781.96
783.95
785.54
786.74
787.54
787.94
591.53
600.57
609.55
618.45
627.25
635.94
644.49
652.90
661.15
669.21
677.09
684.75
692.20
699.40
706.36
713.05
719.47
725.60
731.44
736.96
742.16
747.03
751.57
755.75
759.58
763.05
766.15
768.87
771.22
773.18
774.75
775.93
776.72
777.11
584.19
593.07
601.89
610.64
619.29
627.83
636.24
644.51
652.62
660.56
668.31
675.85
683.18
690.27
697.12
703.71
710.03
716.07
721.81
727.25
732.37
737.17
741.64
745.76
749.54
752.95
756.00
758.69
761.00
762.93
764.48
765.64
766.42
766.81
577.25
585.99
594.66
603.26
611.77
620.17
628.44
636.58
644.56
652.38
660.00
667.43
674.65
681.64
688.38
694.87
701.10
707.05
712.71
718.07
723.12
727.85
732.25
736.32
740.03
743.40
746.41
749.06
751.34
753.24
754.77
755.91
756.68
757.06
570.75
579.34
587.87
596.33
604.70
612.97
621.12
629.14
637.00
644.69
652.21
659.53
666.64
673.53
680.18
686.58
692.72
698.58
704.16
709.45
714.43
719.09
723.44
727.44
731.11
734.44
737.40
740.02
742.26
744.14
745.65
746.78
747.53
747.91
564.70
573.15
581.55
589.88
598.13
606.28
614.31
622.20
629.95
637.54
644.95
652.17
659.18
665.97
672.53
678.85
684.91
690.69
696.20
701.42
706.33
710.94
715.22
719.18
722.80
726.08
729.01
731.59
733.81
735.66
737.15
738.27
739.02
739.39
559.12
567.45
575.73
583.94
592.07
600.10
608.02
615.81
623.46
630.94
638.26
645.38
652.30
659.01
665.48
671.72
677.70
683.42
688.86
694.01
698.86
703.41
707.65
711.56
715.13
718.38
721.27
723.82
726.01
727.84
729.31
730.42
731.15
731.52
558.26
566.59
574.88
583.10
591.24
599.28
607.21
615.01
622.67
630.17
637.49
644.63
651.56
658.28
664.77
671.02
677.01
682.74
688.19
693.35
698.22
702.78
707.02
710.94
714.53
717.78
720.68
723.23
725.43
727.27
728.74
729.85
730.59
730.96
563.86
572.32
580.73
589.07
597.33
605.48
613.52
621.43
629.19
636.79
644.22
651.45
658.47
665.28
671.85
678.18
684.25
690.05
695.57
700.80
705.73
710.34
714.64
718.60
722.23
725.52
728.46
731.04
733.27
735.13
736.62
737.74
738.49
738.86
569.93
578.53
587.07
595.54
603.93
612.21
620.37
628.39
636.27
643.98
651.51
658.84
665.97
672.87
679.53
685.95
692.10
697.98
703.57
708.87
713.86
718.54
722.89
726.91
730.59
733.92
736.89
739.51
741.76
743.65
745.16
746.29
747.05
747.43
576.46
585.20
593.88
602.49
611.01
619.43
627.72
635.87
643.87
651.69
659.34
666.78
674.01
681.01
687.77
694.28
700.52
706.49
712.16
717.53
722.59
727.34
731.75
735.82
739.55
742.93
745.95
748.60
750.88
752.79
754.32
755.47
756.24
756.63
583.42
592.31
601.15
609.90
618.57
627.12
635.55
643.83
651.96
659.91
667.68
675.24
682.58
689.69
696.55
703.16
709.49
715.55
721.30
726.76
731.89
736.70
741.18
745.32
749.10
752.53
755.59
758.28
760.59
762.53
764.08
765.25
766.03
766.42
590.78
599.84
608.83
617.75
626.56
635.26
643.83
652.26
660.52
668.60
676.49
684.18
691.64
698.86
705.84
712.55
718.98
725.13
730.97
736.51
741.73
746.61
751.16
755.35
759.20
762.67
765.78
768.51
770.86
772.83
774.41
775.59
776.38
776.78
598.53
607.76
616.92
625.99
634.97
643.82
652.54
661.11
669.52
677.74
685.76
693.58
701.16
708.50
715.59
722.41
728.95
735.20
741.14
746.76
752.06
757.02
761.64
765.90
769.81
773.34
776.49
779.27
781.66
783.65
785.25
786.46
787.26
787.66
606.64
616.04
625.37
634.62
643.75
652.77
661.65
670.37
678.93
687.29
695.45
703.40
711.11
718.58
725.79
732.72
739.37
745.72
751.76
757.48
762.86
767.91
772.60
776.93
780.90
784.48
787.69
790.51
792.94
794.97
796.59
797.81
798.63
799.04
615.08
624.66
634.17
643.59
652.90
662.09
671.13
680.01
688.71
697.23
705.54
713.62
721.47
729.07
736.40
743.45
750.21
756.67
762.81
768.62
774.10
779.23
784.00
788.40
792.43
796.08
799.34
802.21
804.67
806.73
808.39
809.63
810.46
810.87
623.82
633.60
643.29
652.89
662.38
671.73
680.94
689.99
698.85
707.52
715.98
724.21
732.19
739.92
747.38
754.56
761.44
768.01
774.25
780.17
785.74
790.95
795.80
800.28
804.38
808.09
811.41
814.32
816.83
818.93
820.61
821.87
822.71
823.13
632.86
642.82
652.71
662.49
672.16
681.69
691.07
700.29
709.31
718.14
726.75
735.13
743.26
751.13
758.72
766.02
773.02
779.70
786.06
792.08
797.74
803.05
807.98
812.54
816.71
820.48
823.86
826.82
829.37
831.50
833.21
834.50
835.36
835.79
642.15
652.31
662.39
672.36
682.22
691.93
701.49
710.87
720.07
729.06
737.82
746.35
754.63
762.64
770.37
777.80
784.92
791.73
798.19
804.32
810.08
815.48
820.50
825.14
829.38
833.22
836.65
839.67
842.27
844.44
846.18
847.48
848.36
848.79
651.67
662.04
672.31
682.48
692.52
702.42
712.16
721.72
731.09
740.24
749.17
757.86
766.28
774.44
782.31
789.87
797.12
804.05
810.63
816.86
822.73
828.22
833.34
838.05
842.37
846.28
849.77
852.84
855.48
857.69
859.46
860.79
861.68
862.12
661.41
671.98
682.45
692.82
703.05
713.14
723.06
732.80
742.34
751.67
760.76
769.60
778.18
786.49
794.50
802.20
809.58
816.63
823.33
829.67
835.65
841.24
846.44
851.25
855.64
859.62
863.17
866.30
868.99
871.23
873.04
874.39
875.29
875.75
671.32
682.10
692.78
703.35
713.78
724.06
734.16
744.09
753.80
763.30
772.56
781.57
790.31
798.76
806.92
814.76
822.27
829.45
836.27
842.73
848.81
854.50
859.80
864.69
869.16
873.21
876.83
880.01
882.75
885.04
886.87
888.25
889.17
889.63
681.40
692.39
703.28
714.05
724.67
735.15
745.44
755.55
765.45
775.12
784.55
793.72
802.62
811.23
819.53
827.52
835.17
842.47
849.42
855.99
862.18
867.98
873.37
878.35
882.91
887.03
890.71
893.95
896.74
899.07
900.94
902.34
903.28
903.74
691.62
702.82
713.92
724.89
735.72
746.38
756.87
767.17
777.25
787.10
796.70
806.04
815.10
823.86
832.32
840.45
848.24
855.67
862.75
869.44
875.74
881.65
887.14
892.20
896.84
901.04
904.79
908.09
910.93
913.30
915.20
916.63
917.58
918.06
701.95
713.37
724.67
735.85
746.88
757.75
768.43
778.91
789.18
799.21
808.99
818.49
827.72
836.64
845.25
853.52
861.46
869.03
876.23
883.04
889.46
895.47
901.06
906.22
910.94
915.22
919.04
922.39
925.28
927.70
929.64
931.09
932.06
932.55
712.38
724.01
735.52
746.91
758.14
769.21
780.09
790.76
801.21
811.42
821.38
831.06
840.45
849.53
858.29
866.72
874.79
882.50
889.83
896.77
903.31
909.42
915.12
920.37
925.18
929.53
933.42
936.84
939.78
942.24
944.22
945.70
946.69
947.18
722.88
734.72
746.45
758.04
769.48
780.75
791.82
802.69
813.33
823.72
833.86
843.71
853.27
862.51
871.43
880.01
888.23
896.08
903.54
910.60
917.25
923.48
929.28
934.63
939.53
943.96
947.92
951.41
954.40
956.91
958.92
960.43
961.44
961.94
733.42
745.48
757.42
769.23
780.87
792.34
803.61
814.67
825.50
836.08
846.39
856.42
866.15
875.56
884.64
893.37
901.73
909.72
917.32
924.51
931.28
937.63
943.53
948.98
953.96
958.48
962.51
966.06
969.11
971.66
973.71
975.25
976.28
976.79
743.99
756.27
768.43
780.44
792.29
803.96
815.43
826.69
837.71
848.47
858.96
869.17
879.07
888.65
897.89
906.77
915.29
923.42
931.15
938.47
945.37
951.82
957.83
963.38
968.46
973.06
977.17
980.78
983.89
986.49
988.57
990.14
991.19
991.71
754.58
767.07
779.44
791.66
803.72
815.59
827.26
838.71
849.92
860.87
871.55
881.93
892.01
901.75
911.15
920.19
928.86
937.14
945.01
952.46
959.48
966.06
972.17
977.82
983.00
987.68
991.86
995.54
998.71
1001.36
1003.48
1005.08
1006.15
1006.68
765.14
777.85
790.44
802.87
815.13
827.21
839.08
850.73
862.13
873.27
884.13
894.69
904.94
914.85
924.42
933.62
942.44
950.86
958.87
966.46
973.60
980.30
986.53
992.28
997.55
1002.32
1006.58
1010.33
1013.55
1016.25
1018.42
1020.04
1021.13
1021.67
775.68
788.61
801.40
814.04
826.51
838.80
850.87
862.71
874.30
885.63
896.68
907.42
917.84
927.93
937.66
947.02
955.99
964.56
972.72
980.44
987.71
994.53
1000.87
1006.73
1012.09
1016.95
1021.29
1025.11
1028.40
1031.15
1033.35
1035.01
1036.12
1036.67
786.17
799.31
812.32
825.17
837.85
850.33
862.60
874.64
886.43
897.94
909.17
920.10
930.70
940.95
950.85
960.38
969.51
978.23
986.52
994.38
1001.79
1008.73
1015.18
1021.15
1026.61
1031.56
1035.98
1039.87
1043.22
1046.02
1048.27
1049.96
1051.08
1051.65
796.59
809.94
823.16
836.22
849.10
861.79
874.26
886.50
898.48
910.19
921.60
932.71
943.48
953.92
963.98
973.67
982.96
991.83
1000.27
1008.27
1015.81
1022.87
1029.45
1035.52
1041.08
1046.12
1050.63
1054.59
1058.00
1060.86
1063.15
1064.87
1066.02
1066.59
806.93
820.49
833.92
847.18
860.27
873.16
885.83
898.26
910.44
922.34
933.94
945.23
956.18
966.79
977.02
986.87
996.32
1005.35
1013.94
1022.08
1029.75
1036.94
1043.64
1049.82
1055.49
1060.62
1065.21
1069.25
1072.73
1075.63
1077.97
1079.72
1080.89
1081.48
817.16
830.93
844.57
858.04
871.33
884.42
897.29
909.92
922.29
934.38
946.17
957.64
968.77
979.55
989.96
999.98
1009.59
1018.77
1027.51
1035.79
1043.60
1050.92
1057.74
1064.04
1069.81
1075.04
1079.71
1083.83
1087.37
1090.33
1092.71
1094.50
1095.69
1096.29
827.27
841.25
855.09
868.77
882.27
895.56
908.62
921.45
934.01
946.29
958.27
969.92
981.24
992.19
1002.77
1012.96
1022.73
1032.07
1040.96
1049.39
1057.34
1064.79
1071.73
1078.14
1084.02
1089.35
1094.11
1098.30
1101.91
1104.93
1107.36
1109.18
1110.40
1111.00
837.24
851.43
865.48
879.36
893.06
906.55
919.81
932.83
945.58
958.05
970.22
982.06
993.56
1004.69
1015.44
1025.80
1035.73
1045.23
1054.28
1062.85
1070.94
1078.52
1085.59
1092.12
1098.11
1103.54
1108.39
1112.66
1116.34
1119.42
1121.89
1123.75
1124.99
1125.61
847.06
861.46
875.71
889.79
903.69
917.37
930.84
944.05
957.00
969.65
982.01
994.03
1005.71
1017.02
1027.95
1038.47
1048.58
1058.24
1067.44
1076.16
1084.39
1092.11
1099.31
1105.96
1112.06
1117.59
1122.53
1126.89
1130.64
1133.78
1136.30
1138.19
1139.46
1140.09
856.72
871.31
885.76
900.04
914.14
928.02
941.68
955.09
968.23
981.07
993.61
1005.82
1017.68
1029.18
1040.28
1050.97
1061.24
1071.07
1080.42
1089.30
1097.68
1105.53
1112.86
1119.63
1125.85
1131.48
1136.52
1140.96
1144.78
1147.98
1150.55
1152.48
1153.77
1154.42
866.19
880.98
895.63
910.11
924.40
938.48
952.33
965.93
979.26
992.29
1005.02
1017.42
1029.46
1041.13
1052.41
1063.28
1073.71
1083.70
1093.22
1102.25
1110.77
1118.77
1126.23
1133.13
1139.46
1145.19
1150.33
1154.86
1158.75
1162.02
1164.64
1166.61
1167.93
1168.58
875.46
890.45
905.29
919.96
934.45
948.72
962.76
976.55
990.07
1003.30
1016.21
1028.79
1041.02
1052.87
1064.32
1075.37
1085.97
1096.13
1105.80
1114.99
1123.66
1131.80
1139.40
1146.42
1152.87
1158.72
1163.95
1168.57
1172.54
1175.87
1178.54
1180.55
1181.90
1182.57
884.52
899.70
914.74
929.60
944.27
958.74
972.97
986.95
1000.66
1014.07
1027.17
1039.93
1052.34
1064.37
1076.01
1087.22
1098.00
1108.32
1118.16
1127.51
1136.33
1144.62
1152.35
1159.50
1166.07
1172.03
1177.37
1182.07
1186.12
1189.52
1192.25
1194.30
1195.67
1196.35
893.35
908.72
923.95
939.00
953.86
968.51
982.93
997.10
1010.99
1024.59
1037.88
1050.82
1063.41
1075.63
1087.44
1098.83
1109.78
1120.27
1130.28
1139.78
1148.76
1157.19
1165.06
1172.35
1179.04
1185.11
1190.55
1195.35
1199.48
1202.95
1205.73
1207.82
1209.22
1209.92
901.94
917.50
932.91
948.15
963.19
978.03
992.64
1006.99
1021.07
1034.85
1048.32
1061.45
1074.22
1086.61
1098.60
1110.17
1121.30
1131.95
1142.12
1151.79
1160.92
1169.50
1177.52
1184.94
1191.76
1197.95
1203.49
1208.38
1212.60
1216.14
1218.97
1221.11
1222.54
1223.25
910.28
926.02
941.61
957.03
972.26
987.28
1002.06
1016.60
1030.86
1044.83
1058.48
1071.79
1084.74
1097.31
1109.48
1121.23
1132.52
1143.35
1153.69
1163.52
1172.81
1181.54
1189.70
1197.26
1204.20
1210.51
1216.17
1221.16
1225.46
1229.06
1231.96
1234.14
1235.60
1236.32
918.35
934.26
950.03
965.63
981.04
996.24
1011.20
1025.92
1040.36
1054.50
1068.33
1081.83
1094.96
1107.71
1120.06
1131.98
1143.45
1154.45
1164.96
1174.95
1184.40
1193.28
1201.59
1209.29
1216.36
1222.79
1228.56
1233.64
1238.03
1241.71
1244.67
1246.90
1248.38
1249.12
926.14
942.23
958.17
973.94
989.52
1004.89
1020.04
1034.93
1049.55
1063.87
1077.88
1091.55
1104.86
1117.79
1130.31
1142.41
1154.05
1165.23
1175.90
1186.06
1195.67
1204.71
1213.16
1221.00
1228.21
1234.76
1240.64
1245.83
1250.31
1254.06
1257.08
1259.35
1260.87
1261.63
933.64
949.89
966.00
981.94
997.69
1013.24
1028.55
1043.61
1058.41
1072.91
1087.09
1100.94
1114.42
1127.53
1140.23
1152.50
1164.32
1175.66
1186.51
1196.83
1206.60
1215.80
1224.40
1232.38
1239.73
1246.40
1252.40
1257.69
1262.26
1266.09
1269.17
1271.49
1273.04
1273.81
940.83
957.25
973.52
989.62
1005.54
1021.25
1036.73
1051.97
1066.93
1081.60
1095.95
1109.97
1123.63
1136.91
1149.79
1162.23
1174.23
1185.74
1196.75
1207.24
1217.17
1226.53
1235.28
1243.41
1250.89
1257.69
1263.80
1269.20
1273.86
1277.77
1280.91
1283.28
1284.87
1285.66
947.71
964.28
980.71
996.97
1013.05
1028.92
1044.57
1059.96
1075.09
1089.93
1104.45
1118.64
1132.48
1145.93
1158.97
1171.59
1183.75
1195.44
1206.62
1217.27
1227.37
1236.88
1245.79
1254.06
1261.67
1268.61
1274.84
1280.34
1285.09
1289.08
1292.29
1294.71
1296.32
1297.13
954.26
970.99
987.56
1003.98
1020.21
1036.24
1052.04
1067.60
1082.89
1097.89
1112.58
1126.93
1140.93
1154.55
1167.76
1180.55
1192.88
1204.74
1216.08
1226.90
1237.16
1246.83
1255.89
1264.31
1272.06
1279.12
1285.47
1291.08
1295.92
1299.99
1303.27
1305.74
1307.39
1308.21
960.48
977.34
994.07
1010.63
1027.01
1043.19
1059.14
1074.85
1090.30
1105.45
1120.30
1134.82
1148.98
1162.76
1176.15
1189.10
1201.60
1213.62
1225.13
1236.11
1246.52
1256.35
1265.56
1274.13
1282.02
1289.21
1295.67
1301.39
1306.33
1310.49
1313.83
1316.35
1318.03
1318.87
966.35
983.35
1000.21
1016.91
1033.43
1049.75
1065.85
1081.71
1097.30
1112.61
1127.62
1142.29
1156.61
1170.55
1184.10
1197.21
1209.87
1222.05
1233.73
1244.87
1255.44
1265.43
1274.78
1283.49
1291.52
1298.84
1305.43
1311.25
1316.29
1320.52
1323.93
1326.50
1328.22
1329.08
971.85
988.98
1005.98
1022.81
1039.47
1055.92
1072.16
1088.16
1103.90
1119.36
1134.51
1149.33
1163.80
1177.90
1191.60
1204.87
1217.69
1230.03
1241.86
1253.16
1263.89
1274.02
1283.53
1292.38
1300.55
1307.99
1314.70
1320.63
1325.76
1330.08
1333.55
1336.17
1337.93
1338.80
977.00
994.25
1011.36
1028.32
1045.10
1061.69
1078.06
1094.20
1110.07
1125.67
1140.96
1155.93
1170.54
1184.79
1198.64
1212.06
1225.03
1237.53
1249.51
1260.96
1271.84
1282.12
1291.78
1300.77
1309.06
1316.64
1323.45
1329.49
1334.72
1339.11
1342.66
1345.33
1347.11
1348.01
981.76
999.13
1016.36
1033.43
1050.33
1067.04
1083.54
1099.80
1115.80
1131.53
1146.95
1162.06
1176.81
1191.20
1205.19
1218.76
1231.88
1244.52
1256.65
1268.25
1279.27
1289.70
1299.49
1308.62
1317.04
1324.74
1331.67
1337.81
1343.13
1347.60
1351.21
1353.93
1355.75
1356.66
986.14
1003.61
1020.95
1038.13
1055.15
1071.97
1088.58
1104.96
1121.08
1136.93
1152.48
1167.71
1182.60
1197.12
1211.24
1224.95
1238.21
1250.99
1263.26
1274.99
1286.16
1296.72
1306.65
1315.91
1324.46
1332.27
1339.31
1345.55
1350.96
1355.51
1359.18
1361.95
1363.80
1364.73
990.13
1007.69
1025.13
1042.42
1059.53
1076.46
1093.17
1109.66
1125.89
1141.86
1157.52
1172.87
1187.88
1202.53
1216.78
1230.61
1244.00
1256.91
1269.32
1281.18
1292.48
1303.17
1313.23
1322.61
1331.28
1339.20
1346.35
1352.68
1358.18
1362.80
1366.53
1369.35
1371.23
1372.17
993.72
1011.37
1028.89
1046.27
1063.48
1080.50
1097.31
1113.90
1130.23
1146.30
1162.07
1177.53
1192.65
1207.41
1221.78
1235.73
1249.24
1262.27
1274.80
1286.79
1298.21
1309.02
1319.19
1328.69
1337.47
1345.50
1352.75
1359.17
1364.75
1369.44
1373.23
1376.09
1378.00
1378.95
996.90
1014.63
1032.23
1049.69
1066.98
1084.09
1100.99
1117.66
1134.09
1150.25
1166.12
1181.68
1196.90
1211.76
1226.23
1240.29
1253.91
1267.05
1279.69
1291.79
1303.32
1314.25
1324.53
1334.13
1343.01
1351.14
1358.48
1364.99
1370.64
1375.39
1379.23
1382.13
1384.07
1385.04
999.67
1017.47
1035.14
1052.67
1070.03
1087.21
1104.19
1120.94
1137.45
1153.69
1169.65
1185.29
1200.60
1215.55
1230.12
1244.27
1257.99
1271.23
1283.97
1296.17
1307.80
1318.83
1329.21
1338.90
1347.88
1356.10
1363.51
1370.10
1375.81
1380.63
1384.52
1387.45
1389.42
1390.40
1002.02
1019.88
1037.61
1055.20
1072.63
1089.87
1106.91
1123.73
1140.31
1156.62
1172.65
1188.37
1203.75
1218.78
1233.43
1247.67
1261.47
1274.79
1287.62
1299.91
1311.63
1322.74
1333.20
1342.99
1352.04
1360.34
1367.83
1374.48
1380.25
1385.12
1389.05
1392.02
1394.00
1395.00
1003.95
1021.86
1039.64
1057.28
1074.75
1092.05
1109.15
1126.02
1142.66
1159.03
1175.12
1190.90
1206.35
1221.44
1236.16
1250.46
1264.33
1277.73
1290.63
1302.99
1314.78
1325.97
1336.50
1346.36
1355.48
1363.84
1371.39
1378.10
1383.92
1388.83
1392.80
1395.79
1397.80
1398.80
1005.46
1023.40
1041.22
1058.90
1076.41
1093.75
1110.89
1127.81
1144.49
1160.91
1177.04
1192.87
1208.37
1223.52
1238.29
1252.65
1266.57
1280.03
1292.98
1305.40
1317.25
1328.49
1339.09
1349.00
1358.18
1366.59
1374.18
1380.94
1386.80
1391.74
1395.74
1398.75
1400.78
1401.79
1006.53
1024.50
1042.35
1060.06
1077.60
1094.97
1112.14
1129.09
1145.80
1162.25
1178.42
1194.29
1209.82
1225.01
1239.82
1254.21
1268.18
1281.67
1294.67
1307.13
1319.02
1330.31
1340.94
1350.89
1360.11
1368.56
1376.19
1382.98
1388.87
1393.84
1397.85
1400.89
1402.92
1403.93
1007.18
1025.17
1043.03
1060.75
1078.32
1095.70
1112.89
1129.86
1146.59
1163.06
1179.25
1195.14
1210.70
1225.90
1240.73
1255.16
1269.14
1282.66
1295.69
1308.17
1320.09
1331.40
1342.06
1352.03
1361.28
1369.75
1377.40
1384.21
1390.12
1395.10
1399.13
1402.17
1404.21
1405.23
1007.40
1025.39
1043.26
1060.99
1078.55
1095.95
1113.14
1130.11
1146.85
1163.33
1179.53
1195.42
1210.99
1226.20
1241.04
1255.47
1269.46
1282.99
1296.02
1308.52
1320.45
1331.76
1342.43
1352.41
1361.66
1370.14
1377.81
1384.62
1390.53
1395.52
1399.55
1402.60
1404.64
1405.66
1007.18
1025.17
1043.03
1060.75
1078.32
1095.70
1112.89
1129.86
1146.59
1163.06
1179.25
1195.14
1210.69
1225.90
1240.73
1255.15
1269.14
1282.66
1295.68
1308.17
1320.09
1331.40
1342.06
1352.03
1361.27
1369.74
1377.40
1384.20
1390.11
1395.10
1399.13
1402.17
1404.21
1405.23
1006.53
1024.50
1042.35
1060.05
1077.60
1094.97
1112.14
1129.09
1145.80
1162.25
1178.42
1194.28
1209.82
1225.01
1239.81
1254.21
1268.17
1281.67
1294.67
1307.13
1319.02
1330.30
1340.94
1350.89
1360.11
1368.55
1376.19
1382.97
1388.86
1393.83
1397.85
1400.88
1402.91
1403.93
1005.45
1023.40
1041.21
1058.89
1076.41
1093.75
1110.89
1127.80
1144.48
1160.90
1177.04
1192.87
1208.37
1223.51
1238.28
1252.64
1266.56
1280.02
1292.97
1305.39
1317.24
1328.49
1339.08
1348.99
1358.17
1366.58
1374.18
1380.93
1386.79
1391.73
1395.73
1398.75
1400.77
1401.78
1003.95
1021.85
1039.63
1057.27
1074.75
1092.04
1109.14
1126.01
1142.65
1159.02
1175.11
1190.89
1206.34
1221.44
1236.15
1250.45
1264.32
1277.72
1290.62
1302.98
1314.77
1325.96
1336.49
1346.34
1355.47
1363.83
1371.38
1378.08
1383.91
1388.82
1392.78
1395.78
1397.78
1398.79
1002.01
1019.87
1037.60
1055.19
1072.62
1089.86
1106.90
1123.72
1140.30
1156.61
1172.64
1188.36
1203.74
1218.77
1233.42
1247.66
1261.45
1274.78
1287.61
1299.90
1311.61
1322.73
1333.19
1342.97
1352.03
1360.32
1367.81
1374.46
1380.24
1385.10
1389.03
1392.00
1393.99
1394.98
999.66
1017.46
1035.13
1052.66
1070.02
1087.20
1104.18
1120.93
1137.44
1153.68
1169.63
1185.28
1200.59
1215.54
1230.11
1244.26
1257.97
1271.21
1283.95
1296.16
1307.79
1318.81
1329.19
1338.89
1347.86
1356.08
1363.50
1370.08
1375.80
1380.61
1384.50
1387.43
1389.40
1390.38
996.89
1014.62
1032.22
1049.68
1066.97
1084.07
1100.97
1117.65
1134.08
1150.23
1166.10
1181.66
1196.88
1211.74
1226.22
1240.27
1253.89
1267.03
1279.67
1291.77
1303.30
1314.23
1324.51
1334.11
1342.99
1351.12
1358.46
1364.97
1370.62
1375.37
1379.21
1382.11
1384.05
1385.02
993.71
1011.36
1028.88
1046.26
1063.46
1080.48
1097.30
1113.88
1130.22
1146.28
1162.06
1177.52
1192.64
1207.39
1221.76
1235.71
1249.22
1262.25
1274.78
1286.77
1298.19
1309.00
1319.17
1328.67
1337.45
1345.48
1352.72
1359.15
1364.72
1369.42
1373.20
1376.06
1377.97
1378.93
990.12
1007.68
1025.12
1042.40
1059.52
1076.44
1093.16
1109.64
1125.88
1141.84
1157.51
1172.86
1187.86
1202.51
1216.76
1230.59
1243.98
1256.89
1269.29
1281.16
1292.46
1303.15
1313.20
1322.58
1331.25
1339.18
1346.32
1352.66
1358.15
1362.78
1366.50
1369.32
1371.20
1372.14
986.13
1003.60
1020.93
1038.12
1055.13
1071.95
1088.56
1104.94
1121.06
1136.91
1152.46
1167.69
1182.58
1197.10
1211.22
1224.93
1238.18
1250.96
1263.24
1274.97
1286.14
1296.70
1306.62
1315.88
1324.43
1332.24
1339.28
1345.52
1350.93
1355.48
1359.15
1361.92
1363.77
1364.70
981.74
999.11
1016.34
1033.41
1050.32
1067.02
1083.52
1099.78
1115.78
1131.51
1146.93
1162.03
1176.79
1191.18
1205.17
1218.73
1231.85
1244.49
1256.63
1268.22
1279.25
1289.67
1299.46
1308.59
1317.01
1324.71
1331.64
1337.78
1343.10
1347.57
1351.18
1353.90
1355.72
1356.63
976.98
994.23
1011.34
1028.30
1045.08
1061.67
1078.04
1094.17
1110.05
1125.64
1140.93
1155.90
1170.52
1184.76
1198.61
1212.03
1225.01
1237.50
1249.48
1260.93
1271.81
1282.09
1291.75
1300.73
1309.03
1316.60
1323.42
1329.46
1334.69
1339.08
1342.62
1345.29
1347.08
1347.97
971.84
988.96
1005.96
1022.79
1039.44
1055.90
1072.14
1088.14
1103.88
1119.33
1134.48
1149.31
1163.78
1177.88
1191.57
1204.84
1217.66
1230.00
1241.83
1253.13
1263.86
1273.99
1283.50
1292.35
1300.51
1307.96
1314.66
1320.59
1325.73
1330.04
1333.52
1336.14
1337.89
1338.76
966.33
983.33
1000.19
1016.89
1033.41
1049.73
1065.83
1081.68
1097.28
1112.59
1127.59
1142.26
1156.58
1170.53
1184.07
1197.18
1209.84
1222.02
1233.70
1244.84
1255.41
1265.39
1274.75
1283.46
1291.49
1298.80
1305.39
1311.21
1316.25
1320.48
1323.89
1326.46
1328.18
1329.04
960.46
977.32
994.04
1010.60
1026.98
1043.16
1059.11
1074.82
1090.27
1105.43
1120.27
1134.79
1148.95
1162.73
1176.11
1189.07
1201.56
1213.58
1225.09
1236.07
1246.49
1256.32
1265.52
1274.09
1281.98
1289.17
1295.63
1301.35
1306.29
1310.45
1313.79
1316.31
1317.99
1318.83
954.24
970.96
987.54
1003.95
1020.18
1036.21
1052.01
1067.57
1082.86
1097.86
1112.55
1126.90
1140.90
1154.52
1167.73
1180.52
1192.85
1204.70
1216.05
1226.86
1237.12
1246.79
1255.85
1264.27
1272.02
1279.08
1285.43
1291.03
1295.88
1299.95
1303.23
1305.70
1307.35
1308.17
947.69
964.26
980.68
996.95
1013.02
1028.89
1044.54
1059.93
1075.06
1089.90
1104.42
1118.61
1132.44
1145.89
1158.94
1171.55
1183.72
1195.40
1206.58
1217.23
1227.33
1236.84
1245.75
1254.02
1261.63
1268.57
1274.79
1280.29
1285.05
1289.04
1292.25
1294.66
1296.28
1297.09
940.81
957.22
973.49
989.60
1005.51
1021.22
1036.70
1051.93
1066.90
1081.57
1095.92
1109.94
1123.60
1136.88
1149.75
1162.20
1174.19
1185.70
1196.71
1207.20
1217.13
1226.49
1235.24
1243.37
1250.85
1257.65
1263.76
1269.15
1273.81
1277.72
1280.87
1283.24
1284.82
1285.61
933.61
949.86
965.97
981.91
997.66
1013.21
1028.52
1043.58
1058.37
1072.87
1087.05
1100.90
1114.39
1127.49
1140.19
1152.46
1164.28
1175.62
1186.47
1196.79
1206.56
1215.76
1224.36
1232.34
1239.68
1246.36
1252.35
1257.64
1262.21
1266.04
1269.12
1271.44
1272.99
1273.77
926.11
942.20
958.14
973.91
989.49
1004.86
1020.00
1034.89
1049.51
1063.83
1077.84
1091.51
1104.82
1117.75
1130.27
1142.37
1154.01
1165.19
1175.86
1186.01
1195.62
1204.66
1213.12
1220.96
1228.16
1234.72
1240.60
1245.78
1250.26
1254.01
1257.03
1259.30
1260.82
1261.58
918.32
934.23
950.00
965.60
981.01
996.20
1011.17
1025.88
1040.32
1054.47
1068.30
1081.79
1094.92
1107.67
1120.02
1131.94
1143.41
1154.41
1164.91
1174.90
1184.35
1193.24
1201.54
1209.24
1216.32
1222.74
1228.51
1233.60
1237.98
1241.66
1244.62
1246.85
1248.33
1249.07
910.25
925.99
941.57
956.99
972.22
987.24
1002.03
1016.56
1030.82
1044.79
1058.44
1071.75
1084.70
1097.27
1109.44
1121.18
1132.48
1143.31
1153.65
1163.47
1172.76
1181.49
1189.65
1197.21
1204.16
1210.46
1216.12
1221.11
1225.41
1229.01
1231.91
1234.09
1235.55
1236.27
901.91
917.47
932.87
948.11
963.16
978.00
992.60
1006.95
1021.03
1034.81
1048.28
1061.41
1074.18
1086.57
1098.56
1110.13
1121.25
1131.91
1142.08
1151.74
1160.87
1169.46
1177.47
1184.89
1191.71
1197.90
1203.44
1208.33
1212.55
1216.08
1218.92
1221.06
1222.48
1223.20
893.32
908.69
923.91
938.96
953.83
968.48
982.90
997.06
1010.95
1024.55
1037.84
1050.78
1063.37
1075.58
1087.39
1098.79
1109.74
1120.22
1130.23
1139.73
1148.71
1157.14
1165.01
1172.30
1178.99
1185.06
1190.50
1195.30
1199.43
1202.89
1205.68
1207.77
1209.17
1209.86
884.48
899.67
914.70
929.56
944.24
958.70
972.93
986.91
1000.62
1014.03
1027.13
1039.89
1052.30
1064.33
1075.96
1087.18
1097.95
1108.27
1118.11
1127.46
1136.28
1144.57
1152.30
1159.45
1166.02
1171.98
1177.31
1182.02
1186.07
1189.46
1192.19
1194.24
1195.61
1196.30
875.42
890.41
905.26
919.93
934.41
948.68
962.72
976.51
990.03
1003.26
1016.17
1028.75
1040.97
1052.82
1064.28
1075.32
1085.93
1096.08
1105.76
1114.94
1123.61
1131.75
1139.34
1146.37
1152.82
1158.66
1163.90
1168.51
1172.49
1175.81
1178.49
1180.50
1181.84
1182.51
866.15
880.95
895.59
910.07
924.36
938.44
952.29
965.89
979.21
992.25
1004.98
1017.37
1029.41
1041.08
1052.36
1063.23
1073.67
1083.65
1093.17
1102.20
1110.72
1118.72
1126.17
1133.07
1139.40
1145.14
1150.28
1154.80
1158.70
1161.96
1164.58
1166.55
1167.87
1168.52
856.68
871.28
885.72
900.01
914.10
927.98
941.64
955.04
968.18
981.03
993.57
1005.78
1017.64
1029.13
1040.23
1050.92
1061.19
1071.01
1080.37
1089.25
1097.62
1105.48
1112.80
1119.58
1125.79
1131.42
1136.46
1140.90
1144.72
1147.92
1150.49
1152.42
1153.71
1154.36
847.03
861.42
875.67
889.75
903.64
917.33
930.79
944.01
956.95
969.61
981.96
993.98
1005.66
1016.97
1027.90
1038.42
1048.52
1058.18
1067.38
1076.11
1084.34
1092.06
1099.25
1105.90
1112.00
1117.53
1122.47
1126.83
1130.58
1133.72
1136.24
1138.13
1139.40
1140.03
837.20
851.39
865.44
879.32
893.01
906.50
919.77
932.79
945.54
958.01
970.17
982.01
993.51
1004.64
1015.39
1025.74
1035.68
1045.18
1054.22
1062.80
1070.88
1078.47
1085.53
1092.07
1098.05
1103.48
1108.33
1112.60
1116.28
1119.36
1121.83
1123.69
1124.93
1125.55
827.23
841.21
855.05
868.73
882.22
895.51
908.58
921.40
933.96
946.24
958.22
969.87
981.19
992.14
1002.72
1012.91
1022.68
1032.02
1040.91
1049.33
1057.28
1064.73
1071.67
1078.08
1083.96
1089.29
1094.05
1098.24
1101.85
1104.87
1107.30
1109.12
1110.34
1110.94
817.12
830.89
844.53
858.00
871.29
884.38
897.25
909.87
922.24
934.33
946.12
957.59
968.72
979.50
989.91
999.92
1009.53
1018.71
1027.45
1035.74
1043.54
1050.86
1057.68
1063.98
1069.75
1074.98
1079.65
1083.76
1087.31
1090.27
1092.65
1094.44
1095.63
1096.22
806.89
820.45
833.87
847.14
860.23
873.12
885.78
898.22
910.39
922.29
933.89
945.18
956.13
966.73
976.97
986.82
996.27
1005.29
1013.88
1022.02
1029.69
1036.88
1043.58
1049.76
1055.43
1060.56
1065.15
1069.19
1072.66
1075.57
1077.90
1079.66
1080.83
1081.41
796.55
809.90
823.12
836.18
849.06
861.74
874.21
886.45
898.43
910.14
921.55
932.66
943.43
953.86
963.93
973.61
982.90
991.77
1000.21
1008.21
1015.75
1022.81
1029.39
1035.46
1041.02
1046.06
1050.57
1054.53
1057.94
1060.79
1063.08
1064.80
1065.95
1066.53
786.13
799.27
812.27
825.12
837.80
850.28
862.55
874.59
886.38
897.89
909.12
920.05
930.64
940.90
950.80
960.32
969.45
978.17
986.46
994.32
1001.73
1008.67
1015.12
1021.09
1026.55
1031.50
1035.92
1039.81
1043.16
1045.96
1048.20
1049.89
1051.02
1051.58
775.64
788.56
801.36
814.00
826.47
838.75
850.82
862.66
874.25
885.58
896.62
907.37
917.79
927.87
937.60
946.96
955.93
964.50
972.66
980.38
987.65
994.47
1000.81
1006.67
1012.03
1016.89
1021.23
1025.05
1028.33
1031.08
1033.29
1034.94
1036.05
1036.60
765.10
777.81
790.39
802.82
815.08
827.16
839.03
850.68
862.08
873.22
884.07
894.64
904.88
914.80
924.36
933.56
942.38
950.80
958.81
966.40
973.54
980.24
986.46
992.22
997.48
1002.25
1006.51
1010.26
1013.49
1016.19
1018.35
1019.98
1021.06
1021.60
754.53
767.02
779.39
791.61
803.67
815.54
827.21
838.66
849.87
860.82
871.50
881.88
891.95
901.69
911.09
920.14
928.80
937.08
944.95
952.40
959.42
965.99
972.11
977.76
982.93
987.61
991.80
995.48
998.64
1001.29
1003.42
1005.01
1006.08
1006.61
743.95
756.23
768.38
780.39
792.24
803.91
815.38
826.63
837.65
848.42
858.91
869.11
879.01
888.59
897.83
906.71
915.23
923.36
931.09
938.41
945.30
951.76
957.77
963.32
968.39
972.99
977.10
980.71
983.82
986.42
988.51
990.07
991.12
991.64
733.38
745.44
757.38
769.18
780.82
792.29
803.56
814.62
825.45
836.02
846.34
856.36
866.09
875.50
884.58
893.31
901.67
909.66
917.26
924.45
931.22
937.56
943.46
948.91
953.90
958.41
962.45
965.99
969.04
971.60
973.64
975.18
976.21
976.72
722.83
734.67
746.40
757.99
769.43
780.70
791.77
802.64
813.27
823.67
833.80
843.65
853.21
862.45
871.37
879.95
888.17
896.01
903.47
910.54
917.19
923.42
929.21
934.56
939.46
943.89
947.85
951.34
954.33
956.84
958.85
960.36
961.37
961.87
712.33
723.96
735.48
746.86
758.09
769.16
780.04
790.71
801.16
811.37
821.32
831.00
840.39
849.47
858.23
866.66
874.73
882.44
889.77
896.71
903.24
909.36
915.05
920.30
925.11
929.46
933.35
936.77
939.71
942.17
944.15
945.63
946.62
947.11
701.91
713.32
724.62
735.80
746.83
757.70
768.38
778.86
789.12
799.15
808.93
818.44
827.66
836.58
845.19
853.46
861.39
868.96
876.16
882.98
889.39
895.40
900.99
906.15
910.87
915.15
918.97
922.32
925.21
927.63
929.57
931.02
931.99
932.48
691.58
702.77
713.87
724.84
735.67
746.33
756.82
767.11
777.19
787.04
796.64
805.98
815.04
823.80
832.26
840.38
848.17
855.61
862.68
869.37
875.68
881.58
887.07
892.14
896.77
900.97
904.72
908.02
910.85
913.23
915.13
916.56
917.51
917.99
681.36
692.34
703.23
713.99
724.62
735.09
745.39
755.50
765.39
775.06
784.49
793.66
802.56
811.17
819.47
827.45
835.10
842.41
849.35
855.93
862.12
867.91
873.30
878.28
882.84
886.96
890.64
893.88
896.67
899.00
900.86
902.27
903.20
903.67
671.28
682.05
692.73
703.30
713.72
724.00
734.11
744.03
753.75
763.24
772.50
781.51
790.25
798.70
806.85
814.69
822.21
829.38
836.20
842.66
848.74
854.43
859.73
864.62
869.09
873.14
876.76
879.94
882.68
884.96
886.80
888.18
889.10
889.56
661.36
671.93
682.40
692.77
703.00
713.08
723.01
732.74
742.28
751.61
760.70
769.54
778.12
786.42
794.43
802.14
809.52
816.56
823.26
829.61
835.58
841.17
846.37
851.18
855.57
859.55
863.10
866.23
868.91
871.16
872.96
874.32
875.22
875.67
651.62
661.99
672.26
682.43
692.47
702.37
712.10
721.66
731.03
740.18
749.11
757.79
766.22
774.37
782.24
789.81
797.06
803.98
810.56
816.79
822.66
828.15
833.26
837.98
842.30
846.21
849.70
852.77
855.41
857.62
859.39
860.72
861.61
862.05
642.10
652.26
662.34
672.31
682.16
691.88
701.43
710.82
720.01
729.00
737.76
746.29
754.57
762.58
770.30
777.74
784.86
791.66
798.13
804.25
810.01
815.41
820.43
825.07
829.31
833.15
836.58
839.60
842.19
844.36
846.10
847.41
848.28
848.72
632.81
642.77
652.66
662.44
672.11
681.64
691.02
700.23
709.26
718.08
726.69
735.07
743.20
751.06
758.65
765.95
772.95
779.64
785.99
792.01
797.67
802.98
807.91
812.47
816.64
820.41
823.78
826.75
829.30
831.43
833.14
834.42
835.28
835.71
623.78
633.55
643.24
652.84
662.33
671.68
680.89
689.93
698.79
707.46
715.92
724.15
732.13
739.86
747.32
754.49
761.37
767.94
774.18
780.10
785.67
790.88
795.73
800.21
804.31
808.02
811.33
814.25
816.75
818.85
820.53
821.80
822.64
823.06
615.03
624.61
634.12
643.54
652.85
662.03
671.07
679.95
688.66
697.17
705.48
713.56
721.41
729.00
736.33
743.38
750.14
756.60
762.74
768.55
774.03
779.16
783.93
788.33
792.36
796.01
799.27
802.13
804.60
806.66
808.31
809.56
810.38
810.80
606.59
615.99
625.32
634.56
643.70
652.72
661.59
670.32
678.87
687.23
695.39
703.34
711.05
718.52
725.72
732.66
739.30
745.65
751.69
757.41
762.79
767.83
772.53
776.86
780.82
784.41
787.62
790.44
792.86
794.89
796.52
797.74
798.55
798.96
598.48
607.71
616.86
625.94
634.91
643.77
652.49
661.06
669.46
677.68
685.70
693.51
701.10
708.44
715.53
722.34
728.88
735.13
741.07
746.69
751.99
756.95
761.57
765.83
769.73
773.26
776.42
779.19
781.58
783.58
785.18
786.38
787.18
787.58
590.73
599.79
608.78
617.69
626.51
635.21
643.78
652.20
660.46
668.54
676.43
684.11
691.57
698.80
705.77
712.48
718.91
725.06
730.90
736.44
741.65
746.54
751.08
755.28
759.12
762.60
765.71
768.44
770.79
772.75
774.33
775.51
776.30
776.70
583.37
592.26
601.10
609.85
618.51
627.07
635.49
643.78
651.90
659.85
667.61
675.17
682.51
689.62
696.49
703.09
709.42
715.48
721.23
726.68
731.82
736.63
741.11
745.24
749.03
752.45
755.51
758.20
760.52
762.45
764.01
765.17
765.95
766.34
576.41
585.15
593.83
602.44
610.96
619.37
627.66
635.81
643.81
651.63
659.28
666.72
673.95
680.95
687.71
694.21
700.45
706.42
712.09
717.46
722.52
727.26
731.67
735.75
739.48
742.85
745.87
748.52
750.81
752.72
754.25
755.40
756.16
756.55
569.88
578.48
587.02
595.49
603.87
612.15
620.31
628.34
636.21
643.92
651.45
658.78
665.90
672.80
679.46
685.88
692.03
697.91
703.50
708.80
713.79
718.46
722.81
726.83
730.51
733.84
736.82
739.43
741.69
743.57
745.08
746.21
746.97
747.35
563.81
572.27
580.68
589.02
597.27
605.43
613.47
621.37
629.13
636.73
644.15
651.38
658.41
665.21
671.79
678.11
684.18
689.98
695.50
700.73
705.65
710.27
714.56
718.53
722.16
725.45
728.38
730.97
733.19
735.05
736.54
737.66
738.41
738.78
558.21
566.54
574.83
583.05
591.18
599.23
607.15
614.95
622.61
630.11
637.43
644.56
651.50
658.21
664.70
670.95
676.94
682.67
688.12
693.28
698.15
702.70
706.95
710.86
714.45
717.70
720.60
723.15
725.35
727.19
728.66
729.77
730.51
730.88
