0.020504
0.022662
0.024820
0.026978
0.029137
0.031295
0.033453
0.035612
0.037770
0.039928
0.042086
0.044245
0.046403
0.048561
0.050719
0.052878
0.055036
0.057194
0.059353
0.061511
0.063669
0.065827
0.067986
0.070144
0.072302
0.074460
0.076619
0.078777
0.080935
0.083094
0.085252
0.087410
0.089568
0.091727
0.093885
0.096043
0.098201
0.100360
0.102518
0.104676
0.106835
0.108993
0.111151
0.113309
0.115468
0.117626
0.119784
0.121942
0.124101
0.126259
0.128417
0.130576
0.132734
0.134892
0.137050
0.139209
0.141367
0.143525
0.145683
0.147842
0.150000
0.152158
0.154317
0.156475
0.158633
0.160791
0.162950
0.165108
0.167266
0.169424
0.171583
0.173741
0.175899
0.178058
0.180216
0.182374
0.184532
0.186691
0.188849
0.191007
0.193165
0.195324
0.197482
0.199640
0.201799
0.203957
0.206115
0.208273
0.210432
0.212590
0.214748
0.216906
0.219065
0.221223
0.223381
0.225540
0.227698
0.229856
0.232014
0.234173
0.236331
0.238489
0.240647
0.242806
0.244964
0.247122
0.249281
0.251439
0.253597
0.255755
0.257914
0.260072
0.262230
0.264388
0.266547
0.268705
0.270863
0.273022
0.275180
0.277338
0.279496
